"自治体コード","行番号","都道府県名","市区町村名","営業施設名称、屋号又は商号","営業施設名称、屋号又は商号（フリガナ）","営業の種類","業態","営業施設所在地","営業施設方書","緯度","経度","営業施設電話番号","法人名","法人番号","法人住所","許可番号","初回許可年月日","許可年月日","許可開始日","許可満了日","廃業年月日","申請区分","許可条件","備考"
"013114","fBiz00000108410000000051","東京都","中野区","FASTGYM24中野新橋","ファストジムトゥエンティーフォーナカノシンバシ","⑫ 自動販売機による販売業（コップ式自動販売機（自動洗浄・屋内設置）及び営業許可の対象となる自動販売機を除く）","","東京都中野区弥生町2-18-6","",35.690842,139.674402,"","株式会社朋コーポレーション","1010601025096","東京都墨田区錦糸１丁目２番１号アルカセントラル５階","","","","","","","届出","",""
"013114","fBiz00000108410000000052","東京都","中野区","コナミスポーツクラブ中野富士見町","コナミスポーツクラブナカノフジミチョウ","⑫ 自動販売機による販売業（コップ式自動販売機（自動洗浄・屋内設置）及び営業許可の対象となる自動販売機を除く）","","東京都中野区弥生町2-53-6","",35.691232,139.670202,"0353423855","株式会社朋コーポレーション","1010601025096","東京都墨田区錦糸１丁目２番１号アルカセントラル５階","","","","","","","届出","",""
"013114","fBiz00000108410000000053","東京都","中野区","FASTGYM24沼袋","ファストジムトゥエンティーフォーヌマブクロ","⑫ 自動販売機による販売業（コップ式自動販売機（自動洗浄・屋内設置）及び営業許可の対象となる自動販売機を除く）","","東京都中野区沼袋1-7-7　	 1～3階","","","","0353185331","株式会社朋コーポレーション","1010601025096","東京都墨田区錦糸１丁目２番１号アルカセントラル５階","","","","","","","届出","",""
"013114","fBiz00000108410000000054","東京都","中野区","FASTGYM24野方","ファストジムトゥエンティーフォーノガタ","⑫ 自動販売機による販売業（コップ式自動販売機（自動洗浄・屋内設置）及び営業許可の対象となる自動販売機を除く）","","東京都中野区野方5-32-2　1～2階","",35.719846,139.652237,"0353275331","株式会社朋コーポレーション","1010601025096","東京都墨田区錦糸１丁目２番１号アルカセントラル５階","","","","","","","届出","",""
"013114","fBiz00000108410000000055","東京都","中野区","FASTGYM24東中野","ファストジムトゥエンティーフォーヒガシナカノ","⑫ 自動販売機による販売業（コップ式自動販売機（自動洗浄・屋内設置）及び営業許可の対象となる自動販売機を除く）","","東京都中野区東中野1-45-5","日ノ出ビル1階",35.704900,139.685843,"0353376222","株式会社朋コーポレーション","1010601025096","東京都墨田区錦糸１丁目２番１号アルカセントラル５階","","","","","","","届出","",""
"013114","fBiz00000108410000000056","東京都","中野区","FASTGYM24新井薬師前","ファストジムトゥエンティーフォーアライヤクシマエ","⑫ 自動販売機による販売業（コップ式自動販売機（自動洗浄・屋内設置）及び営業許可の対象となる自動販売機を除く）","","東京都中野区上高田3-39-14 ","タカノ薬師ビル3階",35.715311,139.672030,"03-5343-7970","株式会社朋コーポレーション","1010601025096","東京都墨田区錦糸１丁目２番１号アルカセントラル５階","","","","","","","届出","",""
"013114","fBiz00000108410000000057","東京都","中野区","ティップネス中野","ティップネスナカノ","⑫ 自動販売機による販売業（コップ式自動販売機（自動洗浄・屋内設置）及び営業許可の対象となる自動販売機を除く）","","東京都中野区中野2-25-6","1階",35.705222,139.666245,"03-3383-3531","株式会社朋コーポレーション","1010601025096","東京都墨田区錦糸１丁目２番１号アルカセントラル５階","","","","","","","届出","",""
"013114","fBiz00000108410000000058","東京都","中野区","ティップネス中野","ティップネスナカノ","⑫ 自動販売機による販売業（コップ式自動販売機（自動洗浄・屋内設置）及び営業許可の対象となる自動販売機を除く）","","東京都中野区中野2-25-6","3階",35.705222,139.666245,"03-3383-3531","株式会社朋コーポレーション","1010601025096","東京都墨田区錦糸１丁目２番１号アルカセントラル５階","","","","","","","届出","",""
"013114","fBiz00000108410000000085","東京都","中野区","西武フィットネス emifit 鷺ノ宮","セイブフィットネスエミフィットサギノミヤ","⑤ コップ式自動販売機（自動洗浄・屋内設置）","","東京都中野区白鷺１丁目２８−６","エミリブ鷺ノ宮 1階",35.721131,139.637147,"03-3330-2131","株式会社朋コーポレーション","1010601025096","東京都墨田区錦糸１丁目２番１号アルカセントラル５階","","","","","","","届出","",""
"013114","fBiz00000108410000000216","東京都","中野区","ティップネス中野","ティップネスナカノ","⑫ 自動販売機による販売業（コップ式自動販売機（自動洗浄・屋内設置）及び営業許可の対象となる自動販売機を除く）","","東京都中野区中野2-25-6","",35.705222,139.666245,"03-3383-3531","株式会社朋コーポレーション","1010601025096","東京都墨田区錦糸１丁目２番１号アルカセントラル５階","","","","","","","届出","",""
"013114","fBiz00000114570000000102","東京都","中野区","ローソンストア１００　中野中央店","ローソンストアヒャク　ナカノチュウオウテン","⑩ コンビニエンスストア","コンビニエンスストア","東京都中野区中央一丁目21番2号","YSビル1階",35.696798,139.686360,"0353488699","株式会社ローソンストア１００","1010701028684","神奈川県川崎市幸区大宮町1310番","","","","","","","届出","",""
"013114","fBiz00000114570000000103","東京都","中野区","ローソンストア１００　野方店","ローソンストアヒャク　ノガタテン","⑩ コンビニエンスストア","コンビニエンスストア","東京都中野区野方六丁目50番10号","",35.723250,139.651205,"0333369930","株式会社ローソンストア１００","1010701028684","神奈川県川崎市幸区大宮町1310番","","","","","","","届出","",""
"013114","fBiz00000115920000000406","東京都","中野区","カルディコーヒーファーム　中野マルイ店","カルディコーヒーファーム　ナカノマルイテン","⑬ その他の食料・飲料販売業","小売業","東京都中野区中野三丁目34番28号","中野マルイ2F",35.704700,139.665041,"03-5342-0337","株式会社キャメル珈琲","6010901003292","東京都世田谷区代田2-31-8","","","","","","","届出","",""
"013114","fBiz00000121800000000002","東京都","中野区","","","㉖ 集団給食施設","調理業務を施設従事者が実施し、給食を提供する施設","","","","","","","","","","","","","","","届出","",""
"013114","fBiz00000129180000001919","東京都","中野区","ダイソー　ユニゾンモール東中野店","ダイソー　ユニゾンモールヒガシナカノテン","⑬ その他の食料・飲料販売業","","東京都中野区東中野５－１－１","ユニゾンモール東中野１階",35.706673,139.687288,"","株式会社大創産業","7240001022681","広島県東広島市西条吉行東一丁目４番１４号","","","","","","","届出","",""
"013114","fBiz00000132650000000016","東京都","中野区","にじいろ保育園鷺ノ宮","ニジイロホイクエンサギノミヤ","㉖ 集団給食施設","認可保育園施設","東京都中野区鷺宮3丁目44番7号","エトワール鷺宮1.２階",35.725697,139.641315,"03-5327-8202","ライクキッズ株式会社","7021001004691","東京都渋谷区道玄坂一丁目12番1号　渋谷マークシティウェスト","","","","","","","届出","",""
"013114","fBiz00000835350000002368","東京都","中野区","","","⑬ その他の食料・飲料販売業","小売業（無人販売用冷凍庫）","","","","","","","","","","","","","","","届出","",""
"013114","fBiz00000132650000000018","東京都","中野区","にじいろ保育園中野","ニジイロホイクエンナカノ","㉖ 集団給食施設","認可保育園施設","東京都中野区中央五丁目48番2号","",35.701496,139.665208,"03-6382-8492","ライクキッズ株式会社","7021001004691","東京都渋谷区道玄坂一丁目12番1号　渋谷マークシティウェスト","","","","","","","届出","",""
"013114","fBiz00000132650000000020","東京都","中野区","にじいろ保育園上高田","ニジイロホイクエンカミタカダ","㉖ 集団給食施設","認可保育園施設","東京都中野区上高田一丁目17番5番","",35.710575,139.677591,"03-5942-9972","ライクキッズ株式会社","7021001004691","東京都渋谷区道玄坂一丁目12番1号　渋谷マークシティウェスト","","","","","","","届出","",""
"013114","fBiz00000139870000000276","東京都","中野区","FASTGYM24　都立家政","ファストジムトリツカセイ","⑫ 自動販売機による販売業（コップ式自動販売機（自動洗浄・屋内設置）及び営業許可の対象となる自動販売機を除く）","","東京都中野区鷺宮1-17-3　2階","",35.722669,139.644853,"03-5356-0231","株式会社ドクターズ・マン","5010401058417","神奈川県横浜市青葉区美しが丘2-14-5","","","","","","","届出","",""
"013114","fBiz00000139870000000290","東京都","中野区","アリゾナジム24","アリゾナジム","⑫ 自動販売機による販売業（コップ式自動販売機（自動洗浄・屋内設置）及び営業許可の対象となる自動販売機を除く）","","東京都中野区野方5-29-1","野方同洋ビル3階",35.718876,139.652716,"","株式会社ドクターズ・マン","5010401058417","神奈川県横浜市青葉区美しが丘2-14-5","","","","","","","届出","",""
"013114","fBiz00000139870000000312","東京都","中野区","FASTGYM24　鷺ノ宮","ファストジムサギノミヤ","⑫ 自動販売機による販売業（コップ式自動販売機（自動洗浄・屋内設置）及び営業許可の対象となる自動販売機を除く）","","東京都中野区鷺宮3-18-2　2階","",35.723097,139.639092,"03-5356-1822","株式会社ドクターズ・マン","5010401058417","神奈川県横浜市青葉区美しが丘2-14-5","","","","","","","届出","",""
"013114","fBiz00000144890000000251","東京都","中野区","キッチンオリジン　中野店","キッチンオリジン　ナカノテン","⑬ その他の食料・飲料販売業","弁当店","東京都中野区新井一丁目26番4号","",35.712201,139.665865,"03-3228-1647","オリジン東秀株式会社","3012401007462","東京都調布市調布ケ丘一丁目１８番地１　ＫＤＸ調布ビル５階","","","","","","","届出","",""
"013114","fBiz00000144890000000252","東京都","中野区","キッチンオリジン　中野新井店","キッチンオリジン　ナカノアライテン","⑬ その他の食料・飲料販売業","弁当店","東京都中野区新井二丁目32番1号","",35.710067,139.662328,"03-3386-6183","オリジン東秀株式会社","3012401007462","東京都調布市調布ケ丘一丁目１８番地１　ＫＤＸ調布ビル５階","","","","","","","届出","",""
"013114","fBiz00000144890000000254","東京都","中野区","キッチンオリジン　鷺宮店","キッチンオリジン　サギノミヤテン","⑬ その他の食料・飲料販売業","弁当店","東京都中野区鷺宮四丁目1番13号","吉田ビル１階",35.722972,139.637953,"03-3223-6740","オリジン東秀株式会社","3012401007462","東京都調布市調布ケ丘一丁目１８番地１　ＫＤＸ調布ビル５階","","","","","","","届出","",""
"013114","fBiz00000144890000000255","東京都","中野区","キッチンオリジン新中野店","キッチンオリジンシンナカノテン","⑬ その他の食料・飲料販売業","弁当店","東京都中野区中央四丁目1番4号","",35.697695,139.670291,"03-5342-3271","オリジン東秀株式会社","3012401007462","東京都調布市調布ケ丘一丁目１８番地１　ＫＤＸ調布ビル５階","","","","","","","届出","",""
"013114","fBiz00000144890000000257","東京都","中野区","キッチンオリジン中野新橋駅前店","キッチンオリジンナカノシンバシエキマエテン","⑬ その他の食料・飲料販売業","弁当店","東京都中野区本町五丁目3番8号 ","中野新橋ビル1階",35.693479,139.674338,"03-5342-3271","オリジン東秀株式会社","3012401007462","東京都調布市調布ケ丘一丁目１８番地１　ＫＤＸ調布ビル５階","","","","","","","届出","",""
"013114","fBiz00000144890000000258","東京都","中野区","キッチンオリジン　中野南台店","キッチンオリジン　ナカノミナミダイテン","⑬ その他の食料・飲料販売業","弁当店","東京都中野区弥生町四丁目25番1号","ブルーマリンST　1階",35.686436,139.669225,"03-5328-3041","オリジン東秀株式会社","3012401007462","東京都調布市調布ケ丘一丁目１８番地１　ＫＤＸ調布ビル５階","","","","","","","届出","",""
"013114","fBiz00000144890000000259","東京都","中野区","オリジン弁当　中野坂上店","オリジンベントウ　ナカノサカウエテン","⑬ その他の食料・飲料販売業","弁当店","東京都中野区中央二丁目31番8号","糠信ビル　1階",35.697607,139.678914,"03-5348-7031","オリジン東秀株式会社","3012401007462","東京都調布市調布ケ丘一丁目１８番地１　ＫＤＸ調布ビル５階","","","","","","","届出","",""
"013114","fBiz00000144890000000260","東京都","中野区","れんげ食堂Toshu　中野新橋店","レンゲトウシュウ　ナカノシンバシテン","⑬ その他の食料・飲料販売業","弁当店","東京都中野区弥生町二丁目27番7号","中新日卓ハイツ　1階",35.692128,139.674143,"03-3383-9038","オリジン東秀株式会社","3012401007462","東京都調布市調布ケ丘一丁目１８番地１　ＫＤＸ調布ビル５階","","","","","","","届出","",""
"013114","fBiz00000144890000000261","東京都","中野区","キッチンオリジン　沼袋店","キッチンオリジン　ヌマブクロテン","⑬ その他の食料・飲料販売業","弁当店","東京都中野区沼袋一丁目37番5号","",35.720391,139.663130,"03-5942-6052","オリジン東秀株式会社","3012401007462","東京都調布市調布ケ丘一丁目１８番地１　ＫＤＸ調布ビル５階","","","","","","","届出","",""
"013114","fBiz00000144890000000347","東京都","中野区","キッチンオリジン　野方店","キッチンオリジンノガタテン","⑬ その他の食料・飲料販売業","弁当店","東京都中野区野方六丁目17番5号","",35.722779,139.652805,"03-3223-9701","オリジン東秀株式会社","3012401007462","東京都調布市調布ケ丘一丁目１８番地１　ＫＤＸ調布ビル５階","","","","","","","届出","",""
"013114","fBiz00000146310000000233","東京都","中野区","スターバックスコーヒー中野セントラルパーク店","スターバックスコーヒーナカノセントラルパークテン","⑬ その他の食料・飲料販売業","喫茶店","東京都中野区中野4-10-2中野","中野セントラルパークハウス1階",35.707005,139.661694,"03-5860-0365","スターバックスコーヒージャパン株式会社","7011001031943","東京都品川区上大崎2-25-2","","","","","","","届出","",""
"013114","fBiz00000146310000000254","東京都","中野区","スターバックスコーヒー中野坂上メトロピア店","スターバックスコーヒーナカノサカウエメトロピアテン","⑬ その他の食料・飲料販売業","喫茶店","東京都中野区本町2-48-2","丸の内線中野坂上駅構内",35.696758,139.680878,"03-5354-3740","スターバックスコーヒージャパン株式会社","7011001031943","東京都品川区上大崎2-25-2","","","","","","","届出","",""
"013114","fBiz00000835350000002369","東京都","中野区","","","⑬ その他の食料・飲料販売業","小売業（無人販売用冷凍庫）","","","","","","","","","","","","","","","届出","",""
"013114","fBiz00000146310000000316","東京都","中野区","スターバックスコーヒー中野通り店","スターバックスコーヒーナカノドオリテン","⑬ その他の食料・飲料販売業","喫茶店","東京都中野区中野5-64-5","",35.706882,139.665440,"03-3388-2980","スターバックスコーヒージャパン株式会社","7011001031943","東京都品川区上大崎2-25-2","","","","","","","届出","",""
"013114","fBiz00000149710000000019","東京都","中野区","ジュピター　野方店","ジュピター　ノガタテン","⑪ 百貨店、総合スーパー","","東京都中野区野方5-33-2","塚原ビル１階",35.719714,139.651191,"","","","","","","","","","","届出","",""
"013114","fBiz00000151980000000003","東京都","中野区","","","⑬ その他の食料・飲料販売業","卸売り業","東京都中野区東中野5-16-1","",35.709100,139.689761,"03-6679-9918","","","","","","","","","","届出","",""
"013114","fBiz00000156860000000039","東京都","中野区","和泉家吉之助","イズミヤキチノスケ","⑥ 弁当販売業","小売","東京都中野区中野3-34-28","中野マルイ店　",35.704700,139.665041,"0120-141-238","株式会社イーモーション","2010601039161","東京都江東区有明１丁目４番１１－１３３２号","","","","","","","届出","",""
"013114","fBiz00000160960000000006","東京都","中野区","太陽の子中野桜花保育園","タイヨウノコナカノオウカホイクエン","㉖ 集団給食施設","給食施設","東京都中野区中野2-14-11","",35.704652,139.669197,"03-5340-7086","HITOWAキッズライフ株式会社","8013301017398","東京都港区港南二丁目１５番３号","","","","","","","届出","",""
"013114","fBiz00000160960000000053","東京都","中野区","太陽の子　中野中央保育園","タイヨウノコ　ナカノチュウオウホイクエン","㉖ 集団給食施設","給食施設","東京都中野区中央1-13-8","大橋セントラルビル2階",35.701352,139.686517,"03-5332-5977","HITOWAキッズライフ株式会社","8013301017398","東京都港区港南二丁目１５番３号","","","","","","","届出","",""
"013114","fBiz00000169150000000071","東京都","中野区","島忠ホームセンター中野店","シマチュウホームセンターナカノテン","⑬ その他の食料・飲料販売業","ホームセンター","東京都中野区中野2-10-11","",35.705033,139.672252,"03-5342-6311","株式会社島忠","1030001004269","埼玉県さいたま市中央区上落合8-3-32","","","","","","","届出","",""
"013114","fBiz00000179330000000108","東京都","中野区","クリエイトS・D中野上鷺宮店","クリエイトエス・ディーナカノカミサギノミヤテン","⑪ 百貨店、総合スーパー","","東京都中野区上鷺宮2-10-10","",35.727522,139.633075,"03-3577-9516","株式会社クリエイトエス・ディー","9020001035423","神奈川県横浜市青葉区荏田西二丁目3番地2","","","","","","","届出","",""
"013114","fBiz00000181820000000064","東京都","中野区","株式会社マルエツ大和町店","カブシキガイシャマルエツヤマトチョウテン","⑪ 百貨店、総合スーパー","総合スーパー","東京都中野区大和町一丁目4番2号","白鳳ビル1階",35.709839,139.652739,"03-3310-4721","株式会社マルエツ","8013301012770","東京都豊島区東池袋５丁目５１番１２号","","","","","","","届出","",""
"013114","fBiz00000181820000000066","東京都","中野区","株式会社マルエツ中野新橋店","カブシキガイシャマルエツナカノシンバシテン","⑪ 百貨店、総合スーパー","総合スーパー","東京都中野区弥生町二丁目5番6号","",35.691689,139.676355,"03-3374-7739","株式会社マルエツ","8013301012770","東京都豊島区東池袋５丁目５１番１２号","","","","","","","届出","",""
"013114","fBiz00000181820000000178","東京都","中野区","株式会社マルエツ中野若宮店","カブシキガイシャマルエツナカノワカミヤテン","⑪ 百貨店、総合スーパー","総合スーパー","東京都中野区若宮二丁目42番1号","",35.716742,139.641941,"03-5373-5601","株式会社マルエツ","8013301012770","東京都豊島区東池袋５丁目５１番１２号","","","","","","","届出","",""
"013114","fBiz00000181820000000190","東京都","中野区","マルエツ新江古田駅前店","マルエツシンエコダエキマエテン","⑪ 百貨店、総合スーパー","総合スーパー","東京都中野区江原町二丁目30番6号","",35.732335,139.670441,"03-3953-0863","株式会社マルエツ","8013301012770","東京都豊島区東池袋５丁目５１番１２号","","","","","","","届出","",""
"013114","fBiz00000181820000000204","東京都","中野区","マルエツ都立家政駅前店","マルエツトリツカセイエキマエテン","⑪ 百貨店、総合スーパー","総合スーパー","東京都中野区鷺宮一丁目17番7号","",35.722634,139.644393,"03-3310-0335","株式会社マルエツ","8013301012770","東京都豊島区東池袋５丁目５１番１２号","","","","","","","届出","",""
"013114","fBiz00000190730000000109","東京都","中野区","ライフ中野坂上店","ライフナカノサカウエテン","⑫ 自動販売機による販売業（コップ式自動販売機（自動洗浄・屋内設置）及び営業許可の対象となる自動販売機を除く）","自動販売機","東京都中野区中央1-36-3","",35.697018,139.684408,"","株式会社ウォーターワン","7010801016625","広島県広島市西区庚午北４丁目２番１３号","","","","","","","届出","",""
"013114","fBiz00000190730000000205","東京都","中野区","京王ストアキッチンコート東中野店","ケイオウストアキッチンコートヒガシナカノテン","⑫ 自動販売機による販売業（コップ式自動販売機（自動洗浄・屋内設置）及び営業許可の対象となる自動販売機を除く）","自動販売機","東京都中野区東中野5-1-1","",35.706673,139.687288,"03-5348-2201","株式会社ウォーターワン","7010801016625","広島県広島市西区庚午北４丁目２番１３号","","","","","","","届出","",""
"013114","fBiz00000192390000000007","東京都","中野区","モニカ新中野園","モニカシンナカノエン","㉖ 集団給食施設","集団給食","東京都中野区中央4-7-14","",35.698343,139.668627,"0363828871","株式会社モニカ","6120001131628","東京都港区新橋二丁目12番16号","","","","","","","届出","",""
"013114","fBiz00000194280000000060","東京都","中野区","スギドラッグ　中野中央店","スギドラッグ　ナカノチュウオウテン","⑬ その他の食料・飲料販売業","ドラッグストア","東京都中野区中央一丁目21番4号　","ノーザビル1階",35.696748,139.685917,"0369088354	","株式会社スギ薬局","7180301016951","愛知県安城市三河安城町一丁目8番地4","","","","","","","届出","",""
"013114","fBiz00000194280000000796","東京都","中野区","スギドラッグ 新井薬師店","スギドラッグ  アライヤクシテン","⑪ 百貨店、総合スーパー","ドラッグストア","東京都中野区新井5丁目1番3号","パステル中野1階",35.713481,139.668129,"03-5345-7011","株式会社スギ薬局","7180301016951","愛知県安城市三河安城町一丁目8番地4","","","","","","","届出","",""
"013114","fBiz00000194280000000838","東京都","中野区","スギドラッグ  中野坂上店","スギドラッグ  ナカノサカウエテン","⑪ 百貨店、総合スーパー","ドラッグストア","東京都中野区本町一丁目32番28号","石森ビル1階",35.696491,139.684173,"03-6276-2367","株式会社スギ薬局","7180301016951","愛知県安城市三河安城町一丁目8番地4","","","","","","","届出","",""
"013114","fBiz00000194280000000839","東京都","中野区","スギドラッグ  鷺宮店","スギドラッグ  サギノミヤテン","⑪ 百貨店、総合スーパー","ドラッグストア","東京都中野区鷺宮三丁目46番12号","グランドハウス鷺宮1階",35.725993,139.639749,"03-6265-5991","株式会社スギ薬局","7180301016951","愛知県安城市三河安城町一丁目8番地4","","","","","","","届出","",""
"013114","fBiz00000194280000000853","東京都","中野区","スギドラッグ  新井薬師駅前店","スギドラッグ  アライヤクシエキマエテン","⑪ 百貨店、総合スーパー","ドラッグストア","東京都中野区新井五丁目17番12号","新井薬師ビル1階",35.715317,139.670521,"03-5942-8320","株式会社スギ薬局","7180301016951","愛知県安城市三河安城町一丁目8番地4","","","","","","","届出","",""
"013114","fBiz00000194280000000861","東京都","中野区","スギドラッグ  中野駅北店","スギドラッグ  ナカノエキキタテン","⑪ 百貨店、総合スーパー","ドラッグストア","東京都中野区新井一丁目1番5号","中央マンション1階",35.710177,139.669544,"03-6454-0851","株式会社スギ薬局","7180301016951","愛知県安城市三河安城町一丁目8番地4","","","","","","","届出","",""
"013114","fBiz00000194280000000865","東京都","中野区","スギドラッグ  南台三丁目店","スギドラッグ  ミナミダイサンチョウメテン","⑪ 百貨店、総合スーパー","ドラッグストア","東京都中野区南台三丁目23番7号","堀第2南台ビル1階",35.685846,139.666858,"03-6382-6181","株式会社スギ薬局","7180301016951","愛知県安城市三河安城町一丁目8番地4","","","","","","","届出","",""
"013114","fBiz00000194280000000866","東京都","中野区","スギドラッグ  中野鍋横店","スギドラッグ  ナカノナベヨコテン","⑪ 百貨店、総合スーパー","ドラッグストア","東京都中野区本町四丁目30番12号","ITK鍋横1階",35.696110,139.670094,"03-6382-8501","株式会社スギ薬局","7180301016951","愛知県安城市三河安城町一丁目8番地4","","","","","","","届出","",""
"013114","fBiz00000194280000001288","東京都","中野区","スギ薬局  中野南口店","スギヤッキョク ナカノミナミグチテン","⑬ その他の食料・飲料販売業","ドラッグストア","東京都中野区中野三丁目33番18号","フェルテ中野１階",35.702953,139.665281,"03-6382-4711","株式会社スギ薬局","7180301016951","愛知県安城市三河安城町一丁目8番地4","","","","","","","届出","",""
"013114","fBiz00000194280000001384","東京都","中野区","スギドラッグ　中野南台店","スギドラッグ　ナカノミナミダイテン","⑪ 百貨店、総合スーパー","ドラッグストア","東京都中野区南台一丁目1番14号","サンハイツ１階",35.687045,139.677119,"03-6300-6091","株式会社スギ薬局","7180301016951","愛知県安城市三河安城町一丁目8番地4","","","","","","","届出","",""
"013114","fBiz00000194280000001419","東京都","中野区","スギドラッグ　中野大久保通り店","スギドラッグ　ナカノオクボドオリテン","⑪ 百貨店、総合スーパー","ドラッグストア","東京都中野区中野二丁目19番2号　","中野第一OSビル1階",35.703042,139.667850,"0363826751	","株式会社スギ薬局","7180301016951","愛知県安城市三河安城町一丁目8番地4","","","","","","","届出","",""
"013114","fBiz00000195520000000006","東京都","中野区","","","⑬ その他の食料・飲料販売業","小売業","","","","","","","","","","","","","","","届出","",""
"013114","fBiz00000195520000000020","東京都","中野区","","","⑩ コンビニエンスストア","","","","","","","","","","","","","","","","届出","",""
"013114","fBiz00000206040000000039","東京都","中野区","木下の保育園野方","キノシタノホイクエンノガタ","㉖ 集団給食施設","","東京都中野区野方4-22-2","RAYHAUS野方1階",35.721076,139.654017,"03-5942-7825","株式会社木下の保育","7011101042881","東京都新宿区西新宿6-5-1新宿アイランドタワー８階","","","","","","","届出","",""
"013114","fBiz00000206080000000081","東京都","中野区","グローバルキッズ沼袋園","グローバルキッズヌマブクロエン","㉖ 集団給食施設","保育園給食","東京都中野区沼袋2-28-32","",35.722294,139.665647,"03-5942-8626","株式会社グローバルキッズ","7011801017596","東京都千代田区富士見２丁目14番36号","","","","","","","届出","",""
"013114","fBiz00000206080000000124","東京都","中野区","グローバルキッズ中野新橋園","グローバルキッズナカノシンバシエン","㉖ 集団給食施設","保育園給食","東京都中野区弥生町2-11-5","Vivace中野新橋１F",35.692666,139.675328,"03-5352-9009","株式会社グローバルキッズ","7011801017596","東京都千代田区富士見２丁目14番36号","","","","","","","届出","",""
"013114","fBiz00000206080000000145","東京都","中野区","グローバルキッズ鷺ノ宮園","グローバルキッズサギノミヤエン","㉖ 集団給食施設","保育園給食","東京都中野区上鷺宮2-10-21","",35.728038,139.633379,"03-3990-5722","株式会社グローバルキッズ","7011801017596","東京都千代田区富士見２丁目14番36号","","","","","","","届出","",""
"013114","fBiz00000215130000000016","東京都","中野区","イーズマート　アトレヴィ東中野店","イーズマート　アトレヴィヒガシナカノテン","⑬ その他の食料・飲料販売業","持ち帰り飲食店","東京都中野区東中野四丁目4番26号","アトレヴィ東中野１階",35.706286,139.683520,"03-5348-5755","カネ美食品株式会社","1180001023411","愛知県名古屋市緑区徳重三丁目107番地","","","","","","","届出","",""
"013114","fBiz00000219020000000015","東京都","中野区","まいばすけっと野方駅南口店","マイバスケットノガタエキミナミグチテン","⑬ その他の食料・飲料販売業","","東京都中野区野方5丁目30-13","ヴィラアテネ",35.719446,139.651725,"03-5356-1701","まいばすけっと株式会社","1040001064592","千葉県千葉市美浜区中瀬一丁目5番地１","","","","","","","届出","",""
"013114","fBiz00000219020000000017","東京都","中野区","まいばすけっと中野新井1丁目店","マイバスケットナカノアライイッチョウメテン","⑬ その他の食料・飲料販売業","","東京都中野区新井１丁目14-3","久栄マンション",35.710686,139.666534,"03-5318-6826","まいばすけっと株式会社","1040001064592","千葉県千葉市美浜区中瀬一丁目5番地１","","","","","","","届出","",""
"013114","fBiz00000219020000000048","東京都","中野区","まいばすけっと中野本町3丁目店","マイバスケットナカノホンチョウサンチョウメテン","⑬ その他の食料・飲料販売業","","東京都中野区本町3丁目32-20","コスモス中野",35.697427,139.675358,"","","","","","","","","","","届出","",""
"013114","fBiz00000219020000000349","東京都","中野区","まいばすけっと中野弥生町3丁目店","マイバスケットナカノヤヨイチョウサンチョウメテン","⑬ その他の食料・飲料販売業","小型食品スーパー","東京都中野区弥生町3-24-1　","バウハウス",35.686671,139.673651,"03-5354-3096","まいばすけっと株式会社","1040001064592","千葉県千葉市美浜区中瀬一丁目5番地１","","","","","","","届出","",""
"013114","fBiz00000219020000000350","東京都","中野区","まいばすけっと中野弥生町1丁目店","マイバスケットナカノヤヨイチョウイッチョウメテン","⑬ その他の食料・飲料販売業","小型食品スーパー","東京都中野区弥生町1-42-9","シェソワ",35.688483,139.676351,"03-5302-2590","まいばすけっと株式会社","1040001064592","千葉県千葉市美浜区中瀬一丁目5番地１","","","","","","","届出","",""
"013114","fBiz00000219020000000355","東京都","中野区","まいばすけっと中野弥生町5丁目店","マイバスケットナカノヤヨイチョウゴチョウメテン","⑬ その他の食料・飲料販売業","小型食品スーパー","東京都中野区弥生町5-2-6 ","志幸72DAHLIAN",35.686289,139.667576,"03-5328-1322","まいばすけっと株式会社","1040001064592","千葉県千葉市美浜区中瀬一丁目5番地１","","","","","","","届出","",""
"013114","fBiz00000219020000000358","東京都","中野区","まいばすけっと東中野1丁目店","マイバスケットヒガシナカノイッチョウメテン","⑬ その他の食料・飲料販売業","小型食品スーパー","東京都中野区東中野1-58-16　","東中野コーポ1F",35.705764,139.683812,"03-5332-6026","まいばすけっと株式会社","1040001064592","千葉県千葉市美浜区中瀬一丁目5番地１","","","","","","","届出","",""
"013114","fBiz00000219020000000359","東京都","中野区","まいばすけっと上高田4丁目店","マイバスケットカミタカダヨンチョウメテン","⑬ その他の食料・飲料販売業","小型食品スーパー","東京都中野区上高田4-16-1","サンクレールＫⅡ",35.712231,139.677757,"03-5318-3327","まいばすけっと株式会社","1040001064592","千葉県千葉市美浜区中瀬一丁目5番地１","","","","","","","届出","",""
"013114","fBiz00000219020000000361","東京都","中野区","まいばすけっと上落合店","マイバスケットカミオチアイテン","⑬ その他の食料・飲料販売業","小型食品スーパー","東京都中野区東中野4-25-5","三越東中野マンション",35.709640,139.687160,"03-5348-6377","まいばすけっと株式会社","1040001064592","千葉県千葉市美浜区中瀬一丁目5番地１","","","","","","","届出","",""
"013114","fBiz00000219020000000365","東京都","中野区","まいばすけっと中野3丁目店","マイバスケットナカノサンチョウメテン","⑬ その他の食料・飲料販売業","小型食品スーパー","東京都中野区中野3-22-4","",35.703726,139.662839,"03-5342-2065","まいばすけっと株式会社","1040001064592","千葉県千葉市美浜区中瀬一丁目5番地１","","","","","","","届出","",""
"013114","fBiz00000219020000000366","東京都","中野区","まいばすけっと中野駅西店","マイバスケットナカノエキニシテン","⑬ その他の食料・飲料販売業","小型食品スーパー","東京都中野区中野3-46-13 ","桃丘ハイツ",35.705308,139.662603,"03-5342-0725","まいばすけっと株式会社","1040001064592","千葉県千葉市美浜区中瀬一丁目5番地１","","","","","","","届出","",""
"013114","fBiz00000219020000000369","東京都","中野区","まいばすけっと野方駅北口店","マイバスケットノガタエキキタグチテン","⑬ その他の食料・飲料販売業","小型食品スーパー","東京都中野区野方6-13-6","ハニー野方",35.722411,139.652746,"03-5327-5375","まいばすけっと株式会社","1040001064592","千葉県千葉市美浜区中瀬一丁目5番地１","","","","","","","届出","",""
"013114","fBiz00000219020000000371","東京都","中野区","まいばすけっと沼袋駅北店","マイバスケットヌマブクロエキキタテン","⑬ その他の食料・飲料販売業","小型食品スーパー","東京都中野区沼袋3-28-10","",35.720705,139.662711,"03-5318-3375","まいばすけっと株式会社","1040001064592","千葉県千葉市美浜区中瀬一丁目5番地１","","","","","","","届出","",""
"013114","fBiz00000219020000000372","東京都","中野区","まいばすけっと鷺ノ宮駅南店","マイバスケットサギノミヤエキミナミテン","⑬ その他の食料・飲料販売業","小型食品スーパー","東京都中野区白鷺2-48-11","ライオンズマンション鷺ノ宮",35.721582,139.637110,"03-5356-1261","まいばすけっと株式会社","1040001064592","千葉県千葉市美浜区中瀬一丁目5番地１","","","","","","","届出","",""
"013114","fBiz00000219020000000397","東京都","中野区","まいばすけっと都立家政駅南店","マイバスケットトリツカセイエキミナミテン","⑬ その他の食料・飲料販売業","小型食品スーパー","東京都中野区若宮3-37-11　","ブランデーヴ",35.720688,139.644960,"03-5327-5130","まいばすけっと株式会社","1040001064592","千葉県千葉市美浜区中瀬一丁目5番地１","","","","","","","届出","",""
"013114","fBiz00000219020000000484","東京都","中野区","まいばすけっと中野本町４丁目店","マイバスケットナカノホンチョウヨンチョウメテン","⑬ その他の食料・飲料販売業","小型食品スーパー","東京都中野区本町4-39-6","TNビル",35.696132,139.667522,"03-5342-0760","まいばすけっと株式会社","1040001064592","千葉県千葉市美浜区中瀬一丁目5番地１","","","","","","","届出","",""
"013114","fBiz00000219020000000487","東京都","中野区","まいばすけっと新中野駅前店","マイバスケットシンナカノエキマエテン","⑬ その他の食料・飲料販売業","小型食品スーパー","東京都中野区本町4-48-13","栗原ビルディング",35.697173,139.667590,"03-5328-1081","まいばすけっと株式会社","1040001064592","千葉県千葉市美浜区中瀬一丁目5番地１","","","","","","","届出","",""
"013114","fBiz00000219020000000488","東京都","中野区","まいばすけっと中野新橋駅北店","マイバスケットナカノシンバシエキキタテン","⑬ その他の食料・飲料販売業","小型食品スーパー","東京都中野区本町4-1-12","ARK21・ST",35.694220,139.674061,"03-5328-1611","まいばすけっと株式会社","1040001064592","千葉県千葉市美浜区中瀬一丁目5番地１","","","","","","","届出","",""
"013114","fBiz00000219020000000699","東京都","中野区","まいばすけっと富士見台千川通り店","マイバスケットフジミダイセンカワドオリテン","⑬ その他の食料・飲料販売業","小型食品スーパー","東京都中野区上鷺宮4-14-19","",35.734096,139.629713,"03-3577-8675","まいばすけっと株式会社","1040001064592","千葉県千葉市美浜区中瀬一丁目5番地１","","","","","","","届出","",""
"013114","fBiz00000219020000000898","東京都","中野区","まいばすけっと沼袋1丁目店","マイバスケットヌマブクロイッチョウメテン","⑬ その他の食料・飲料販売業","小型食品スーパー","東京都中野区沼袋1-34-3","ＭＡハウス",35.719851,139.664335,"03-5318-1033","まいばすけっと株式会社","1040001064592","千葉県千葉市美浜区中瀬一丁目5番地１","","","","","","","届出","",""
"013114","fBiz00000219020000000955","東京都","中野区","まいばすけっと高円寺大和陸橋店","マイバスケットコウエンジヤマトリッキョウテン","⑬ その他の食料・飲料販売業","小型食品スーパー","東京都中野区野方1丁目40-5","ｸﾞﾗｰｻ中野ｱﾙﾃｨｽﾄ",35.709953,139.654499,"03-5318-6177","まいばすけっと株式会社","1040001064592","千葉県千葉市美浜区中瀬一丁目5番地１","","","","","","","届出","",""
"013114","fBiz00000219020000000971","東京都","中野区","まいばすけっと中野2丁目店","マイバスケットナカノニチョウメテン","⑬ その他の食料・飲料販売業","小型食品スーパー","東京都中野区中野2-1-5","ワードビル",35.702725,139.671348,"03-5328-0580","まいばすけっと株式会社","1040001064592","千葉県千葉市美浜区中瀬一丁目5番地１","","","","","","","届出","",""
"013114","fBiz00000219020000000972","東京都","中野区","まいばすけっと中野中央2丁目店","マイバスケットナカノチュウオウニチョウメテン","⑬ その他の食料・飲料販売業","小型食品スーパー","東京都中野区中央2-21-3","フレンドマンション",35.700757,139.681722,"03-5348-6126","まいばすけっと株式会社","1040001064592","千葉県千葉市美浜区中瀬一丁目5番地１","","","","","","","届出","",""
"013114","fBiz00000219020000000973","東京都","中野区","まいばすけっと上高田２丁目店","マイバスケットカミタカダニチョウメテン","⑬ その他の食料・飲料販売業","小型食品スーパー","東京都中野区上高田2-41-6","中野花園ビル",35.711396,139.669558,"03-5318-3037","まいばすけっと株式会社","1040001064592","千葉県千葉市美浜区中瀬一丁目5番地１","","","","","","","届出","",""
"013114","fBiz00000219020000001023","東京都","中野区","まいばすけっと中野十貫坂上店","マイバスケットナカノジュッカンサカウエテン","⑬ その他の食料・飲料販売業","小型食品スーパー","東京都中野区本町4-36-3","長興新中野マンション",35.694072,139.668616,"03-5328-9203","まいばすけっと株式会社","1040001064592","千葉県千葉市美浜区中瀬一丁目5番地１","","","","","","","届出","",""
"013114","fBiz00000219020000001073","東京都","中野区","まいばすけっと沼袋2丁目店","マイバスケットヌマブクロニチョウメテン","⑬ その他の食料・飲料販売業","小型食品スーパー","東京都中野区沼袋2丁目20-12","ファーストメゾン沼袋",35.723770,139.665902,"03-5942-5765","まいばすけっと株式会社","1040001064592","千葉県千葉市美浜区中瀬一丁目5番地１","","","","","","","届出","",""
"013114","fBiz00000224690000000329","東京都","中野区","ドン・キホーテ中野駅前店","ドン・キホーテナカノエキマエテン","⑪ 百貨店、総合スーパー","小売業","東京都中野区中野五丁目68番5号","",35.708900,139.665258,"03-5318-2811","株式会社ドン・キホーテ","3011001096370","東京都目黒区青葉台二丁目１９番１０号","","","","","","","届出","",""
"013114","fBiz00000240970000000001","東京都","中野区","明治城西販売センター","メイジジョウサイハンバイセンター","③ 乳類販売業","","東京都中野区南台4丁目6番4号","",35.682181,139.669295,"03-3229-5022","有限会社渋谷スミレ商会","4011202007332","","","","","","","","届出","",""
"013114","fBiz00000241610000000005","東京都","中野区","あーす保育園　中野坂上","アースホイクエン　ナカノサカウエ","㉖ 集団給食施設","","東京都中野区中央1-23-7","ハイツスモルカ1階",35.698991,139.686231,"0369087524","株式会社アピカル","5290001006137","福岡県福岡市中央区六本松２丁目１２番２５号","","","","","","","届出","",""
"013114","fBiz00000241610000000007","東京都","中野区","あーす保育園　鷺ノ宮","アースホイクエン　サギノミヤ","㉖ 集団給食施設","","東京都中野区鷺宮4-34-9","ライフコート鷺宮１階",35.724313,139.638046,"0353567341","株式会社アピカル","5290001006137","福岡県福岡市中央区六本松２丁目１２番２５号","","","","","","","届出","",""
"013114","fBiz00000241610000000016","東京都","中野区","あーす保育園　中野新橋","アースホイクエンナカノシンバシ","㉖ 集団給食施設","","東京都中野区弥生町1-56-3","岩崎偉丈夫庵1階",35.692057,139.677319,"03-6276-8942","株式会社アピカル","5290001006137","福岡県福岡市中央区六本松２丁目１２番２５号","","","","","","","届出","",""
"013114","fBiz00000242900000000018","東京都","中野区","なんでも酒やカクヤス　中野坂上SS","ナンデモサカヤカクヤス　ナカノサカウエエスエス","⑬ その他の食料・飲料販売業","","東京都中野区本町3-29-15","MMビル",35.697315,139.677774,"03-5354-7381","","","","","","","","","","届出","",""
"013114","fBiz00000242900000000042","東京都","中野区","なんでも酒やカクヤス　新井薬師店　","ナンデモサカヤカクヤス　アライヤクシテン　","⑬ その他の食料・飲料販売業","","東京都中野区新井5-20-8","",35.716415,139.668815,"03-5345-7581","","","","","","","","","","届出","",""
"013114","fBiz00000242900000000044","東京都","中野区","なんでも酒やカクヤス　新中野店　","ナンデモサカヤカクヤス　シンナカノテン　","⑬ その他の食料・飲料販売業","","東京都中野区本町6-12-12","山崎ビル１Ｆ",35.694930,139.667604,"03-5341-3181","","","","","","","","","","届出","",""
"013114","fBiz00000242900000000083","東京都","中野区","なんでも酒やカクヤス　白鷺店　","ナンデモサカヤカクヤス　シラサギテン　","⑬ その他の食料・飲料販売業","","東京都中野区白鷺1-9-15","アークハイツ　1Ｆ",35.718837,139.636363,"03-5327-5771","","","","","","","","","","届出","",""
"013114","fBiz00000242900000000146","東京都","中野区","なんでも酒やカクヤス　中野沼袋店　","ナンデモサカヤカクヤス　ナカノヌマブクロテン　","⑬ その他の食料・飲料販売業","","東京都中野区江古田2-10-1","旭第一ビル　1階",35.724072,139.667259,"03-3388-6551","","","","","","","","","","届出","",""
"013114","fBiz00000242900000000158","東京都","中野区","なんでも酒やカクヤス　野方南口店　","ナンデモサカヤカクヤス　ノガタミナミグチテン　","⑬ その他の食料・飲料販売業","","東京都中野区野方5-30-3","柳屋ビル　1階",35.719053,139.652193,"03-5356-6941","","","","","","","","","","届出","",""
"013114","fBiz00000242900000000226","東京都","中野区","なんでも酒やカクヤス　中野ＤＳ","ナンデモサカヤカクヤス　ナカノディーエス","⑬ その他の食料・飲料販売業","","東京都中野区中野1-32-5","カサ・カスタニア　1階",35.702202,139.675087,"03-5348-6772","","","","","","","","","","届出","",""
"013114","fBiz00000243860000000033","東京都","中野区","銀座あけぼの　中野マルイ店","ギンザアケボノ　ナカノマルイテン","⑬ その他の食料・飲料販売業","","東京都中野区中野3-34-28","中野マルイ",35.704700,139.665041,"03-5340-5788","株式会社　曙","4010001036501","東京都中央区日本橋浜町2-39-2","","","","","","","届出","",""
"013114","fBiz00000253110000000022","東京都","中野区","","","⑥ 弁当販売業","","","","","","","","","","","","","","","","届出","",""
"013114","fBiz00000253110000000086","東京都","中野区","","","⑥ 弁当販売業","","","","","","","","","","","","","","","","届出","",""
"013114","fBiz00000263570000000239","東京都","中野区","","","⑫ 自動販売機による販売業（コップ式自動販売機（自動洗浄・屋内設置）及び営業許可の対象となる自動販売機を除く）","食料品等販売業","","","","","","株式会社 ナムコ","4011601005069","東京都練馬区豊玉南１丁目4番2号","","","","","","","届出","",""
"013114","fBiz00000263570000000240","東京都","中野区","","","⑫ 自動販売機による販売業（コップ式自動販売機（自動洗浄・屋内設置）及び営業許可の対象となる自動販売機を除く）","食料品等販売業","","","","","","株式会社 ナムコ","4011601005069","東京都練馬区豊玉南１丁目4番2号","","","","","","","届出","",""
"013114","fBiz00000263570000000241","東京都","中野区","","","⑫ 自動販売機による販売業（コップ式自動販売機（自動洗浄・屋内設置）及び営業許可の対象となる自動販売機を除く）","食料品等販売業","","","","","","株式会社 ナムコ","4011601005069","東京都練馬区豊玉南１丁目4番2号","","","","","","","届出","",""
"013114","fBiz00000263570000000242","東京都","中野区","","","⑫ 自動販売機による販売業（コップ式自動販売機（自動洗浄・屋内設置）及び営業許可の対象となる自動販売機を除く）","食料品等販売業","","","","","","株式会社 ナムコ","4011601005069","東京都練馬区豊玉南１丁目4番2号","","","","","","","届出","",""
"013114","fBiz00000263570000000243","東京都","中野区","","","⑫ 自動販売機による販売業（コップ式自動販売機（自動洗浄・屋内設置）及び営業許可の対象となる自動販売機を除く）","食料品等販売業","","","","","","株式会社 ナムコ","4011601005069","東京都練馬区豊玉南１丁目4番2号","","","","","","","届出","",""
"013114","fBiz00000263570000000244","東京都","中野区","","","⑫ 自動販売機による販売業（コップ式自動販売機（自動洗浄・屋内設置）及び営業許可の対象となる自動販売機を除く）","食料品等販売業","","","","","","株式会社 ナムコ","4011601005069","東京都練馬区豊玉南１丁目4番2号","","","","","","","届出","",""
"013114","fBiz00000263570000000245","東京都","中野区","","","⑫ 自動販売機による販売業（コップ式自動販売機（自動洗浄・屋内設置）及び営業許可の対象となる自動販売機を除く）","食料品等販売業","","","","","","株式会社 ナムコ","4011601005069","東京都練馬区豊玉南１丁目4番2号","","","","","","","届出","",""
"013114","fBiz00000263570000000246","東京都","中野区","","","⑫ 自動販売機による販売業（コップ式自動販売機（自動洗浄・屋内設置）及び営業許可の対象となる自動販売機を除く）","食料品等販売業","","","","","","株式会社 ナムコ","4011601005069","東京都練馬区豊玉南１丁目4番2号","","","","","","","届出","",""
"013114","fBiz00000263570000000247","東京都","中野区","","","⑫ 自動販売機による販売業（コップ式自動販売機（自動洗浄・屋内設置）及び営業許可の対象となる自動販売機を除く）","食料品等販売業","","","","","","株式会社 ナムコ","4011601005069","東京都練馬区豊玉南１丁目4番2号","","","","","","","届出","",""
"013114","fBiz00000263570000000822","東京都","中野区","","","⑫ 自動販売機による販売業（コップ式自動販売機（自動洗浄・屋内設置）及び営業許可の対象となる自動販売機を除く）","食料品等販売業","","","","","","株式会社 ナムコ","4011601005069","東京都練馬区豊玉南１丁目4番2号","","","","","","","届出","",""
"013114","fBiz00000263570000000844","東京都","中野区","","","⑫ 自動販売機による販売業（コップ式自動販売機（自動洗浄・屋内設置）及び営業許可の対象となる自動販売機を除く）","食料品等販売業","","","","","","株式会社 ナムコ","4011601005069","東京都練馬区豊玉南１丁目4番2号","","","","","","","届出","",""
"013114","fBiz00000272470000000212","東京都","中野区","","","⑬ その他の食料・飲料販売業","コーヒーショップ","","","","","","","","","","","","","","","届出","",""
"013114","fBiz00000286900000000011","東京都","中野区","福しん　鷺ノ宮店","フクシン　サギノミヤテン","② 食肉販売業（包装済みの食肉のみの販売）","","東京都中野区鷺宮4-1-14 ","",35.722865,139.638006,"03-3338-5101","株式会社福しん","4013301010729","東京都豊島区目白五丁目３１番３号","","","","","","","届出","",""
"013114","fBiz00000292820000000009","東京都","中野区","","","⑤ コップ式自動販売機（自動洗浄・屋内設置）","","","","","","","","","","","","","","","","届出","",""
"013114","fBiz00000292820000000010","東京都","中野区","","","⑤ コップ式自動販売機（自動洗浄・屋内設置）","","","","","","","","","","","","","","","","届出","",""
"013114","fBiz00000292820000000057","東京都","中野区","","","⑤ コップ式自動販売機（自動洗浄・屋内設置）","","","","","","","","","","","","","","","","届出","",""
"013114","fBiz00000292820000000103","東京都","中野区","","","⑤ コップ式自動販売機（自動洗浄・屋内設置）","","","","","","","","","","","","","","","","届出","",""
"013114","fBiz00000292820000000128","東京都","中野区","","","⑤ コップ式自動販売機（自動洗浄・屋内設置）","","","","","","","","","","","","","","","","届出","",""
"013114","fBiz00000292820000000129","東京都","中野区","","","⑤ コップ式自動販売機（自動洗浄・屋内設置）","","","","","","","","","","","","","","","","届出","",""
"013114","fBiz00000292820000000130","東京都","中野区","","","⑤ コップ式自動販売機（自動洗浄・屋内設置）","","","","","","","","","","","","","","","","届出","",""
"013114","fBiz00000292820000000161","東京都","中野区","","","⑤ コップ式自動販売機（自動洗浄・屋内設置）","","","","","","","","","","","","","","","","届出","",""
"013114","fBiz00000292820000000169","東京都","中野区","","","⑤ コップ式自動販売機（自動洗浄・屋内設置）","","","","","","","","","","","","","","","","届出","",""
"013114","fBiz00000292820000000180","東京都","中野区","","","⑤ コップ式自動販売機（自動洗浄・屋内設置）","","","","","","","","","","","","","","","","届出","",""
"013114","fBiz00000292820000000191","東京都","中野区","","","⑤ コップ式自動販売機（自動洗浄・屋内設置）","","","","","","","","","","","","","","","","届出","",""
"013114","fBiz00000292820000000219","東京都","中野区","","","⑤ コップ式自動販売機（自動洗浄・屋内設置）","","","","","","","","","","","","","","","","届出","",""
"013114","fBiz00000292820000000220","東京都","中野区","","","⑤ コップ式自動販売機（自動洗浄・屋内設置）","","","","","","","","","","","","","","","","届出","",""
"013114","fBiz00000292820000000246","東京都","中野区","","","⑤ コップ式自動販売機（自動洗浄・屋内設置）","","","","","","","","","","","","","","","","届出","",""
"013114","fBiz00000292820000000260","東京都","中野区","","","⑤ コップ式自動販売機（自動洗浄・屋内設置）","","","","","","","","","","","","","","","","届出","",""
"013114","fBiz00000292820000000261","東京都","中野区","","","⑤ コップ式自動販売機（自動洗浄・屋内設置）","","","","","","","","","","","","","","","","届出","",""
"013114","fBiz00000292820000000262","東京都","中野区","","","⑤ コップ式自動販売機（自動洗浄・屋内設置）","","","","","","","","","","","","","","","","届出","",""
"013114","fBiz00000293570000000163","東京都","中野区","株式会社　銀座コージーコーナー　中野サンモール 店","カブシキガイシャ　ギンザコージーコーナー　ナカノサンモールテン","⑬ その他の食料・飲料販売業","販売店舗","東京都中野区中野5-59-6","",35.707573,139.665766,"03-5380-1831","","","","","","","","","","届出","",""
"013114","fBiz00000293950000000008","東京都","中野区","","","㉖ 集団給食施設","介護事業(通所介護)","","","","","","","","","","","","","","","届出","",""
"013114","fBiz00000295690000000106","東京都","中野区","デリス　ＪＴＢ商事１３Ｆ","デリス　ジェイティビーショウジ","③ 乳類販売業","食品販売業","","","","","","","","","","","","","","","届出","",""
"013114","fBiz00000295690000000106","東京都","中野区","デリス　ＪＴＢ商事１３Ｆ","デリス　ジェイティビーショウジ","⑫ 自動販売機による販売業（コップ式自動販売機（自動洗浄・屋内設置）及び営業許可の対象となる自動販売機を除く）","食品販売業","","","","","","","","","","","","","","","届出","",""
"013114","fBiz00000295690000000107","東京都","中野区","デリス　ＨＡＶＩサプライチェーン・ソリューションズ・ジャパン合同会社","デリス　ハビサプライチェーン・ソリューションズ・ジャパン","③ 乳類販売業","食品販売業","","","","","","","","","","","","","","","届出","",""
"013114","fBiz00000295690000000107","東京都","中野区","デリス　ＨＡＶＩサプライチェーン・ソリューションズ・ジャパン合同会社","デリス　ハビサプライチェーン・ソリューションズ・ジャパン","⑫ 自動販売機による販売業（コップ式自動販売機（自動洗浄・屋内設置）及び営業許可の対象となる自動販売機を除く）","食品販売業","","","","","","","","","","","","","","","届出","",""
"013114","fBiz00000295690000000108","東京都","中野区","デリス　ディノス・セシール","デリス　ディノス・セシール","③ 乳類販売業","食品販売業","","","","","","","","","","","","","","","届出","",""
"013114","fBiz00000295690000000108","東京都","中野区","デリス　ディノス・セシール","デリス　ディノス・セシール","⑫ 自動販売機による販売業（コップ式自動販売機（自動洗浄・屋内設置）及び営業許可の対象となる自動販売機を除く）","食品販売業","","","","","","","","","","","","","","","届出","",""
"013114","fBiz00000295690000000109","東京都","中野区","デリス　小川商会","デリス　オガワショウカイ","③ 乳類販売業","食品販売業","","","","","","","","","","","","","","","届出","",""
"013114","fBiz00000835350000002365","東京都","中野区","","","⑬ その他の食料・飲料販売業","小売業（無人販売用冷凍庫）","","","","","","","","","","","","","","","届出","",""
"013114","fBiz00000295690000000109","東京都","中野区","デリス　小川商会","デリス　オガワショウカイ","⑫ 自動販売機による販売業（コップ式自動販売機（自動洗浄・屋内設置）及び営業許可の対象となる自動販売機を除く）","食品販売業","","","","","","","","","","","","","","","届出","",""
"013114","fBiz00000295690000000110","東京都","中野区","デリス　野方警察署Ｂ１","デリス　ノガタケイサツショ","③ 乳類販売業","食品販売業","","","","","","","","","","","","","","","届出","",""
"013114","fBiz00000295690000000110","東京都","中野区","デリス　野方警察署Ｂ１","デリス　ノガタケイサツショ","⑫ 自動販売機による販売業（コップ式自動販売機（自動洗浄・屋内設置）及び営業許可の対象となる自動販売機を除く）","食品販売業","","","","","","","","","","","","","","","届出","",""
"013114","fBiz00000301920000000308","東京都","中野区","ガスト 中野駅南口店","ガストナカノエキミナミグチテン","⑬ その他の食料・飲料販売業","","東京都中野区中野３丁目３６番１５号","ニュークリアービル２階",35.705315,139.665210,"03-5328-2315","株式会社すかいらーくレストランツ","2012401030556","東京都武蔵野市西久保１丁目２５番８号","","","","","","","届出","",""
"013114","fBiz00000301920000000559","東京都","中野区","バーミヤン 東中野店","バーミヤンヒガシナカノテン","⑬ その他の食料・飲料販売業","","東京都中野区東中野４丁目３０－６－１０１","",35.710246,139.684844,"03-5332-5880","株式会社すかいらーくレストランツ","2012401030556","東京都武蔵野市西久保１丁目２５番８号","","","","","","","届出","",""
"013114","fBiz00000301920000000569","東京都","中野区","ジョナサン 中野坂上店","ジョナサンナカノサカウエテン","⑬ その他の食料・飲料販売業","","東京都中野区本町１丁目３２－５","",35.696547,139.683908,"03-5365-7355","株式会社すかいらーくレストランツ","2012401030556","東京都武蔵野市西久保１丁目２５番８号","","","","","","","届出","",""
"013114","fBiz00000301920000000782","東京都","中野区","ジョナサン　中野弥生町店","ジョナサンナカノヤヨイチョウテン","⑬ その他の食料・飲料販売業","","東京都中野区弥生町４丁目２６－９","",35.688300,139.669090,"03-5385-7485","株式会社すかいらーくレストランツ","2012401030556","東京都武蔵野市西久保１丁目２５番８号","","","","","","","届出","",""
"013114","fBiz00000301920000000784","東京都","中野区","ガスト　野方店","ガストノガタテン","⑬ その他の食料・飲料販売業","","東京都中野区野方５丁目２９番１号","",35.718876,139.652716,"03-5327-3591","株式会社すかいらーくレストランツ","2012401030556","東京都武蔵野市西久保１丁目２５番８号","","","","","","","届出","",""
"013114","fBiz00000301920000001207","東京都","中野区","ジョナサン　鷺宮店","ジョナサンサギノミヤテン","⑬ その他の食料・飲料販売業","","東京都中野区鷺宮３丁目４６－１７","",35.725860,139.640307,"03-5373-7385","株式会社すかいらーくレストランツ","2012401030556","東京都武蔵野市西久保１丁目２５番８号","","","","","","","届出","",""
"013114","fBiz00000301920000001231","東京都","中野区","から好し　中野南口店","カラヨシナカノミナミグチテン","⑬ その他の食料・飲料販売業","","東京都中野区中野２丁目２９－８","本荘ビル１Ｆ",35.703801,139.665676,"03-5342-3091","株式会社すかいらーくレストランツ","2012401030556","東京都武蔵野市西久保１丁目２５番８号","","","","","","","届出","",""
"013114","fBiz00000301920000001864","東京都","中野区","ガスト 中野江古田店","ガストナカノエコダテン","⑬ その他の食料・飲料販売業","","東京都中野区江古田２丁目１０－９","",35.724230,139.666633,"03-5380-7475","株式会社すかいらーくレストランツ","2012401030556","東京都武蔵野市西久保１丁目２５番８号","","","","","","","届出","",""
"013114","fBiz00000301920000002426","東京都","中野区","ジョナサン 富士見台店","ジョナサンフジミダイテン","⑬ その他の食料・飲料販売業","","東京都中野区上鷺宮４丁目６－１６","",35.733714,139.629230,"03-5241-7565","株式会社すかいらーくレストランツ","2012401030556","東京都武蔵野市西久保１丁目２５番８号","","","","","","","届出","",""
"013114","fBiz00000302280000000003","東京都","中野区","","","⑬ その他の食料・飲料販売業","","","","","","","","","","","","","","","","届出","",""
"013114","fBiz00000302610000000017","東京都","中野区","中野鷺ノ宮雲母保育園","ナカノサギノミヤキララホイクエン","㉖ 集団給食施設","保育所","東京都中野区白鷺一丁目１番4号","K’s8181",35.715624,139.640367,"","株式会社モード・プランニング・ジャパン","6010001030915","東京都中央区銀座７丁目１６番１２号Ｇ－７ビルディング","","","","","","","届出","",""
"013114","fBiz00000342270000000003","東京都","中野区","生活協同組合パルシステム東京グル－プホ－ム中野中央陽だまり","セイカツキョウドウクミアイパルシステムトウキョウグループホームナカノチュウオウヒダマリ","㉖ 集団給食施設","グル－プホーム","東京都中野区中央5-41-18　5Ｆ","",35.701876,139.665972,"","生活協同組合パルシステム東京","2011105001574","東京都新宿区大久保２丁目２－６","","","","","","","届出","",""
"013114","fBiz00000363810000000002","東京都","中野区","","","⑬ その他の食料・飲料販売業","","","","","","","","","","","","","","","","届出","",""
"013114","fBiz00000375360000000002","東京都","中野区","業務スーパー石黒東中野店","ギョウムスーパーイシグロヒガシナカノテン","⑪ 百貨店、総合スーパー","","東京都中野区東中野3丁目20-10","イドムコ中野ビル1F",35.708485,139.679771,"03-5937-1955","石黒総合食品株式会社","2020001007065","神奈川県横浜市戸塚区戸塚町116","","","","","","","届出","",""
"013114","fBiz00000379910000000063","東京都","中野区","ぎょうざの満洲　練馬富士見台店","ギョウザノマンシュウ　ネリマフジミダイテン","⑬ その他の食料・飲料販売業","中華料理店","東京都中野区上鷺宮三丁目17番12号","長井ビル1階",35.735332,139.630675,"03-5971-9800","株式会社ぎょうざの満洲","4030001023943","埼玉県川越市的場新町２１番地１","","","","","","","届出","",""
"013114","fBiz00000379910000000064","東京都","中野区","ぎょうざの満洲　野方南口店","ギョウザノマンシュウ　ノガタミナミグチテン","⑬ その他の食料・飲料販売業","中華料理店","東京都中野区野方五丁目31番9号","アリアス野方1階",35.719664,139.652120,"03-5327-6881","株式会社ぎょうざの満洲","4030001023943","埼玉県川越市的場新町２１番地１","","","","","","","届出","",""
"013114","fBiz00000379910000000065","東京都","中野区","ぎょうざの満洲　中野南口店","ギョウザノマンシュウ　ナカノミナミグチテン","⑬ その他の食料・飲料販売業","中華料理店","東京都中野区中野二丁目29番6号","リカム8　1階",35.703530,139.665756,"03-6304-8260","株式会社ぎょうざの満洲","4030001023943","埼玉県川越市的場新町２１番地１","","","","","","","届出","",""
"013114","fBiz00000405840000000013","東京都","中野区","Olympic　中野坂上店","オリンピック　ナカノサカウエテン","⑪ 百貨店、総合スーパー","総合スーパー","東京都中野区中央2-2-7","",35.697513,139.681313,"03-3363-9921","株式会社Ｏｌｙｍｐｉｃ","2012401015268","東京都国分寺市本町４－１２－１","","","","","","","届出","",""
"013114","fBiz00000405840000000063","東京都","中野区","オリンピック中野弥生町店","オリンピックナカノヤヨイチョウテン","⑪ 百貨店、総合スーパー","総合スーパー","東京都中野区弥生町3-12-14","",35.687835,139.675169,"03-3373-3567","株式会社Ｏｌｙｍｐｉｃ","2012401015268","東京都国分寺市本町４－１２－１","","","","","","","届出","",""
"013114","fBiz00000415460000000171","東京都","中野区","中野マルイ","ナカノマルイ","⑬ その他の食料・飲料販売業","その他食料","東京都中野区中野3-34-28","中野マルイ 1F",35.704700,139.665041,"03-3381-2003","ゴディバジャパン株式会社","5010001198687","東京都港区六本木３丁目２番１号","","","","","","","届出","",""
"013114","fBiz00000416660000000004","東京都","中野区","ベジフル・タチバナ株式会社","ベジフル・タチバナカブシキカイシャ","⑦ 野菜果物販売業","小売店","東京都中野区弥生町3-31-1","",35.688106,139.673913,"03-6379-1173","ベジフル・タチバナ株式会社","4011301015772","東京都杉並区方南1-46-20","","","","","","","届出","",""
"013114","fBiz00000428140000000028","東京都","中野区","TAKUMI ｘ SANDWICH  中野坂上メトロピア店","タクミバイサンドイッチナカノサカウエメトロピアテン","⑬ その他の食料・飲料販売業","対面小売ユニット","東京都中野区本町2丁目48-2","丸の内線中野坂上駅構内",35.696758,139.680878,"0333768010","株式会社ブッツ・デリカテッセン","9010801010493","東京都大田区田園調布三丁目１番３号","","","","","","","届出","",""
"013114","fBiz00000432480000000002","東京都","中野区","","","⑬ その他の食料・飲料販売業","","","","","","","","","","","","","","","","届出","",""
"013114","fBiz00000441620000000119","東京都","中野区","デニーズ野方店","デニーズノガタテン","⑬ その他の食料・飲料販売業","ファミリーレストラン","東京都中野区鷺宮一丁目9番11号","",35.723756,139.648931,"080-3456-8281","株式会社セブン＆アイ・フードシステムズ","2010001106058","東京都千代田区二番町８番地８","","","","","","","届出","",""
"013114","fBiz00000495870000000002","東京都","中野区","ピザーラ環七野方","ピザーラカンナナノガタ","⑬ その他の食料・飲料販売業","ピザ","東京都中野区大和町1-13-9","",35.713371,139.653555,"0333364500","株式会社フォーシーズ","1010401049915","東京都港区南青山５丁目１２番４号","","","","","","","届出","",""
"013114","fBiz00000495870000000008","東京都","中野区","ピザーラ東中野","ピザーラヒガシナカノ","⑬ その他の食料・飲料販売業","","東京都中野区上高田1-2-37","松田ビル",35.710924,139.679645,"0353806500","株式会社フォーシーズ","1010401049915","東京都港区南青山５丁目１２番４号","","","","","","","届出","",""
"013114","fBiz00000499030000000187","東京都","中野区","","","⑬ その他の食料・飲料販売業","","","","","","","","","","","","","","","","届出","",""
"013114","fBiz00000499030000000245","東京都","中野区","","","⑬ その他の食料・飲料販売業","","","","","","","","","","","","","","","","届出","",""
"013114","fBiz00000504430000000009","東京都","中野区","ベックスコーヒーショップ中野店","ベックスコーヒーショップナカノテン","⑬ その他の食料・飲料販売業","","東京都中野区中野5-31-1","ＪＲ中野駅　改札内（北口改札寄り）",35.705424,139.665767,"090-9823-2539","株式会社ＪＲ東日本クロスステーション","3011101042662","東京都渋谷区千駄ヶ谷５丁目３３番８号","","","","","","","届出","",""
"013114","fBiz00000510890000000054","東京都","中野区","ヌードルツアーズ 中野店","ヌードルツアーズ ナカノテン","⑫ 自動販売機による販売業（コップ式自動販売機（自動洗浄・屋内設置）及び営業許可の対象となる自動販売機を除く）","","東京都中野区中野5-52-15","中野ブロードウェイ別館1F50-107",35.709235,139.665773,"","株式会社丸山製麺","3010701009360","東京都大田区上池台5-20-13","","","","","","","届出","",""
"013114","fBiz00000515930000000032","東京都","中野区","三代目茂蔵　中野ブロードウェイ店","サンダイメシゲゾウ　ナカノブロードウェイテン","⑬ その他の食料・飲料販売業","","東京都中野区中野5-52-15","中野BW　169号室",35.709235,139.665773,"03-5942-8357","株式会社　篠崎屋","5030001051126","埼玉県春日部市赤沼870-1","","","","","","","届出","",""
"013114","fBiz00000546890000000560","東京都","中野区","","","⑬ その他の食料・飲料販売業","小売業（置き菓子用冷凍冷蔵庫）","","","","","","","","","","","","","","","届出","",""
"013114","fBiz00000546890000001047","東京都","中野区","","","⑬ その他の食料・飲料販売業","","","","","","","","","","","","","","","","届出","",""
"013114","fBiz00000546890000001456","東京都","中野区","","","⑬ その他の食料・飲料販売業","小売業（置き菓子用冷凍冷蔵庫）","","","","","","","","","","","","","","","届出","",""
"013114","fBiz00000546890000001640","東京都","中野区","","","⑬ その他の食料・飲料販売業","小売業（置き菓子用冷凍冷蔵庫）","","","","","","","","","","","","","","","届出","",""
"013114","fBiz00000546890000001834","東京都","中野区","","","⑬ その他の食料・飲料販売業","小売業（置き菓子用冷凍冷蔵庫）","","","","","","","","","","","","","","","届出","",""
"013114","fBiz00000546890000001835","東京都","中野区","","","⑬ その他の食料・飲料販売業","小売業（置き菓子用冷凍冷蔵庫）","","","","","","","","","","","","","","","届出","",""
"013114","fBiz00000546890000002823","東京都","中野区","","","⑬ その他の食料・飲料販売業","小売業（置き菓子用冷凍冷蔵庫）","","","","","","","","","","","","","","","届出","",""
"013114","fBiz00000546890000003595","東京都","中野区","","","⑬ その他の食料・飲料販売業","小売業（置き菓子用冷凍冷蔵庫）","","","","","","","","","","","","","","","届出","",""
"013114","fBiz00000558080000000016","東京都","中野区","わらべ西鷺宮保育園","ワラベニシサギノミヤホイクエン","㉖ 集団給食施設","保育所","東京都中野区鷺宮5-22-14","",35.726391,139.632736,"0359711131","社会福祉法人清心福祉会","1010105000273","東京都八王子市左入町３７３番地１","","","","","","","届出","",""
"013114","fBiz00000568340000000388","東京都","中野区","餃子の王将 中野店","ギョウザノオウショウ　ナカノテン","⑬ その他の食料・飲料販売業","その他の食料・飲料販売業 ","東京都中野区中野5-56-12","",35.708349,139.666225,"03-3387-0841","株式会社王将フードサービス","3130001012441","京都府京都市山科区西野山射庭ノ上町２９４番地の１","","","","","","","届出","",""
"013114","fBiz00000574010000000111","東京都","中野区","ヤクルト中野センター","ヤクルトナカノセンター","⑬ その他の食料・飲料販売業","","東京都中野区中野3-34-14","",35.704225,139.664490,"0333836563","東京ヤクルト販売株式会社","6011601008045","東京都台東区台東２丁目１９番９号","","","","","","","届出","",""
"013114","fBiz00000574010000000112","東京都","中野区","ヤクルト白鷺センター","ヤクルトシラサギセンター","⑬ その他の食料・飲料販売業","","東京都中野区白鷺2-6-22","",35.717843,139.635989,"0333388960","東京ヤクルト販売株式会社","6011601008045","東京都台東区台東２丁目１９番９号","","","","","","","届出","",""
"013114","fBiz00000574010000000149","東京都","中野区","サンブライト８F","サンブライトハチエフ","③ 乳類販売業","","東京都中野区本町２－４６－１","中野坂上サンブライトツインビル８F",35.696691,139.682149,"","東京ヤクルト販売株式会社","6011601008045","東京都台東区台東２丁目１９番９号","","","","","","","届出","",""
"013114","fBiz00000574010000000150","東京都","中野区","サンブライト４F","サンブライトヨンエフ","③ 乳類販売業","","東京都中野区本町２－４６－１","中野坂上サンブライトツインビル４F",35.696691,139.682149,"","東京ヤクルト販売株式会社","6011601008045","東京都台東区台東２丁目１９番９号","","","","","","","届出","",""
"013114","fBiz00000574010000000151","東京都","中野区","サンブライト２０F","サンブライトニジュウエフ","③ 乳類販売業","","東京都中野区本町２－４６－１","中野坂上サンブライトツインビル２０F",35.696691,139.682149,"","東京ヤクルト販売株式会社","6011601008045","東京都台東区台東２丁目１９番９号","","","","","","","届出","",""
"013114","fBiz00000574010000000152","東京都","中野区","サンブライト２２F","サンブライトニジュウニエフ","③ 乳類販売業","","東京都中野区本町２－４６－１","中野坂上サンブライトツインビル２２F",35.696691,139.682149,"","東京ヤクルト販売株式会社","6011601008045","東京都台東区台東２丁目１９番９号","","","","","","","届出","",""
"013114","fBiz00000574010000000228","東京都","中野区","チャームスイート新井薬師さくらの森","チャームスイートアライヤクシサクラノモリ","③ 乳類販売業","","東京都中野区沼袋１ー１５ー１１","",35.718584,139.668197,"","東京ヤクルト販売株式会社","6011601008045","東京都台東区台東２丁目１９番９号","","","","","","","届出","",""
"013114","fBiz00000581240000000648","東京都","中野区","","","⑫ 自動販売機による販売業（コップ式自動販売機（自動洗浄・屋内設置）及び営業許可の対象となる自動販売機を除く）","","","","","","","","","","","","","","","","届出","",""
"013114","fBiz00000581240000001330","東京都","中野区","","","⑫ 自動販売機による販売業（コップ式自動販売機（自動洗浄・屋内設置）及び営業許可の対象となる自動販売機を除く）","","","","","","","","","","","","","","","","届出","",""
"013114","fBiz00000581240000001490","東京都","中野区","","","⑫ 自動販売機による販売業（コップ式自動販売機（自動洗浄・屋内設置）及び営業許可の対象となる自動販売機を除く）","","","","","","","","","","","","","","","","届出","",""
"013114","fBiz00000581240000002079","東京都","中野区","","","⑫ 自動販売機による販売業（コップ式自動販売機（自動洗浄・屋内設置）及び営業許可の対象となる自動販売機を除く）","","","","","","","","","","","","","","","","届出","",""
"013114","fBiz00000581240000002465","東京都","中野区","","","⑫ 自動販売機による販売業（コップ式自動販売機（自動洗浄・屋内設置）及び営業許可の対象となる自動販売機を除く）","","","","","","","","","","","","","","","","届出","",""
"013114","fBiz00000581240000003603","東京都","中野区","","","⑫ 自動販売機による販売業（コップ式自動販売機（自動洗浄・屋内設置）及び営業許可の対象となる自動販売機を除く）","","","","","","","","","","","","","","","","届出","",""
"013114","fBiz00000581240000004219","東京都","中野区","","","⑫ 自動販売機による販売業（コップ式自動販売機（自動洗浄・屋内設置）及び営業許可の対象となる自動販売機を除く）","","","","","","","","","","","","","","","","届出","",""
"013114","fBiz00000581240000004964","東京都","中野区","","","⑫ 自動販売機による販売業（コップ式自動販売機（自動洗浄・屋内設置）及び営業許可の対象となる自動販売機を除く）","","","","","","","","","","","","","","","","届出","",""
"013114","fBiz00000581240000005177","東京都","中野区","","","⑫ 自動販売機による販売業（コップ式自動販売機（自動洗浄・屋内設置）及び営業許可の対象となる自動販売機を除く）","","","","","","","","","","","","","","","","届出","",""
"013114","fBiz00000661790000000261","東京都","中野区","なか卯中野南口店","ナカウナカノミナミグチテン","⑬ その他の食料・飲料販売業","飲食店営業","東京都中野区中野三丁目33番3号　","インツ中野ビル　1Ｆ",35.703145,139.665290,"","株式会社なか卯","6010401089907","東京都港区港南二丁目１８番１号","","","","","","","届出","",""
"013114","fBiz00000668150000000005","東京都","中野区","","","㉖ 集団給食施設","保育園","","","","","","","","","","","","","","","届出","",""
"013114","fBiz00000668150000000010","東京都","中野区","","","㉖ 集団給食施設","","","","","","","","","","","","","","","","届出","",""
"013114","fBiz00000694250000000006","東京都","中野区","えん屋　中野店","エンヤナカノテン","⑦ 野菜果物販売業","飲食店","東京都中野区中野5-60-15","岩間ビル",35.707444,139.666494,"0333885188","株式会社　焼肉坂井ホールディングス","2370001010224","愛知県名古屋市北区黒川本通2-46","","","","","","","届出","",""
"013114","fBiz00000709780000000009","東京都","中野区","ココカラファイン新井薬師店","ココカラファインアライヤクシマエテン","⑬ その他の食料・飲料販売業","店舗販売業","東京都中野区松が丘1丁目2番19号","",35.716877,139.672106,"03-5318-9120","株式会社ココカラファインヘルスケア","8120001082605","神奈川県横浜市港北区新横浜３丁目１７番６号","","","","","","","届出","",""
"013114","fBiz00000709780000000123","東京都","中野区","ココカラファイン東中野5丁目店","ココカラファインヒガシナカノゴチョウメテン","⑬ その他の食料・飲料販売業","ドラッグストア","東京都中野区東中野5丁目17番9号","ハイネス東中野１Ｆ",35.709565,139.688242,"03-5338-8447","株式会社ココカラファインヘルスケア","8120001082605","神奈川県横浜市港北区新横浜３丁目１７番６号","","","","","","","届出","",""
"013114","fBiz00000709780000000124","東京都","中野区","ココカラファイン中野中央店","ココカラファインナカノチュウオウテン","⑬ その他の食料・飲料販売業","ドラッグストア","東京都中野区中央三丁目24番3号","",35.697934,139.674069,"03-5348-7655","株式会社ココカラファインヘルスケア","8120001082605","神奈川県横浜市港北区新横浜３丁目１７番６号","","","","","","","届出","",""
"013114","fBiz00000709780000000159","東京都","中野区","くすりセイジョー都立家政店","クスリセイジョートリツカセイテン","⑬ その他の食料・飲料販売業","ドラッグストア","東京都中野区若宮3丁目37番8号","金井ﾋﾞﾙ１Ｆ",35.720980,139.644715,"03-5364-7331","株式会社ココカラファインヘルスケア","8120001082605","神奈川県横浜市港北区新横浜３丁目１７番６号","","","","","","","届出","",""
"013114","fBiz00000709780000000160","東京都","中野区","ココカラファイン中野南台店","ココカラファインナカノミナミダイテン","⑬ その他の食料・飲料販売業","ドラッグストア","東京都中野区南台3丁目3番14号","",35.684365,139.669065,"03-5341-3961","株式会社ココカラファインヘルスケア","8120001082605","神奈川県横浜市港北区新横浜３丁目１７番６号","","","","","","","届出","",""
"013114","fBiz00000709950000000055","東京都","中野区","てんや　中野店","テンヤ　ナカノテン","⑬ その他の食料・飲料販売業","飲食店営業","東京都中野区中野五丁目65番6号","第三山和ビル",35.707445,139.665369,"03-5318-6886","ロイヤルフードサービス株式会社","8010901020897","東京都世田谷区桜新町１丁目３４番６号","","","","","","","届出","",""
"013114","fBiz00000835350000002366","東京都","中野区","","","⑬ その他の食料・飲料販売業","小売業（無人販売用冷凍庫）","","","","","","","","","","","","","","","届出","",""
"013114","fBiz00000835350000002367","東京都","中野区","","","⑬ その他の食料・飲料販売業","小売業（無人販売用冷凍庫）","","","","","","","","","","","","","","","届出","",""
"013114","fBiz00000709950000000065","東京都","中野区","ロイヤルホスト中野店","ロイヤルホストナカノテン","⑬ その他の食料・飲料販売業","飲食店営業","東京都中野区中央4-59-4","",35.702371,139.666279,"0333807551","ロイヤルフードサービス株式会社","8010901020897","東京都世田谷区桜新町１丁目３４番６号","","","","","","","届出","",""
"013114","fBiz00000709950000000183","東京都","中野区","ロイヤルホスト江古田店","ロイヤルホストエコダテン","⑬ その他の食料・飲料販売業","飲食店営業","東京都中野区江原町3-33-10","",35.732050,139.672617,"0339501895","ロイヤルフードサービス株式会社","8010901020897","東京都世田谷区桜新町１丁目３４番６号","","","","","","","届出","",""
"013114","fBiz00000721180000000057","東京都","中野区","ちよだ鮨　中野新橋店","チヨダズシ　ナカノシンバシテン","⑬ その他の食料・飲料販売業","持ち帰りすし","東京都中野区弥生町2-26-9","",35.692412,139.674258,"03-6690-3568","株式会社ちよだ鮨","4010001063000","東京都中央区明石町8番1号　","","","","","","","届出","",""
"013114","fBiz00000721180000000058","東京都","中野区","ちよだ鮨　鷺宮店","チヨダズシ　サギノミヤテン","⑬ その他の食料・飲料販売業","持ち帰りすし","東京都中野区鷺宮3-15-4","",35.722896,139.638305,"03-5373-4552","株式会社ちよだ鮨","4010001063000","東京都中央区明石町8番1号　","","","","","","","届出","",""
"013114","fBiz00000721180000000059","東京都","中野区","ちよだ鮨　野方店","チヨダズシ　ノガタテン","⑬ その他の食料・飲料販売業","持ち帰りすし","東京都中野区野方5-25-3","",35.718722,139.653150,"03-5373-0789","株式会社ちよだ鮨","4010001063000","東京都中央区明石町8番1号　","","","","","","","届出","",""
"013114","fBiz00000721180000000060","東京都","中野区","ちよだ鮨　ユニゾンモール東中野店","チヨダズシ　ユニゾンモールヒガシナカノテン","⑬ その他の食料・飲料販売業","持ち帰りすし","東京都中野区東中野5-1-1","ユニゾンモール東中野1F",35.706673,139.687288,"03-5348-1028","株式会社ちよだ鮨","4010001063000","東京都中央区明石町8番1号　","","","","","","","届出","",""
"013114","fBiz00000721270000000010","東京都","中野区","太子堂中野店","タイシドウナカノテン","⑬ その他の食料・飲料販売業","菓子小売店","東京都中野区中野3-34-28","中野マルイ内",35.704700,139.665041,"03-5340-7909","株式会社太子堂","1010901018048","東京都千代田区神田須田町２丁目４番地","","","","","","","届出","",""
"013114","fBiz00000721270000000023","東京都","中野区","ベジタブルやすお","ベジタブヤスオ","⑬ その他の食料・飲料販売業","八百屋","東京都中野区鷺宮４－４４－１０","ララポートさぎのみや",35.726066,139.638374,"0353566210","株式会社太子堂","1010901018048","東京都千代田区神田須田町２丁目４番地","","","","","","","届出","",""
"013114","fBiz00000729590000000064","東京都","中野区","","","⑬ その他の食料・飲料販売業","","","","","","","","","","","","","","","","届出","",""
"013114","fBiz00000774220000000010","東京都","中野区","いっちゃらごはん","イッチャラゴハン","⑥ 弁当販売業","弁当販売業","東京都中野区中央一丁目32-1","マンション前",35.697896,139.684704,"","市原こい子","","","","","","","","","届出","",""
"013114","fBiz00000774550000000153","東京都","中野区","","","㉖ 集団給食施設","","","","","","","","","","","","","","","","届出","",""
"013114","fBiz00000775740000000045","東京都","中野区","","","③ 乳類販売業","自動販売機","","","","","","","","","","","","","","","届出","",""
"013114","fBiz00000778970000000005","東京都","中野区","帝京平成大学中野キャンパス　売店","テイキョウヘイセイダイガクナカノキャンパス　バイテン","⑬ その他の食料・飲料販売業","","東京都中野区中野4丁目21番2号","帝京平成大学　中野キャンパス　1階",35.707524,139.658395,"03-3228-0880","株式会社アイビー・シー・エス","9011001012140","東京都渋谷区渋谷4-4-25","","","","","","","届出","",""
"013114","fBiz00000792600000000061","東京都","中野区","さくらさくみらい　中野","サクラサクミライ　ナカノ","㉖ 集団給食施設","認可保育園","","","","","","株式会社さくらさくみらい","1010001137137","東京都千代田区有楽町一丁目2番2号　東宝日比谷ビル","","","","","","","届出","",""
"013114","fBiz00000792600000000062","東京都","中野区","さくらさくみらい　江原町","サクラサクミライ　エハラチョウ","㉖ 集団給食施設","認可保育園","","","","","","株式会社さくらさくみらい","1010001137137","東京都千代田区有楽町一丁目2番2号　東宝日比谷ビル","","","","","","","届出","",""
"013114","fBiz00000792600000000063","東京都","中野区","さくらさくみらい　弥生町","サクラサクミライ　ヤヨイチョウ","㉖ 集団給食施設","認可保育園","","","","","","株式会社さくらさくみらい","1010001137137","東京都千代田区有楽町一丁目2番2号　東宝日比谷ビル","","","","","","","届出","",""
"013114","fBiz00000835350000002350","東京都","中野区","","","⑬ その他の食料・飲料販売業","小売業（無人販売用冷凍庫）","","","","","","","","","","","","","","","届出","",""
"013114","fBiz00000835350000002351","東京都","中野区","","","⑬ その他の食料・飲料販売業","小売業（無人販売用冷凍庫）","","","","","","","","","","","","","","","届出","",""
"013114","fBiz00000835350000002352","東京都","中野区","","","⑬ その他の食料・飲料販売業","小売業（無人販売用冷凍庫）","","","","","","","","","","","","","","","届出","",""
"013114","fBiz00000835350000002353","東京都","中野区","","","⑬ その他の食料・飲料販売業","小売業（無人販売用冷凍庫）","","","","","","","","","","","","","","","届出","",""
"013114","fBiz00000835350000002354","東京都","中野区","","","⑬ その他の食料・飲料販売業","小売業（無人販売用冷凍庫）","","","","","","","","","","","","","","","届出","",""
"013114","fBiz00000835350000002355","東京都","中野区","","","⑬ その他の食料・飲料販売業","小売業（無人販売用冷凍庫）","","","","","","","","","","","","","","","届出","",""
"013114","fBiz00000835350000002356","東京都","中野区","","","⑬ その他の食料・飲料販売業","小売業（無人販売用冷凍庫）","","","","","","","","","","","","","","","届出","",""
"013114","fBiz00000835350000002357","東京都","中野区","","","⑬ その他の食料・飲料販売業","小売業（無人販売用冷凍庫）","","","","","","","","","","","","","","","届出","",""
"013114","fBiz00000835350000002358","東京都","中野区","","","⑬ その他の食料・飲料販売業","小売業（無人販売用冷凍庫）","","","","","","","","","","","","","","","届出","",""
"013114","fBiz00000835350000002359","東京都","中野区","","","⑬ その他の食料・飲料販売業","小売業（無人販売用冷凍庫）","","","","","","","","","","","","","","","届出","",""
"013114","fBiz00000835350000002360","東京都","中野区","","","⑬ その他の食料・飲料販売業","小売業（無人販売用冷凍庫）","","","","","","","","","","","","","","","届出","",""
"013114","fBiz00000835350000002361","東京都","中野区","","","⑬ その他の食料・飲料販売業","小売業（無人販売用冷凍庫）","","","","","","","","","","","","","","","届出","",""
"013114","fBiz00000835350000002362","東京都","中野区","","","⑬ その他の食料・飲料販売業","小売業（無人販売用冷凍庫）","","","","","","","","","","","","","","","届出","",""
"013114","fBiz00000835350000002363","東京都","中野区","","","⑬ その他の食料・飲料販売業","小売業（無人販売用冷凍庫）","","","","","","","","","","","","","","","届出","",""
"013114","fBiz00000835350000002364","東京都","中野区","","","⑬ その他の食料・飲料販売業","小売業（無人販売用冷凍庫）","","","","","","","","","","","","","","","届出","",""
"013114","fBiz00000835350000002370","東京都","中野区","","","⑬ その他の食料・飲料販売業","小売業（無人販売用冷凍庫）","","","","","","","","","","","","","","","届出","",""
"013114","fBiz00000835350000002371","東京都","中野区","","","⑬ その他の食料・飲料販売業","小売業（無人販売用冷凍庫）","","","","","","","","","","","","","","","届出","",""
"013114","fBiz00000835350000002372","東京都","中野区","","","⑬ その他の食料・飲料販売業","小売業（無人販売用冷凍庫）","","","","","","","","","","","","","","","届出","",""
"013114","fBiz00000835350000002373","東京都","中野区","","","⑬ その他の食料・飲料販売業","小売業（無人販売用冷凍庫）","","","","","","","","","","","","","","","届出","",""
"013114","fBiz00000835350000002374","東京都","中野区","","","⑬ その他の食料・飲料販売業","小売業（無人販売用冷凍庫）","","","","","","","","","","","","","","","届出","",""
"013114","fBiz00000835350000002375","東京都","中野区","","","⑬ その他の食料・飲料販売業","小売業（無人販売用冷凍庫）","","","","","","","","","","","","","","","届出","",""
"013114","fBiz00000835350000002376","東京都","中野区","","","⑬ その他の食料・飲料販売業","小売業（無人販売用冷凍庫）","","","","","","","","","","","","","","","届出","",""
"013114","fBiz00000835350000002377","東京都","中野区","","","⑬ その他の食料・飲料販売業","小売業（無人販売用冷凍庫）","","","","","","","","","","","","","","","届出","",""
"013114","fBiz00000835350000002378","東京都","中野区","","","⑬ その他の食料・飲料販売業","小売業（無人販売用冷凍庫）","","","","","","","","","","","","","","","届出","",""
"013114","fBiz00000835350000002379","東京都","中野区","","","⑬ その他の食料・飲料販売業","小売業（無人販売用冷凍庫）","","","","","","","","","","","","","","","届出","",""
"013114","fBiz00000835350000002380","東京都","中野区","","","⑬ その他の食料・飲料販売業","小売業（無人販売用冷凍庫）","","","","","","","","","","","","","","","届出","",""
"013114","fBiz00000835350000002381","東京都","中野区","","","⑬ その他の食料・飲料販売業","小売業（無人販売用冷凍庫）","","","","","","","","","","","","","","","届出","",""
"013114","fBiz00000835350000002382","東京都","中野区","","","⑬ その他の食料・飲料販売業","小売業（無人販売用冷凍庫）","","","","","","","","","","","","","","","届出","",""
"013114","fBiz00000835350000002383","東京都","中野区","","","⑬ その他の食料・飲料販売業","小売業（無人販売用冷凍庫）","","","","","","","","","","","","","","","届出","",""
"013114","fBiz00000835350000002384","東京都","中野区","","","⑬ その他の食料・飲料販売業","小売業（無人販売用冷凍庫）","","","","","","","","","","","","","","","届出","",""
"013114","fBiz00000835350000002385","東京都","中野区","","","⑬ その他の食料・飲料販売業","小売業（無人販売用冷凍庫）","","","","","","","","","","","","","","","届出","",""
"013114","fBiz00000835350000002386","東京都","中野区","","","⑬ その他の食料・飲料販売業","小売業（無人販売用冷凍庫）","","","","","","","","","","","","","","","届出","",""
"013114","fBiz00000835350000002387","東京都","中野区","","","⑬ その他の食料・飲料販売業","小売業（無人販売用冷凍庫）","","","","","","","","","","","","","","","届出","",""
"013114","fBiz00000835350000002388","東京都","中野区","","","⑬ その他の食料・飲料販売業","小売業（無人販売用冷凍庫）","","","","","","","","","","","","","","","届出","",""
"013114","fBiz00000835350000002389","東京都","中野区","","","⑬ その他の食料・飲料販売業","小売業（無人販売用冷凍庫）","","","","","","","","","","","","","","","届出","",""
"013114","fBiz00000835350000002390","東京都","中野区","","","⑬ その他の食料・飲料販売業","小売業（無人販売用冷凍庫）","","","","","","","","","","","","","","","届出","",""
"013114","fBiz00000835350000002391","東京都","中野区","","","⑬ その他の食料・飲料販売業","小売業（無人販売用冷凍庫）","","","","","","","","","","","","","","","届出","",""
"013114","fBiz00000835350000002392","東京都","中野区","","","⑬ その他の食料・飲料販売業","小売業（無人販売用冷凍庫）","","","","","","","","","","","","","","","届出","",""
"013114","fBiz00000835350000002393","東京都","中野区","","","⑬ その他の食料・飲料販売業","小売業（無人販売用冷凍庫）","","","","","","","","","","","","","","","届出","",""
"013114","fBiz00000835350000002394","東京都","中野区","","","⑬ その他の食料・飲料販売業","小売業（無人販売用冷凍庫）","","","","","","","","","","","","","","","届出","",""
"013114","fBiz00000835350000002395","東京都","中野区","","","⑬ その他の食料・飲料販売業","小売業（無人販売用冷凍庫）","","","","","","","","","","","","","","","届出","",""
"013114","fBiz00000835350000002396","東京都","中野区","","","⑬ その他の食料・飲料販売業","小売業（無人販売用冷凍庫）","","","","","","","","","","","","","","","届出","",""
"013114","fBiz00000835350000002397","東京都","中野区","","","⑬ その他の食料・飲料販売業","小売業（無人販売用冷凍庫）","","","","","","","","","","","","","","","届出","",""
"013114","fBiz00000835350000002398","東京都","中野区","","","⑬ その他の食料・飲料販売業","小売業（無人販売用冷凍庫）","","","","","","","","","","","","","","","届出","",""
"013114","fBiz00000835350000002399","東京都","中野区","","","⑬ その他の食料・飲料販売業","小売業（無人販売用冷凍庫）","","","","","","","","","","","","","","","届出","",""
"013114","fBiz00000835350000002400","東京都","中野区","","","⑬ その他の食料・飲料販売業","小売業（無人販売用冷凍庫）","","","","","","","","","","","","","","","届出","",""
"013114","fBiz00000835350000002401","東京都","中野区","","","⑬ その他の食料・飲料販売業","小売業（無人販売用冷凍庫）","","","","","","","","","","","","","","","届出","",""
"013114","fBiz00000835350000002402","東京都","中野区","","","⑬ その他の食料・飲料販売業","小売業（無人販売用冷凍庫）","","","","","","","","","","","","","","","届出","",""
"013114","fBiz00000835350000002403","東京都","中野区","","","⑬ その他の食料・飲料販売業","小売業（無人販売用冷凍庫）","","","","","","","","","","","","","","","届出","",""
"013114","fBiz00000835350000002404","東京都","中野区","","","⑬ その他の食料・飲料販売業","小売業（無人販売用冷凍庫）","","","","","","","","","","","","","","","届出","",""
"013114","fBiz00000835350000002405","東京都","中野区","","","⑬ その他の食料・飲料販売業","小売業（無人販売用冷凍庫）","","","","","","","","","","","","","","","届出","",""
"013114","fBiz00000835350000002406","東京都","中野区","","","⑬ その他の食料・飲料販売業","小売業（無人販売用冷凍庫）","","","","","","","","","","","","","","","届出","",""
"013114","fBiz00000835350000002407","東京都","中野区","","","⑬ その他の食料・飲料販売業","小売業（無人販売用冷凍庫）","","","","","","","","","","","","","","","届出","",""
"013114","fBiz00000835350000002408","東京都","中野区","","","⑬ その他の食料・飲料販売業","小売業（無人販売用冷凍庫）","","","","","","","","","","","","","","","届出","",""
"013114","fBiz00000835350000002409","東京都","中野区","","","⑬ その他の食料・飲料販売業","小売業（無人販売用冷凍庫）","","","","","","","","","","","","","","","届出","",""
"013114","fBiz00000835350000002410","東京都","中野区","","","⑬ その他の食料・飲料販売業","小売業（無人販売用冷凍庫）","","","","","","","","","","","","","","","届出","",""
"013114","fBiz00000835350000002411","東京都","中野区","","","⑬ その他の食料・飲料販売業","小売業（無人販売用冷凍庫）","","","","","","","","","","","","","","","届出","",""
"013114","fBiz00000835350000002412","東京都","中野区","","","⑬ その他の食料・飲料販売業","小売業（無人販売用冷凍庫）","","","","","","","","","","","","","","","届出","",""
"013114","fBiz00000835350000002413","東京都","中野区","","","⑬ その他の食料・飲料販売業","小売業（無人販売用冷凍庫）","","","","","","","","","","","","","","","届出","",""
"013114","fBiz00000835350000002414","東京都","中野区","","","⑬ その他の食料・飲料販売業","小売業（無人販売用冷凍庫）","","","","","","","","","","","","","","","届出","",""
"013114","fBiz00000835350000002415","東京都","中野区","","","⑬ その他の食料・飲料販売業","小売業（無人販売用冷凍庫）","","","","","","","","","","","","","","","届出","",""
"013114","fBiz00000835350000002416","東京都","中野区","","","⑬ その他の食料・飲料販売業","小売業（無人販売用冷凍庫）","","","","","","","","","","","","","","","届出","",""
"013114","fBiz00000835350000002417","東京都","中野区","","","⑬ その他の食料・飲料販売業","小売業（無人販売用冷凍庫）","","","","","","","","","","","","","","","届出","",""
"013114","fBiz00000835350000002418","東京都","中野区","","","⑬ その他の食料・飲料販売業","小売業（無人販売用冷凍庫）","","","","","","","","","","","","","","","届出","",""
"013114","fBiz00000835350000002419","東京都","中野区","","","⑬ その他の食料・飲料販売業","小売業（無人販売用冷凍庫）","","","","","","","","","","","","","","","届出","",""
"013114","fBiz00000835350000002420","東京都","中野区","","","⑬ その他の食料・飲料販売業","小売業（無人販売用冷凍庫）","","","","","","","","","","","","","","","届出","",""
"013114","fBiz00000835350000002421","東京都","中野区","","","⑬ その他の食料・飲料販売業","小売業（無人販売用冷凍庫）","","","","","","","","","","","","","","","届出","",""
"013114","fBiz00000835350000002422","東京都","中野区","","","⑬ その他の食料・飲料販売業","小売業（無人販売用冷凍庫）","","","","","","","","","","","","","","","届出","",""
"013114","fBiz00000835350000002423","東京都","中野区","","","⑬ その他の食料・飲料販売業","小売業（無人販売用冷凍庫）","","","","","","","","","","","","","","","届出","",""
"013114","fBiz00000835350000002424","東京都","中野区","","","⑬ その他の食料・飲料販売業","小売業（無人販売用冷凍庫）","","","","","","","","","","","","","","","届出","",""
"013114","fBiz00000842980000000082","東京都","中野区","株式会社西友　中野店","カブシキガイシャセイユウ　ナカノテン","⑪ 百貨店、総合スーパー","","東京都中野区中野5-52-15","",35.709235,139.665773,"03-3386-1141","株式会社西友","8011503002037","東京都北区赤羽二丁目１番１号","","","","","","","届出","",""
"013114","fBiz00000861810000000001","東京都","中野区","","","⑯ コーヒー製造・加工業（飲料の製造を除く。）","","","","","","","","","","","","","","","","届出","",""
"013114","fBiz00000884360000000002","東京都","中野区","社会福祉法人南光会中野ひかり保育園","シャカイフクシホウジンナンコウカイナカノヒカリホイクエン","㉖ 集団給食施設","保育所","東京都中野区上鷺宮4-18-8","",35.734974,139.628493,"0339980132","社会福祉法人南光会","2011605001454","東京都練馬区富士見台4-5-14","","","","","","","届出","",""
"013114","fBiz00000887520000000001","東京都","中野区","田中ナースリー若宮保育園","タナカナースリーワカミヤホイクエン","㉖ 集団給食施設","保育所","東京都中野区若宮3-6-9","田中ナースリー若宮保育園",35.720293,139.645415,"0333103366","株式会社田中ナースリー","3011201015650","東京都中野区白鷺１丁目１１番４号","","","","","","","届出","",""
"013114","fBiz00000887520000000002","東京都","中野区","田中ナースリー大和保育園","タナカナースリーヤマトホイクエン","㉖ 集団給食施設","保育所","東京都中野区大和町4-42-4","田中ナースリー大和保育園",35.714565,139.642144,"0333377180","株式会社田中ナースリー","3011201015650","東京都中野区白鷺１丁目１１番４号","","","","","","","届出","",""
"013114","fBiz00000916030000000473","東京都","中野区","ココス中野店","ココスナカノテン","⑬ その他の食料・飲料販売業","","東京都中野区中野6-32-10","オークビル中野1F",35.708882,139.673177,"050-3529-8605","株式会社ココスジャパン","9010401054189","東京都港区港南２丁目１８番１号","","","","","","","届出","",""
"013114","fBiz00000937790000000016","東京都","中野区","ダロワイヨ　中野マルイ店","ダロワイヨ　ナカノマルイテン","⑬ その他の食料・飲料販売業","販売・小売","東京都中野区中野3-34-28","中野マルイ店１F",35.704700,139.665041,"03-3380-5350","株式会社ダロワイヨジャポン","3010001050065","東京都文京区大塚２丁目１５番６号","","","","","","","届出","",""
"013114","fBiz00000971880000000006","東京都","中野区","","","㉖ 集団給食施設","集団給食","","","","","","","","","","","","","","","届出","",""
"013114","fBiz00000997340000000001","東京都","中野区","","","⑬ その他の食料・飲料販売業","","","","","","","","","","","","","","","","届出","",""
"013114","fBiz00000997720000000004","東京都","中野区","ウエルシア新中野駅前店","シンナカノエキマエテン","⑪ 百貨店、総合スーパー","","東京都中野区中央　3丁目34番3号","メイヒル新中野",35.697821,139.671112,"03-5328-7681","ウエルシア薬局株式会社","3030001002411","東京都千代田区外神田2-2-15","","","","","","","届出","",""
"013114","fBiz00001020470000000002","東京都","中野区","","","㉖ 集団給食施設","保育園","","","","","","","","","","","","","","","届出","",""
"013114","fBiz00001021810000000034","東京都","中野区","FEALDS","フィールズ","㉕ 行商","","","","","","","阿部賢","","","","","","","","","届出","",""
"013114","fBiz00001034980000000001","東京都","中野区","","","⑬ その他の食料・飲料販売業","","","","","","","","","","","","","","","","届出","",""
"013114","fBiz00001058870000000001","東京都","中野区","ウエルシア中野富士見町駅前店","ウエルシアナカノフジミチョウエキマエテン","⑪ 百貨店、総合スーパー","ドラッグストア","東京都中野区弥生町5-26-9","",35.691019,139.668060,"03-5341-3989","ウエルシア薬局株式会社","3030001002411","東京都千代田区外神田2-2-15","","","","","","","届出","",""
"013114","fBiz00001064710000000001","東京都","中野区","ファミリーマート中野白鷺店","ファミリーマートナカノシラサギテン","⑩ コンビニエンスストア","コンビニエンスストア","東京都中野区白鷺１－２４－５","",35.719298,139.636421,"0353275906","有限会社クリエ","9013302021472","東京都豊島区東池袋３－１－４メゾンサンシャイン１０１６号室","","","","","","","届出","",""
"013114","fBiz00001069000000000001","東京都","中野区","ウエルシア中野新橋店","ナカノシンバシテン","⑪ 百貨店、総合スーパー","ドラッグストア","東京都中野区弥生町2-4-9","ツナシマ第三ビル1F・B1",35.691346,139.676732,"0353330933","ウエルシア薬局株式会社","3030001002411","東京都千代田区外神田2-2-15","","","","","","","届出","",""
"013114","fBiz00001072230000000001","東京都","中野区","ウエルシア中野都立家政2号店","ウエルシアナカノトリツカセイニゴウテン","⑪ 百貨店、総合スーパー","ドラッグストア","東京都中野区鷺宮1-28-7","鷺宮フラッツ１F",35.723702,139.643976,"03-5327-6856","ウエルシア薬局株式会社","3030001002411","東京都千代田区外神田2-2-15","","","","","","","届出","",""
"013114","fBiz00001073130000000145","東京都","中野区","中野駅構内3-4ホーム(10026481)","ナカノエキコウナイサンヨンバンセンホーム","③ 乳類販売業","乳類販売業（自動販売機）","東京都中野区中野五丁目31番1号","",35.705424,139.665767,"0368627381","株式会社ＪＲ東日本クロスステーション","3011101042662","東京都渋谷区千駄ヶ谷５丁目３３番８号","","","","","","","届出","",""
"013114","fBiz00001073130000000146","東京都","中野区","東中野駅構内改札外東口(81045991)","ヒガシナカノエキコウナイカイサツガイヒガシグチ","③ 乳類販売業","乳類販売業（自動販売機）","東京都中野区東中野四丁目1番12号","",35.706518,139.682692,"0368627381","株式会社ＪＲ東日本クロスステーション","3011101042662","東京都渋谷区千駄ヶ谷５丁目３３番８号","","","","","","","届出","",""
"013114","fBiz00001073130000000147","東京都","中野区","中野駅5-6H新宿方階段裏（10020264）","ナカノエキゴロクバンセンシンジュクカタカイダンウラ","③ 乳類販売業","乳類販売業（自動販売機）","東京都中野区中野五丁目31番1号","",35.705424,139.665767,"0368627381","株式会社ＪＲ東日本クロスステーション","3011101042662","東京都渋谷区千駄ヶ谷５丁目３３番８号","","","","","","","届出","",""
"013114","fBiz00001073130000000148","東京都","中野区","中野駅1-2H階段間（81040621）","ナカノエキイチニバンセンカイダンアイダ","③ 乳類販売業","乳類販売業（自動販売機）","東京都中野区中野五丁目31番1号","",35.705424,139.665767,"0368627381","株式会社ＪＲ東日本クロスステーション","3011101042662","東京都渋谷区千駄ヶ谷５丁目３３番８号","","","","","","","届出","",""
"013114","fBiz00001073130000000149","東京都","中野区","中野駅1-2H新宿方そば屋前（81042356）","ナカノエキイチニバンセンシンジュクカタソバヤマエ","③ 乳類販売業","乳類販売業（自動販売機）","東京都中野区中野五丁目31番1号","",35.705424,139.665767,"0368627381","株式会社ＪＲ東日本クロスステーション","3011101042662","東京都渋谷区千駄ヶ谷５丁目３３番８号","","","","","","","届出","",""
"013114","fBiz00001086890000000008","東京都","中野区","株式会社丸井","カブシキガイシャマルイ","⑪ 百貨店、総合スーパー","百貨店","東京都中野区四丁目3番2号","",35.707533,139.663759,"03-3384-0101","株式会社丸井","1011201012121","東京都中野区中野四丁目3番2号","","","","","","","届出","",""
"013114","fBiz00001091890000000015","東京都","中野区","筑前屋 中野店","チクゼンヤナカノテン","⑬ その他の食料・飲料販売業","飲食店営業","東京都中野区中野5丁目57-2 ","アミューズ中野ビル",35.708026,139.666657,"03-5942-4181","株式会社カスタマーズディライト","2010001202682","東京都江東区新砂１丁目６番３５号Ｎビル東陽町６階","","","","","","","届出","",""
"013114","fBiz00001096180000000004","東京都","中野区","キッズハーモニー・ひがしなかの","キッズハーモニー・ヒガシナカノ","㉖ 集団給食施設","","東京都中野区東中野4-4-26","",35.706286,139.683520,"03-5330-5117","株式会社パソナフォスター　","9010001069240","東京都港区南青山3丁目1番30号","","","","","","","届出","",""
"013114","fBiz00001106020000000196","東京都","中野区","ケンタッキー・フライド・チキン中野駅前","ケンタッキー・フライド・チキンナカノエキマエ","⑬ その他の食料・飲料販売業","飲食業","東京都中野区中野５－６２－６","",35.706493,139.666250,"03-5380-7105","日本ケンタッキー・フライド・チキン株式会社","9011001095004","神奈川県横浜市西区みなとみらい4-4-5","","","","","","","届出","",""
"013114","fBiz00001106020000000202","東京都","中野区","ケンタッキー・フライド・チキン中野五差路","ケンタッキー・フライド・チキンナカノゴサロ","⑬ その他の食料・飲料販売業","飲食業","東京都中野区中央4-61-4","",35.702756,139.666033,"03-5328-1311","日本ケンタッキー・フライド・チキン株式会社","9011001095004","神奈川県横浜市西区みなとみらい4-4-5","","","","","","","届出","",""
"013114","fBiz00001139360000000011","東京都","中野区","","","⑬ その他の食料・飲料販売業","","","","","","","","","","","","","","","","届出","",""
"013114","fBiz00001141080000000003","東京都","中野区","千串屋　東中野店","センクシヤ　ヒガシナカノテン","② 食肉販売業（包装済みの食肉のみの販売）","","東京都中野区東中野1-56-8","日生ビル1階",35.706072,139.684457,"03-5937-4464","株式会社シーエス","2011101037721","東京都渋谷区初台一丁目５１番１号","","","","","","","届出","",""
"013114","fBiz00001141080000000011","東京都","中野区","千串屋　東中野店","センクシヤ　ヒガシナカノテン","② 食肉販売業（包装済みの食肉のみの販売）","","東京都中野区東中野1-56-8","日生ビル1階",35.706072,139.684457,"03-5937-4464","株式会社シーエス","2011101037721","東京都渋谷区初台一丁目５１番１号","","","","","","","届出","",""
"013114","fBiz00001144080000000005","東京都","中野区","","","⑬ その他の食料・飲料販売業","","","","","","","","","","","","","","","","届出","",""
"013114","fBiz00001153130000000001","東京都","中野区","とちの木保育園","トチノキホイクエン","㉖ 集団給食施設","","東京都中野区上鷺宮3-8-8","",35.732612,139.632071,"","育和会とちの木保育園","1011205001236","東京都中野区上鷺宮3-8-8","","","","","","","届出","",""
"013114","fBiz00001157760000000064","東京都","中野区","","","⑬ その他の食料・飲料販売業","","","","","","","","","","","","","","","","届出","",""
"013114","fBiz00001159590000001481","東京都","中野区","","","⑫ 自動販売機による販売業（コップ式自動販売機（自動洗浄・屋内設置）及び営業許可の対象となる自動販売機を除く）","","","","","","","","","","","","","","","","届出","",""
"013114","fBiz00001162050000000001","東京都","中野区","中野マルイ無印良品","ナカノマルイムジルシリョウヒン","⑬ その他の食料・飲料販売業","","東京都中野区中野3丁目34-28","",35.704700,139.665041,"","株式会社良品計画","5013301012443","東京都豊島区東池袋4丁目26-3","","","","","","","届出","",""
"013114","fBiz00001187580000000001","東京都","中野区","ファミリーマート中野弥生町一丁目店","ファミリーマートナカノヤヨイチョウイッチョウメテン","⑩ コンビニエンスストア","コンビニエンスストア","東京都中野区弥生町１－３８－５","",35.687624,139.677218,"0353023144","合同会社パース","2013303001694","東京都豊島区東池袋３－１－４メゾンサンシャイン１０１６号室","","","","","","","届出","",""
"013114","fBiz00001205590000000191","東京都","中野区","すき家　中野坂上店","スキヤ　ナカノサカウエテン","⑬ その他の食料・飲料販売業","牛丼屋","東京都中野区中央二丁目30番2号","ｸﾞﾗﾝﾄﾞｰﾙ中野1階",35.697684,139.679144,"","株式会社すき家","2010401093920","東京都港区港南２丁目１８番１号","","","","","","","届出","",""
"013114","fBiz00001205590000000192","東京都","中野区","すき家　新中野駅前店","スキヤ　シンナカノエキマエテン","⑬ その他の食料・飲料販売業","牛丼屋","東京都中野区本町四丁目30番26号","成瀬ビル1F",35.697346,139.671248,"","株式会社すき家","2010401093920","東京都港区港南２丁目１８番１号","","","","","","","届出","",""
"013114","fBiz00001221150000000013","東京都","中野区","中野坂上催事","ナカノサカウエサイジ","⑬ その他の食料・飲料販売業","催事","東京都中野区本町二丁目48-2東京メトロ中野坂上駅構内","",35.697068,139.682161,"03-5246-8126","株式会社メトロコマース","7010501025331","東京都台東区東上野六丁目９番３号","","","","","","","届出","",""
"013114","fBiz00001229240000000007","東京都","中野区","洋菓子工房ZEN","ヨウガシコウボウゼン","㉕ 行商","行商　","","","","","","株式会社快善プロジェクト","5012801007226","東京都立川市羽衣町2-34-4","","","","","","","届出","",""
"013114","fBiz00001246580000000005","東京都","中野区","中野ここわ保育園","ナカノココワホイクエン","㉖ 集団給食施設","","東京都中野区中野5-4-7","",35.709134,139.672172,"0353189963","株式会社ディアローグ","1013201013784","東京都渋谷区渋谷3-8-12渋谷第一生命ビルディング7Ｆ","","","","","","","届出","",""
"013114","fBiz00002094120000000003","東京都","中野区","","","⑬ その他の食料・飲料販売業","","","","","","","","","","","","","","","","届出","",""
"013114","fBiz00001246580000000006","東京都","中野区","江古田ここわ保育園","エコダココワホイクエン","㉖ 集団給食施設","","東京都中野区江古田1-11-5","",35.725295,139.673842,"03-3565-6292","株式会社ディアローグ","1013201013784","東京都渋谷区渋谷3-8-12渋谷第一生命ビルディング7Ｆ","","","","","","","届出","",""
"013114","fBiz00001272130000000204","東京都","中野区","生活協同組合コープみらい　コープ中野中央店","セイカツキョウドウクミアイコープミライ　コープナカノチュウオウテン","⑪ 百貨店、総合スーパー","店舗","東京都中野区中央5-41-18","",35.701876,139.665972,"033382-3191","生活協同組合コープみらい","5030005001408","埼玉県さいたま市南区根岸１丁目５番５号","","","","","","","届出","",""
"013114","fBiz00001272130000000206","東京都","中野区","生活協同組合コープみらい　コープ中野鷺宮店","セイカツキョウドウクミアイコープミライ　コープナカノサギノミヤテン","⑪ 百貨店、総合スーパー","店舗","東京都中野区鷺宮2-18-8","",35.726096,139.647754,"03-5364-9027","生活協同組合コープみらい","5030005001408","埼玉県さいたま市南区根岸１丁目５番５号","","","","","","","届出","",""
"013114","fBiz00001287220000000987","東京都","中野区","サイゼリヤ新中野店","サイゼリヤシンナカノテン","⑬ その他の食料・飲料販売業","","東京都中野区中央4-3-4","JESCO新中野ﾋﾞﾙ1F",35.697751,139.669363,"03-5328-7631","株式会社サイゼリヤ","8030001065552","埼玉県吉川市旭2番地5","","","","","","","届出","",""
"013114","fBiz00001290580000000002","東京都","中野区","癒しの新井薬師","イヤシノアライヤクシ","㉖ 集団給食施設","","東京都中野区上高田3-39-7","",35.715161,139.671557,"03-3386-6332","ジェイシーサービス株式会社","2010001019433","千葉県浦安市入船１丁目５番２号","","","","","","","届出","",""
"013114","fBiz00001290610000000159","東京都","中野区","ヴィ・ド・フランス中野坂上店","ヴィ・ド・フランスナカノサカウエテン","⑬ その他の食料・飲料販売業","","東京都中野区本町2-46-1 ","ｻﾝﾌﾞﾗｲﾄﾂｲﾝ北棟B1F",35.696691,139.682149,"03-3299-2931","株式会社ヴィ・ド・フランス","3010001074766","東京都千代田区岩本町３丁目１０番１号","","","","","","","届出","",""
"013114","fBiz00001290610000000163","東京都","中野区","ヴィ・ド・フランス野方店","ヴィ・ド・フランスノガタテン","⑬ その他の食料・飲料販売業","","東京都中野区野方6-3-3","",35.719577,139.652761,"03-3223-8190","株式会社ヴィ・ド・フランス","3010001074766","東京都千代田区岩本町３丁目１０番１号","","","","","","","届出","",""
"013114","fBiz00001290610000000215","東京都","中野区","デリフランス東中野店","デリフランスヒガシナカノテン","⑬ その他の食料・飲料販売業","","東京都中野区東中野4-4-26","ｱﾄﾚｳﾞｨ東中野１F",35.706286,139.683520,"03-5332-5705","株式会社ヴィ・ド・フランス","3010001074766","東京都千代田区岩本町３丁目１０番１号","","","","","","","届出","",""
"013114","fBiz00001293680000000007","東京都","中野区","健康ショップサニーマート都立家政店","ケンコウショップサニーマートトリツカセイテン","⑬ その他の食料・飲料販売業","小売業","東京都中野区若宮3-22-3","",35.722257,139.644172,"0333105681","株式会社サニーマート本店","5013301005034","東京都豊島区西池袋３丁目２９番１４号","","","","","","","届出","",""
"013114","fBiz00001294470000000009","東京都","中野区","","","⑩ コンビニエンスストア","","","","","","","","","","","","","","","","届出","",""
"013114","fBiz00001313190000000001","東京都","中野区","株式会社　ヨーク　　ヨークフーズ中野店","カブシキガイシャ　ヨーク　ヨークフーズナカノテン","⑪ 百貨店、総合スーパー","","東京都中野区中野4-3-1","中野サンクオーレB1F",35.708810,139.664600,"03-3388-7111","株式会社　ヨーク","8010001088324","東京都江東区青海2丁目5番10号　テレコムセンター西棟12階","","","","","","","届出","",""
"013114","fBiz00001321140000000007","東京都","中野区","ローソン中野本町一丁目店","ローソンナカノホンチョウイッチョウメテン","⑩ コンビニエンスストア","コンビニエンスストア","東京都中野区本町1-25-10","",35.695589,139.682908,"0363006996","","","","","","","","","","届出","",""
"013114","fBiz00001333600000000045","東京都","中野区","","","⑩ コンビニエンスストア","コンビニエンスストア","","","","","","","","","","","","","","","届出","",""
"013114","fBiz00001344550000000001","東京都","中野区","","","⑨ 通信販売・訪問販売による販売業","","","","","","","","","","","","","","","","届出","",""
"013114","fBiz00001354960000000018","東京都","中野区","","","⑦ 野菜果物販売業","","","","","","","","","","","","","","","","届出","",""
"013114","fBiz00001362560000000078","東京都","中野区","イタリアンダイニング　ドナ中野坂上","イタリアンダイニング　ドナナカノサカウエ","⑬ その他の食料・飲料販売業","","東京都中野区本町2-46-1","サンブライトツインＢ1階",35.696691,139.682149,"03-5308-5265","東和フードサービス株式会社","6010401083455","東京都港区新橋３丁目２０番１号","","","","","","","届出","",""
"013114","fBiz00001367700000000003","東京都","中野区","なかみなみコスモ保育園","ナカミナミコスモホイクエン","㉖ 集団給食施設","","東京都中野区南台3-6-17","クリスタルコート88　3階",35.685819,139.668258,"0353422921","株式会社コスモズ","4012401022766","東京都小金井市東町４丁目４２番１－２０６号","","","","","","","届出","",""
"013114","fBiz00001370590000000009","東京都","中野区","","","⑥ 弁当販売業","","","","","","","","","","","","","","","","届出","",""
"013114","fBiz00001394320000000002","東京都","中野区","ファミリーマート中野中央二丁目店","ファミリーマートナカノチュウオウニチョウメテン","⑩ コンビニエンスストア","","東京都中野区中央二丁目３６番１２号","マルマン株式会社本社ビル１階",35.700858,139.680283,"03-5348-4353","株式会社ビッグトラスト","4011101049351","東京都新宿区大久保2丁目18番17号","","","","","","","届出","",""
"013114","fBiz00001394320000000004","東京都","中野区","ファミリーマート鷺宮駅前店","ファミリーマートサギノミヤエキマエテン","⑩ コンビニエンスストア","コンビニエンスストア","東京都中野区鷺宮三丁目２０番3号","１階",35.723681,139.638326,"","株式会社ビッグトラスト","4011101049351","東京都新宿区大久保2丁目18番17号","","","","","","","届出","",""
"013114","fBiz00001398150000000001","東京都","中野区","みらいえ保育園中野富士見町","ミライエホイクエンナカノフジミチョウ","㉖ 集団給食施設","保育所","東京都中野区弥生町2-48-3","グランフォース中野富士見町1F",35.690093,139.669605,"0363825590","株式会社みらい開発研究所","3012401024508","東京都武蔵野市吉祥寺本町2-4-14　吉祥寺第一ホテル１f","","","","","","","届出","",""
"013114","fBiz00001411110000000003","東京都","中野区","コンビプラザ中野保育園","コンビプラザナカノホイクエン","㉖ 集団給食施設","","東京都中野区中野４－６－２０","",35.709520,139.664000,"","コンビウィズ株式会社","9010501017054","東京都台東区元浅草2-6-7","","","","","","","届出","",""
"013114","fBiz00002122550000000006","東京都","中野区","株式会社坂本商店","カブシキガイシャサカモトショウテン","⑬ その他の食料・飲料販売業","製造販売","東京都中野区新井1-29-8","",35.712296,139.667222,"0333862862","株式会社坂本商店","6010701003897","東京都品川区東五反田１丁目１４番９号","","","","","","","届出","",""
"013114","fBiz00001439730000000006","東京都","中野区","サービス付き高齢者向け住宅コープみらいえ中野","サービスツキコウレイシャムケジュウタクコープミライエナカノ","㉖ 集団給食施設","","東京都中野区中央5-41-18","",35.701876,139.665972,"03-6382-7270","生活協同組合コープみらい","5030005001408","埼玉県さいたま市南区根岸１丁目５番５号","","","","","","","届出","",""
"013114","fBiz00001445140000000025","東京都","中野区","松屋　鷺宮店","マツヤ　サギノミヤテン","① 飲食店営業","牛丼屋","東京都中野区鷺宮3-18-3 ","エレガンス鷺ノ宮1Ｆ",35.722983,139.638792,"03-5364-1547","株式会社松屋フーズ","8012401033917","東京都武蔵野市中町一丁目14番5号","４中健衛食第３７７号",2022/09/29,2022/09/29,2022/09/29,2029/09/30,"","許可","",""
"013114","fBiz00001445140000000052","東京都","中野区","松屋　中野富士見町店","マツヤ　ナカノフジミチョウ","① 飲食店営業","牛丼屋","東京都中野区弥生町5丁目27番地7号","プレミール富士見1F",35.690825,139.667193,"080-5928-0514","株式会社松屋フーズ","8012401033917","東京都武蔵野市中町一丁目14番5号","４中健衛食第４４８号",2022/10/18,2022/10/18,2022/10/18,2029/10/31,"","許可","",""
"013114","fBiz00001449740000000002","東京都","中野区","コンビプラザ弥生町保育園","コンビプラザヤヨイチョウホイクエン","㉖ 集団給食施設","保育施設","東京都中野区弥生町2丁目41-2","",35.691569,139.672799,"03-6382-5508","コンビウィズ株式会社","9010501017054","東京都台東区元浅草二丁目6番7号","","","","","","","届出","",""
"013114","fBiz00001500330000000002","東京都","中野区","","","⑬ その他の食料・飲料販売業","飲食店等","","","","","","","","","","","","","","","届出","",""
"013114","fBiz00001506440000000007","東京都","中野区","ミスタードーナツ東中野ショップ","ミスタードーナツヒガシナカノショップ","⑬ その他の食料・飲料販売業","飲食業","東京都中野区東中野4-4-5","",35.706643,139.683825,"03-5337-6677","","","","","","","","","","届出","",""
"013114","fBiz00001531110000000021","東京都","中野区","地産マルシェ 中野店","チサンマルシェ ナカノテン","⑬ その他の食料・飲料販売業","","東京都中野区中野2-19-2","中野第1 OSビル1F",35.703042,139.667850,"0353429551","ファームドゥ株式会社","7070001009614","群馬県高崎市箕郷町下芝７６０番地","","","","","","","届出","",""
"013114","fBiz00001531110000000028","東京都","中野区","地産マルシェ 小滝橋店","チサンマルシェ オタキバシテン","⑬ その他の食料・飲料販売業","","東京都中野区東中野5-25-6","",35.710619,139.692035,"0359372716","ファームドゥ株式会社","7070001009614","群馬県高崎市箕郷町下芝７６０番地","","","","","","","届出","",""
"013114","fBiz00001544430000000009","東京都","中野区","ナーサリールームベリーベアー中野","ナーサリールームベリーベアーナカノ","㉖ 集団給食施設","","東京都中野区上高田1丁目39番14号","",35.710816,139.674249,"","株式会社ネス・コーポレーション","8010401047185","東京都港区芝５丁目１４番１号","","","","","","","届出","",""
"013114","fBiz00001559880000000001","東京都","中野区","","","⑬ その他の食料・飲料販売業","小売","","","","","","","","","","","","","","","届出","",""
"013114","fBiz00001578840000000001","東京都","中野区","花水木　中野マルイ店","ハナミズキ　ナカノマルイテン","⑬ その他の食料・飲料販売業","小売り","東京都中野区中野3-34-28","中野マルイ1F",35.704700,139.665041,"0363048034","株式会社花水木","2050001042324","茨城県つくば市二の宮4-14-4","","","","","","","届出","",""
"013114","fBiz00001622330000000012","東京都","中野区","コロット東中野店","コロットヒガシナカノテン","⑬ その他の食料・飲料販売業","包装した菓子販売","東京都中野区東中野４丁目１－１２","東中野駅 改札外西口",35.706518,139.682692,"03-6851-0075","株式会社ＪＲ東日本クロスステーション","3011101042662","東京都渋谷区千駄ヶ谷５丁目３３番８号","","","","","","","届出","",""
"013114","fBiz00001644210000000019","東京都","中野区","","","㉖ 集団給食施設","集団給食施設","","","","","","","","","","","","","","","届出","",""
"013114","fBiz00001672260000000002","東京都","中野区","ラ・パン 中野ショップ","ラ・パン　ナカノショップ","⑬ その他の食料・飲料販売業","","東京都中野区中野３－３４－２８","中野マルイ１F正面入口",35.704700,139.665041,"03-6382-7150","株式会社ＮＪＳ","8011001128037","東京都渋谷区神宮前３－５－２","","","","","","","届出","",""
"013114","fBiz00001712720000000010","東京都","中野区","ノガタシックス","ノガタシックス","⑥ 弁当販売業","店舗で製造・梱包した商品の販売","東京都中野区中野4-13","四季の森公園",35.707992,139.661311,"","株式会社Sthank","3011201023109","東京都中野区野方6丁目10番8号 ","","","","","","","届出","",""
"013114","fBiz00001811540000000003","東京都","中野区","RS24中野小松屋店","ラーメンストックニジュウヨンナカノコマツヤテン","⑬ その他の食料・飲料販売業","","東京都中野区中野2-28-8","",35.703217,139.666026,"","株式会社凪スピリッツジャパン","6011101053632","東京都中央区銀座３丁目１３番１１－３階","","","","","","","届出","",""
"013114","fBiz00001963550000000072","東京都","中野区","株式会社コモディイイダ　中野店","カブシキカイシャコモディイイダ　ナカノテン","⑪ 百貨店、総合スーパー","","東京都中野区上高田2-1","",35.709747,139.672793,"0333853166","株式会社コモディイイダ","1011501001600","東京都北区滝野川7－27－7","","","","","","","届出","",""
"013114","fBiz00001963550000000073","東京都","中野区","株式会社コモディイイダ　中野店","カブシキカイシャコモディイイダ　ナカノテン","⑪ 百貨店、総合スーパー","","東京都中野区上高田2-1","",35.709747,139.672793,"0333853166","株式会社コモディイイダ","1011501001600","東京都北区滝野川7－27－7","","","","","","","届出","",""
"013114","fBiz00001963550000000074","東京都","中野区","株式会社コモディイイダ　沼袋店","カブシキガイシャコモディイイダ　ヌマブクロテン","⑪ 百貨店、総合スーパー","","東京都中野区沼袋2-14","",35.723593,139.668567,"0353803151","株式会社コモディイイダ","1011501001600","東京都北区滝野川7－27－7","","","","","","","届出","",""
"013114","fBiz00001963550000000079","東京都","中野区","株式会社コモディイイダ　中野店","カブシキカイシャコモディイイダ　ナカノテン","⑪ 百貨店、総合スーパー","","東京都中野区上高田2-1","",35.709747,139.672793,"0333853166","株式会社コモディイイダ","1011501001600","東京都北区滝野川7－27－7","","","","","","","届出","",""
"013114","fBiz00001963550000000080","東京都","中野区","株式会社コモディイイダ　沼袋店","カブシキガイシャコモディイイダ　ヌマブクロテン","⑪ 百貨店、総合スーパー","","東京都中野区沼袋2-14","",35.723593,139.668567,"0353803151","株式会社コモディイイダ","1011501001600","東京都北区滝野川7－27－7","","","","","","","届出","",""
"013114","fBiz00001963870000000001","東京都","中野区","CONNECTPIECECOFFEE","コネクトピースコーヒー","⑯ コーヒー製造・加工業（飲料の製造を除く。）","コーヒー製造、加工業","東京都中野区弥生町1丁目50番地2号","YAYOISOU201号室",35.689804,139.677488,"08012825832","飛田瑛博","","東京都中野区弥生町1丁目50番地2号","","","","","","","届出","",""
"013114","fBiz00001989670000000004","東京都","中野区","","","⑬ その他の食料・飲料販売業","冷凍ピザの無人販売","","","","","","","","","","","","","","","届出","",""
"013114","fBiz00002176810000000002","東京都","中野区","株式会社赤羽商店","カブシキガイシャアカハショウテン","㉒ 海藻製造・加工業","加工業","東京都中野区中野区中央４－１８－６","",35.699285,139.668029,"0333812772","株式会社赤羽商店","7011201000153","東京都中野区中央４丁目１８番６号","","","","","","","届出","",""
"013114","fBiz00002215170000000052","東京都","中野区","おさつ本舗","オサツホンポ","⑦ 野菜果物販売業","移動販売","","","","","09035307201","","","","","","","","","","届出","",""
"013114","fBiz00002220020000000004","東京都","中野区","","","⑬ その他の食料・飲料販売業","通信販売","","","","","","","","","","","","","","","届出","",""
"013114","fBiz00002225490000000001","東京都","中野区","コンビプラザ宮の台保育園","コンビプラザミヤノダイホイクエン","㉖ 集団給食施設","保育所","東京都中野区本町4-14-12","",35.694594,139.672714,"03-6382-8087","コンビウィズ株式会社","9010501017054","東京都台東区元浅草2-6-7","","","","","","","届出","",""
"013114","fBiz00002267270000000001","東京都","中野区","こゝからはじまる、珈琲。","ココカラハジマルコーヒー","⑯ コーヒー製造・加工業（飲料の製造を除く。）","","","","","","","久保谷翔太","","東京都中野区南台3-33-15","","","","","","","届出","",""
"013114","fBiz00002351190000000001","東京都","中野区","","","⑦ 野菜果物販売業","野菜果物販売業","","","","","","","","","","","","","","","届出","",""
"013114","fBiz00002355120000000048","東京都","中野区","株式会社リンクファクトリー","カブシキガイシャリンクファクトリー","㉕ 行商","","東京都中野区内一円","",35.707533,139.663759,"","株式会社リンクファクトリー","7190001019659","大阪府大阪市北区梅田2-4-9ブリーゼタワー1F","","","","","","","届出","",""
"013114","fBiz00002388820000000002","東京都","中野区","","","⑯ コーヒー製造・加工業（飲料の製造を除く。）","","","","","","","","","","","","","","","","届出","",""
"013114","fBiz00002459330000000013","東京都","中野区","","","⑬ その他の食料・飲料販売業","","","","","","","","","","","","","","","","届出","",""
"013114","fBiz00002574850000000016","東京都","中野区","Bug Screaming","バグスクリーミング","㉕ 行商","","東京都中野区東京都中野区全域","",35.707533,139.663759,"","株式会社Ｄｏｕｂｌｅ　Ｔｅｅ","4010901040313","東京都世田谷区粕谷２丁目６番１５号","","","","","","","届出","",""
"013114","fBiz00002965770000000001","東京都","中野区","あいロード広場","アイロードヒロバ","⑥ 弁当販売業","","東京都中野区新井1丁目22-6","",35.711795,139.667511,"09014670620","中村妙子","","千葉県市川市新井3丁目8-13プランドール吉野201","","","","","","","届出","",""
"013114","fBiz00003047860000000002","東京都","中野区","","","⑯ コーヒー製造・加工業（飲料の製造を除く。）","コーヒー豆の焙煎及び販売","","","","","","","","","","","","","","","届出","",""
"013114","fBiz00003052680000000002","東京都","中野区","","","⑯ コーヒー製造・加工業（飲料の製造を除く。）","","","","","","","","","","","","","","","","届出","",""
"013114","fBiz00003118970000000001","東京都","中野区","","","⑬ その他の食料・飲料販売業","","","","","","","","","","","","","","","","届出","",""
"013114","fBiz00003252850000000001","東京都","中野区","ウエルシア中野さぎの宮店","ウエルシアナカノサギノミヤテン","⑪ 百貨店、総合スーパー","ドラッグストア","東京都中野区鷺宮三丁目１９番３号","",35.723062,139.638295,"03-3310-6751","ウエルシア薬局株式会社","3030001002411","東京都千代田区外神田2-2-15","","","","","","","届出","",""
"013114","fBiz00003253950000000001","東京都","中野区","ウエルシア中野都立家政店","ウエルシアナカノトリツカセイテン","⑪ 百貨店、総合スーパー","ドラッグストア","東京都中野区鷺宮一丁目２８番９号","",35.723899,139.643973,"03-5327-6856","ウエルシア薬局株式会社","3030001002411","東京都千代田区外神田2-2-15","","","","","","","届出","",""
"013114","fBiz00003258110000000001","東京都","中野区","Enrich Coffee","エンリッチコーヒー","⑯ コーヒー製造・加工業（飲料の製造を除く。）","","東京都中野区新井1-37-11","KATOマンション２　２０３号室",35.712971,139.666873,"080-6641-9362","木川田レオ","","東京都中野区新井1-37-11","","","","","","","届出","",""
