"自治体コード","行番号","都道府県名","市区町村名","営業施設名称、屋号又は商号","営業施設名称、屋号又は商号（フリガナ）","営業の種類","業態","営業施設所在地","営業施設方書","緯度","経度","営業施設電話番号","法人名","法人番号","法人住所","許可番号","初回許可年月日","許可年月日","許可開始日","許可満了日","廃業年月日","申請区分","許可条件","備考"
"032000","fBiz00000102240000000002","島根県","松江市","ハートフルみずほ","ハートフルミズホ","㉖ 集団給食施設","","島根県邑智郡邑南町下田所334","",34.850847,132.517267,"0855-83-1944","社会福祉法人おおなん福祉会","7280005004771","島根県邑智郡邑南町上亀谷2180-2","","","","","","","届出","",""
"032000","fBiz00000109480000000001","島根県","松江市","出雲乳児保育所","イズモニュウジホイクショ","㉖ 集団給食施設","保育所","島根県出雲市今市町1694-8","",35.363688,132.765404,"0853-21-0774","社会福祉法人　出雲乳児福祉会","3220301000049","島根県出雲市今市町1694-8","","","","","","","届出","",""
"032000","fBiz00000109520000000002","島根県","松江市","社会福祉法人壽光会　たいしゃ保育園","シャカイフクシホウジン　タイシャホイクエン","㉖ 集団給食施設","","島根県出雲市大社町杵築南1235","",35.394382,132.682723,"0853532423","社会福祉法人壽光会　","1280005003250","島根県出雲市湖陵町差海318番地１","","","","","","","届出","",""
"032000","fBiz00000109560000000001","島根県","松江市","","","㉖ 集団給食施設","集団給食","","","","","","","","","","","","","","","届出","",""
"032000","fBiz00000112980000000001","島根県","松江市","西日本フード株式会社","ニシニッポンフード","① 魚介類販売業（包装済みの魚介類のみの販売）","","島根県浜田市原井町３０５０番地４２（浜田水産物流センター）","",34.889013,132.062985,"0855-24-0312","西日本フード株式会社","1290001022575","福岡県福岡市博多区冷泉町２番１号博多祇園Ｍ－ＳＱＵＡＲＥ４階","","","","","","","届出","",""
"032000","fBiz00000112980000000001","島根県","松江市","西日本フード株式会社","ニシニッポンフード","⑦ 野菜果物販売業","","島根県浜田市原井町３０５０番地４２（浜田水産物流センター）","",34.889013,132.062985,"0855-24-0312","西日本フード株式会社","1290001022575","福岡県福岡市博多区冷泉町２番１号博多祇園Ｍ－ＳＱＵＡＲＥ４階","","","","","","","届出","",""
"032000","fBiz00000112980000000001","島根県","松江市","西日本フード株式会社","ニシニッポンフード","⑬ その他の食料・飲料販売業","","島根県浜田市原井町３０５０番地４２（浜田水産物流センター）","",34.889013,132.062985,"0855-24-0312","西日本フード株式会社","1290001022575","福岡県福岡市博多区冷泉町２番１号博多祇園Ｍ－ＳＱＵＡＲＥ４階","","","","","","","届出","",""
"032000","fBiz00000112980000000002","島根県","松江市","西日本フード株式会社","ニシニッポンフードカブシキガイシャ","② 食肉販売業（包装済みの食肉のみの販売）","","島根県浜田市原井町3050番42","",34.889013,132.062985,"","西日本フード株式会社","1290001022575","福岡県福岡市博多区冷泉町２番１号博多祇園Ｍ－ＳＱＵＡＲＥ４階","","","","","","","届出","",""
"032000","fBiz00000113870000000001","島根県","松江市","梨の木園","ナシノキエン","㉖ 集団給食施設","","島根県安来市飯梨町303-1","",35.396633,133.202822,"0854-28-6048","社会福祉法人せんだん会梨の木園","8280005002469","島根県安来市飯梨町303-1","","","","","","","届出","",""
"032000","fBiz00000114120000000076","島根県","松江市","スーパードラッグひまわり姫原店","スーパードラッグヒマワリヒメバラテン","⑬ その他の食料・飲料販売業","","島根県出雲市姫原3丁目8番地1","",35.373880,132.758643,"0853-25-8077","株式会社ププレひまわり","7240001032020","広島県福山市西新涯町二丁目10番11号","","","","","","","届出","",""
"032000","fBiz00000115920000000318","島根県","松江市","カルディコーヒーファーム　ゆめタウン出雲店","カルディコーヒーファーム　ユメタウンイズモテン","⑬ その他の食料・飲料販売業","食品販売","島根県出雲市大塚町650-1","ゆめタウン出雲1Ｆ",35.376962,132.754940,"0853-21-7703","株式会社キャメル珈琲","6010901003292","東京都世田谷区代田2-31-8","","","","","","","届出","",""
"032000","fBiz00000117080000000001","島根県","松江市","中国化成工業株式会社","チュウゴクカセイコウギョウカブシキガイシャ","㉗ 器具、容器包装の製造・加工業（合成樹脂が使用された器具又は容器包装の製造、加工に限る。）","その他の製造業（食品用プラスチック製品）","島根県飯石郡飯南町下赤名452-1","",35.004353,132.717763,"0854-76-2258","中国化成工業株式会社","4140001081773","島根県飯石郡飯南町下赤名452-1","","","","","","","届出","",""
"032000","fBiz00000120000000000001","島根県","松江市","","","㉖ 集団給食施設","通所介護施設","","","","","","","","","","","","","","","届出","",""
"032000","fBiz00000122000000000001","島根県","松江市","特別養護老人ホームあかぎの里","トクベツヨウゴロウジンホームアカギノサト","㉖ 集団給食施設","","島根県飯石郡飯南町野萱1831-2","",35.030085,132.742429,"0854-76-2600","特別養護老人ホームあかぎの里","6280005006430","島根県飯石郡飯南町野萱1831-2","","","","","","","届出","",""
"032000","fBiz00000122090000000001","島根県","松江市","","","㉙ その他","","","","","","","","","","","","","","","","届出","",""
"032000","fBiz00000122110000000001","島根県","松江市","","","㉙ その他","調剤薬局","","","","","","","","","","","","","","","届出","",""
"032000","fBiz00000123970000000002","島根県","松江市","かみや園＋","カミヤエンプラス","㉑ 製茶業","茶葉の製造","島根県雲南市木次町宇谷1304","",35.274373,132.944208,"09059772449","後藤礼子","","島根県雲南市木次町宇谷1304","","","","","","","届出","",""
"032000","fBiz00000124310000000004","島根県","松江市","株式会社シンメイ　島根工場","カブシキガイシャシンメイ　シマネコウジョウ","㉗ 器具、容器包装の製造・加工業（合成樹脂が使用された器具又は容器包装の製造、加工に限る。）","","島根県雲南市木次町山方346-27","",35.316794,132.911051,"","","","","","","","","","","届出","",""
"032000","fBiz00000125150000000001","島根県","松江市","海咲丸","ミサキマル","㉒ 海藻製造・加工業","","島根県出雲市十六島町515-13","",35.460135,132.749655,"09051673871","西川哲平","","島根県出雲市国富町640-1","","","","","","","届出","",""
"032000","fBiz00000125460000000001","島根県","松江市","社会医療法人清和会　西川病院","シャカイイリョウホウジンセイワカイニシカワビョウイン","㉖ 集団給食施設","","島根県浜田市港町293-2","",34.904040,132.067990,"0855-22-2390","社会医療法人清和会","3280005004098","島根県浜田市港町293-2","","","","","","","届出","",""
"032000","fBiz00000125460000000002","島根県","松江市","社会医療法人清和会　ヴィレッジせいわ","シャカイイリョウホウジンセイワカイ　ヴィレッジセイワ","㉖ 集団給食施設","","島根県浜田市港町277","",34.902840,132.067280,"","社会医療法人清和会","3280005004098","島根県浜田市港町293-2","","","","","","","届出","",""
"032000","fBiz00000126050000000001","島根県","松江市","かにかに家","カニカニヤ","④ 氷雪販売業","小売店","島根県出雲市高岡町442-1","",35.383402,132.758088,"0853-22-8899","株式会社小林冷蔵","4280001003152","島根県出雲市高岡町４５０番地","","","","","","","届出","",""
"032000","fBiz00000126050000000002","島根県","松江市","株式会社小林冷蔵","カブシキガイシャコバヤシレイゾウ","⑯ 水産製品製造業","卸売","島根県出雲市高岡町450","",35.383873,132.757611,"0853-23-1950","株式会社小林冷蔵","4280001003152","島根県出雲市高岡町４５０番地","指令出保075号の0013",2025/03/04,2025/03/04,2025/03/04,2030/05/31,"","許可","",""
"032000","fBiz00000126050000000003","島根県","松江市","株式会社小林冷蔵","カブシキガイシャコバヤシレイゾウ","㉙ その他","冷凍・冷蔵倉庫での保管業","島根県出雲市高岡町450","",35.383873,132.757611,"0853-23-1950","株式会社小林冷蔵","4280001003152","島根県出雲市高岡町４５０番地","","","","","","","届出","",""
"032000","fBiz00000126780000000001","島根県","松江市","マルハマ食品株式会社　醤油工場","マルハマショクヒンカブシキガイシャ　ショウユコウジョウ","㉔ その他の食料品製造・加工業","","島根県浜田市周布町イ100番地","",34.864550,132.022537,"0855260700","マルハマ食品株式会社","4280001004423","島根県浜田市周布町イ１００番地","","","","","","","届出","",""
"032000","fBiz00000126780000000002","島根県","松江市","マルハマ食品　株式会社　レトルト第一工場","マルハマショクヒン　カブシキガイシャ　レトルトダイイチコウジョウ","⑭ 清涼飲料水製造業","","島根県浜田市周布町イ63-25","",34.864341,132.022492,"0855-26-0700","マルハマ食品株式会社","4280001004423","島根県浜田市周布町イ１００番地","060540002",2024/12/12,2024/12/12,2024/12/12,2030/05/31,"","許可","",""
"032000","fBiz00000126780000000004","島根県","松江市","マルハマ食品株式会社　レトルト第二工場","マルハマショクヒンカブシキガイシャ　レトルトダイニコウジョウ","⑭ 清涼飲料水製造業","","島根県浜田市原井町3050-24","",34.884756,132.060973,"0855-22-9555","マルハマ食品株式会社","4280001004423","島根県浜田市周布町イ１００番地","060540001",2024/11/19,2024/11/19,2024/11/19,2029/11/30,"","許可","",""
"032000","fBiz00000129110000000002","島根県","松江市","","","㉖ 集団給食施設","","","","","","","","","","","","","","","","届出","",""
"032000","fBiz00000129180000000022","島根県","松江市","ダイソー　出雲天神店","ダイソー　イズモテンジンテン","⑬ その他の食料・飲料販売業","","島根県出雲市天神町１５１","",35.364822,132.737998,"","株式会社大創産業","7240001022681","広島県東広島市西条吉行東一丁目４番１４号","","","","","","","届出","",""
"032000","fBiz00000129890000000002","島根県","松江市","","","㉖ 集団給食施設","","","","","","","","","","","","","","","","届出","",""
"032000","fBiz00000130720000000101","島根県","松江市","コーナンホームストック津和野店","コーナンホームストックツワノテン","⑪ 百貨店、総合スーパー","販売業","島根県鹿足郡津和野町森村　ロ82番16","",34.460392,131.778060,"0856724013","","","大阪府堺市西区鳳東町4丁401番地1","","","","","","","届出","",""
"032000","fBiz00000130980000000001","島根県","松江市","岩﨑農園","イワサキノウエン","⑦ 野菜果物販売業","製造販売","島根県安来市島田町１１８０","",35.424593,133.299146,"0854221416","岩﨑裕美子","","島根県安来市島田町１１８０","","","","","","","届出","",""
"032000","fBiz00000132760000000006","島根県","松江市","鳥取大西コルク株式会社　浜田工場","トットリオオニシコルクカブシキカイシャ　ハマダコウジョウ","㉗ 器具、容器包装の製造・加工業（合成樹脂が使用された器具又は容器包装の製造、加工に限る。）","","島根県浜田市内村町本郷131","",34.847126,132.044166,"0855260554","株式会社大西コルク工業所","3140001074902","兵庫県加東市家原５７５番地","","","","","","","届出","",""
"032000","fBiz00000135490000000180","島根県","松江市","ファミリーマート　島根大学医学部附属病院","ファミリーマート　シマネダイガクイガクブフゾクビョウイン","⑩ コンビニエンスストア","コンビニエンスストア","島根県出雲市塩冶町８９番地１","",35.347466,132.754673,"0853-24-7610","株式会社ファミリーマート","2013301010706","東京都港区芝浦三丁目１番２１号 ","","","","","","","届出","",""
"032000","fBiz00000138370000000001","島根県","松江市","","","㉖ 集団給食施設","","","","","","","","","","","","","","","","届出","",""
"032000","fBiz00000138630000000001","島根県","松江市","うさぎ山こども園","ウサギヤマコドモエン","㉖ 集団給食施設","社会福祉施設","島根県江津市和木町518-1","うさぎ山こども園",35.001024,132.204560,"0855541425","","","","","","","","","","届出","",""
"032000","fBiz00000138700000000001","島根県","松江市","江津市立めぐみ保育園","ゴウツシリツメグミホイクエン","㉖ 集団給食施設","集団給食","島根県江津市江津町1016-47","",35.013844,132.216742,"0855522555","明蓮会","6280005004467","島根県江津市都野津町2325-3","","","","","","","届出","",""
"032000","fBiz00000138910000000016","島根県","松江市","","","⑫ 自動販売機による販売業（コップ式自動販売機（自動洗浄・屋内設置）及び営業許可の対象となる自動販売機を除く）","","","","","","","","","","","","","","","","届出","",""
"032000","fBiz00000140820000000001","島根県","松江市","社会福祉法人　小国福祉会","シャカイフクシホウジン　オグニフクシカイ","㉖ 集団給食施設","保育施設","島根県浜田市金城町小国イ１４２番地１","",34.816524,132.198822,"0855440136","社会福祉法人小国福祉会","2280005004140","島根県浜田市金城町小国イ１４２番地１","","","","","","","届出","",""
"032000","fBiz00000141770000000001","島根県","松江市","道の駅　酒蔵奥出雲交流館","ミチノエキ　サカグラオクイズモコウリュウカン","⑬ その他の食料・飲料販売業","酒類小売販売","島根県仁多郡奥出雲町亀嵩1380-1","",35.227763,133.087196,"0854-57-0888","奥出雲酒造株式会社","5280001005635","島根県仁多郡奥出雲町亀嵩１３８０番地１","","","","","","","届出","",""
"032000","fBiz00000141890000000250","島根県","松江市","ダイナム安来店","ダイナムヤスギテン","⑤ コップ式自動販売機（自動洗浄・屋内設置）","","島根県安来市吉佐町1049番2","",35.411195,133.318223,"070-1455-9414","株式会社日本ヒュウマップ","4011501008097","東京都荒川区西日暮里5丁目15番7","","","","","","","届出","",""
"032000","fBiz00000141890000000346","島根県","松江市","ダイナム出雲店","ダイナムイズモテン","⑤ コップ式自動販売機（自動洗浄・屋内設置）","","島根県出雲市平野町339番地1","",35.386245,132.745096,"070-1455-8954","株式会社日本ヒュウマップ","4011501008097","東京都荒川区西日暮里5丁目15番7","","","","","","","届出","",""
"032000","fBiz00000141890000000471","島根県","松江市","めん太郎　安来店","メンタロウ　ヤスギテン","① 飲食店営業","一般食堂","島根県安来市吉佐町1049番2","パチンコダイナム安来店内",35.411335,133.318223,"070-1455-9414","株式会社日本ヒュウマップ","4011501008097","東京都荒川区西日暮里5丁目15番7","松保第56号の8026",2023/11/20,2023/11/20,2023/12/01,2028/11/30,"","許可","特記事項なし",""
"032000","fBiz00000141890000000543","島根県","松江市","めん六や島根益田店","メンロクヤシマネマスダテン","① 飲食店営業","一般食堂A","島根県益田市高津七丁目13番34号","",34.692311,131.818923,"070-1455-6743","株式会社日本ヒュウマップ","4011501008097","東京都荒川区西日暮里5丁目15番7","060418216",2003/09/29,2024/11/20,2024/12/01,2029/11/30,"","許可","",""
"032000","fBiz00000145420000000511","島根県","松江市","フーズマーケットホック大社浜山店　清流物語","フーズマーケットホックタイシャハマヤマテン　セイリュウモノガタリ","⑫ 自動販売機による販売業（コップ式自動販売機（自動洗浄・屋内設置）及び営業許可の対象となる自動販売機を除く）","水の量り売り自動販売機","島根県出雲市大社町入南608-1","",35.385178,132.713872,"","ビーエスエス株式会社","3010001122467","東京都江東区有明3丁目6番11号","","","","","","","届出","",""
"032000","fBiz00000145420000000514","島根県","松江市","フーズマーケットホック大社店　清流物語","フーズマーケットホックタイシャテン　セイリュウモノガタリ","⑫ 自動販売機による販売業（コップ式自動販売機（自動洗浄・屋内設置）及び営業許可の対象となる自動販売機を除く）","","島根県出雲市大社町北荒木625番地2","",35.386188,132.694033,"","ビーエスエス株式会社","3010001122467","東京都江東区有明3丁目6番11号","","","","","","","届出","",""
"032000","fBiz00000145420000000520","島根県","松江市","フーズマーケットホック塩冶店　清流物語","フーズマーケットホックエンヤテン　セイリュウモノガタリ","⑫ 自動販売機による販売業（コップ式自動販売機（自動洗浄・屋内設置）及び営業許可の対象となる自動販売機を除く）","水の量り売り自動販売機","島根県出雲市塩冶町1200","",35.357282,132.752214,"","ビーエスエス株式会社","3010001122467","東京都江東区有明3丁目6番11号","","","","","","","届出","",""
"032000","fBiz00000145420000000534","島根県","松江市","フーズマーケットホックプラーナ店　清流物語","フーズマーケットホックプラーナテン　セイリュウモノガタリ","⑫ 自動販売機による販売業（コップ式自動販売機（自動洗浄・屋内設置）及び営業許可の対象となる自動販売機を除く）","水の量り売り自動販売機","島根県安来市安来町761-4","",35.426695,133.247503,"","ビーエスエス株式会社","3010001122467","東京都江東区有明3丁目6番11号","","","","","","","届出","",""
"032000","fBiz00000146310000000968","島根県","松江市","スターバックスコーヒー出雲大社店","スターバックスコーヒーイズモタイシャテン","⑬ その他の食料・飲料販売業","喫茶店","島根県出雲市大社町杵築南841","",35.396411,132.685629,"0853-53-8812","スターバックスコーヒージャパン株式会社","7011001031943","東京都品川区上大崎2-25-2","","","","","","","届出","",""
"032000","fBiz00000146310000000973","島根県","松江市","スターバックスコーヒーゆめタウン出雲店","スターバックスコーヒーユメタウンイズモテン","⑬ その他の食料・飲料販売業","喫茶店","島根県出雲市大塚町650-1","ゆめタウン出雲東館２Ｆ",35.376962,132.754940,"0853-24-8210","スターバックスコーヒージャパン株式会社","7011001031943","東京都品川区上大崎2-25-2","","","","","","","届出","",""
"032000","fBiz00000146310000002007","島根県","松江市","スターバックスコーヒー 出雲今市店","スターバックスコーヒー イズモイマイチテン","① 飲食店営業","カフェ","島根県出雲市今市町北本町4丁目1番16","",35.368107,132.761475,"0853-27-9379","スターバックスコーヒージャパン株式会社","7011001031943","東京都品川区上大崎2-25-2","指令出保第060号の0083",2023/09/21,2023/09/21,2023/09/21,2028/11/30,"","許可","特記事項なし",""
"032000","fBiz00000146310000002008","島根県","松江市","スターバックスコーヒー 出雲今市店","スターバックスコーヒー イズモイマイチテン","⑬ その他の食料・飲料販売業","喫茶店","島根県出雲市今市町北本町4丁目1番16","",35.368107,132.761475,"0853-27-9379","スターバックスコーヒージャパン株式会社","7011001031943","東京都品川区上大崎2-25-2","","","","","","","届出","",""
"032000","fBiz00000149320000000003","島根県","松江市","業務用食品スーパー出雲店","ギョウムヨウショクヒンスーパーイズモテン","⑦ 野菜果物販売業","","島根県出雲市塩冶町952","",35.353582,132.757725,"0853-23-8818","株式会社さんちゃんマート","4280001007293","島根県松江市乃白町薬師前3-3","","","","","","","届出","",""
"032000","fBiz00000149320000000004","島根県","松江市","ダイレックス出雲店","ダイレックスイズモテン","⑦ 野菜果物販売業","","島根県出雲市渡橋町12-3","",35.366710,132.751316,"0853-25-9422","株式会社さんちゃんマート","4280001007293","島根県松江市乃白町薬師前3-3","","","","","","","届出","",""
"032000","fBiz00000151170000000002","島根県","松江市","","","㉖ 集団給食施設","","","","","","","","","","","","","","","","届出","",""
"032000","fBiz00000152430000000001","島根県","松江市","社会福祉法人あい川保育園","アイカワホイクエン","㉖ 集団給食施設","保育園給食","島根県出雲市斐川町併川1500-1","",35.373277,132.792563,"0853-31-8686","","","","","","","","","","届出","",""
"032000","fBiz00000162820000000001","島根県","松江市","特別養護老人ホーム白寿園","トクベツヨウゴロウジンホームハクジュエン","㉖ 集団給食施設","","島根県江津市江津町1110","",35.013449,132.217667,"0855520006","社会福祉法人恩賜財団済生会","3010405001696","東京都港区三田1-4-28　三田国際ビル21階","","","","","","","届出","",""
"032000","fBiz00000162850000000006","島根県","松江市","ドラッグストアウェルネス平田西店","ドラッグストアウェルネスヒラタニシテン","⑬ その他の食料・飲料販売業","ドラッグストア","島根県出雲市平田町1615","",35.428495,132.812854,"0853-63-7810","株式会社ツルハグループドラッグ&ファーマシー西日本","9240001021698","広島県広島市西区井口明神一丁目１番１０号","","","","","","","届出","",""
"032000","fBiz00000162850000000029","島根県","松江市","ドラッグストアウェルネス北本町店","ドラッグストアウェルネスキタホンマチテン","⑬ その他の食料・飲料販売業","ドラッグストア","島根県出雲市今市町北本町5丁目2-7","",35.368917,132.763578,"0853-30-0354","株式会社ツルハグループドラッグ&ファーマシー西日本","9240001021698","広島県広島市西区井口明神一丁目１番１０号","","","","","","","届出","",""
"032000","fBiz00000162850000000030","島根県","松江市","ドラッグストアウェルネス塩冶店","ドラッグストアウェルネスエンヤテン","⑬ その他の食料・飲料販売業","","島根県出雲市塩冶有原町5-11","",35.358347,132.745981,"0853-24-8555","株式会社ツルハグループドラッグ&ファーマシー西日本","9240001021698","広島県広島市西区井口明神一丁目１番１０号","","","","","","","届出","",""
"032000","fBiz00000162850000000031","島根県","松江市","ドラッグストアウェルネス出雲駅南店","ドラッグストアウェルネスイズモエキナンテン","⑬ その他の食料・飲料販売業","ドラッグストア","島根県出雲市駅南町3丁目13-1","",35.358598,132.757618,"0853-20-1550","株式会社ツルハグループドラッグ&ファーマシー西日本","9240001021698","広島県広島市西区井口明神一丁目１番１０号","","","","","","","届出","",""
"032000","fBiz00000162850000000032","島根県","松江市","ドラッグストアウェルネス大塚店","ドラッグストアウェルネスオオツカテン","⑬ その他の食料・飲料販売業","","島根県出雲市大塚町750-1","",35.378797,132.750896,"0853-20-1622","株式会社ツルハグループドラッグ&ファーマシー西日本","9240001021698","広島県広島市西区井口明神一丁目１番１０号","","","","","","","届出","",""
"032000","fBiz00000162850000000033","島根県","松江市","ドラッグストアウェルネス白枝店","ドラッグストアウェルネスシロエダテン","⑬ その他の食料・飲料販売業","ドラッグストア","島根県出雲市白枝町551-1","",35.366141,132.733640,"0853-20-1616","株式会社ツルハグループドラッグ&ファーマシー西日本","9240001021698","広島県広島市西区井口明神一丁目１番１０号","","","","","","","届出","",""
"032000","fBiz00000162850000000034","島根県","松江市","ドラッグストアウェルネス出雲駅北店","ドラッグストアウェルネスイズモエキキタテン","⑬ その他の食料・飲料販売業","ドラッグストア","島根県出雲市駅北町1番","",35.360686,132.754102,"0853-20-1557","株式会社ツルハグループドラッグ&ファーマシー西日本","9240001021698","広島県広島市西区井口明神一丁目１番１０号","","","","","","","届出","",""
"032000","fBiz00000162850000000035","島根県","松江市","ドラッグストアウェルネス平田中ノ島店","ドラッグストアウェルネスヒラタナカノシマテン","⑬ その他の食料・飲料販売業","","島根県出雲市平田町7201","",35.440533,132.824965,"0853-63-5505","株式会社ツルハグループドラッグ&ファーマシー西日本","9240001021698","広島県広島市西区井口明神一丁目１番１０号","","","","","","","届出","",""
"032000","fBiz00000162850000000036","島根県","松江市","ドラッグストアウェルネス出雲ドーム北店","ドラッグストアウェルネスイズモドームキタテン","⑬ その他の食料・飲料販売業","","島根県出雲市平野町488-2","",35.385180,132.741190,"0853-24-8899","株式会社ツルハグループドラッグ&ファーマシー西日本","9240001021698","広島県広島市西区井口明神一丁目１番１０号","","","","","","","届出","",""
"032000","fBiz00000162850000000037","島根県","松江市","ドラッグストアウェルネス出雲大社店","ドラッグストアウェルネスイズモタイシャテン","⑬ その他の食料・飲料販売業","","島根県出雲市大社町北荒木1212-2","",35.387653,132.695034,"0853-53-8018","株式会社ツルハグループドラッグ&ファーマシー西日本","9240001021698","広島県広島市西区井口明神一丁目１番１０号","","","","","","","届出","",""
"032000","fBiz00000162850000000038","島根県","松江市","ドラッグストアウェルネス神門店","ドラッグストアウェルネスカンドテン","⑬ その他の食料・飲料販売業","","島根県出雲市神門町880","",35.339192,132.711770,"0853-24-8860","株式会社ツルハグループドラッグ&ファーマシー西日本","9240001021698","広島県広島市西区井口明神一丁目１番１０号","","","","","","","届出","",""
"032000","fBiz00000162850000000039","島根県","松江市","ドラッグストアウェルネス大東店","ドラッグストアウェルネスダイトウテン","⑬ その他の食料・飲料販売業","","島根県雲南市大東町下阿用4-7","",35.322156,132.962511,"0854-43-8877","株式会社ツルハグループドラッグ&ファーマシー西日本","9240001021698","広島県広島市西区井口明神一丁目１番１０号","","","","","","","届出","",""
"032000","fBiz00000162850000000040","島根県","松江市","ドラッグストアウェルネス三刀屋中央店","ドラッグストアウェルネスミトヤチュウオウテン","⑬ その他の食料・飲料販売業","","島根県雲南市三刀屋町三刀屋32-1","",35.296211,132.885179,"0854-45-0355","株式会社ツルハグループドラッグ&ファーマシー西日本","9240001021698","広島県広島市西区井口明神一丁目１番１０号","","","","","","","届出","",""
"032000","fBiz00000162850000000041","島根県","松江市","ドラッグストアウェルネス掛合店","ドラッグストアウェルネスカケヤテン","⑬ その他の食料・飲料販売業","","島根県雲南市掛合町掛合2150-16","",35.202516,132.814870,"0854-62-9577","株式会社ツルハグループドラッグ&ファーマシー西日本","9240001021698","広島県広島市西区井口明神一丁目１番１０号","","","","","","","届出","",""
"032000","fBiz00000162850000000042","島根県","松江市","ドラッグストアウェルネス三刀屋店","ドラッグストアウェルネスミトヤテン","⑬ その他の食料・飲料販売業","","島根県雲南市三刀屋町下熊谷1666番2","",35.301415,132.891890,"0854-47-7715","株式会社ツルハグループドラッグ&ファーマシー西日本","9240001021698","広島県広島市西区井口明神一丁目１番１０号","","","","","","","届出","",""
"032000","fBiz00000162850000000043","島根県","松江市","ドラッグストアウェルネス横田店","ドラッグストアウェルネスヨコタテン","⑬ その他の食料・飲料販売業","ドラッグストア","島根県仁多郡奥出雲町下横田49-1","",35.177220,133.087657,"0854-52-9177","株式会社ツルハグループドラッグ&ファーマシー西日本","9240001021698","広島県広島市西区井口明神一丁目１番１０号","","","","","","","届出","",""
"032000","fBiz00000162850000000044","島根県","松江市","ドラッグストアウェルネス隠岐の島店","ドラッグストアウェルネスオキノシマテン","⑬ その他の食料・飲料販売業","ドラッグストア","島根県隠岐郡隠岐の島町下西788","",36.208678,133.314525,"08512-3-0277","株式会社ツルハグループドラッグ&ファーマシー西日本","9240001021698","広島県広島市西区井口明神一丁目１番１０号","","","","","","","届出","",""
"032000","fBiz00000162850000000045","島根県","松江市","ドラッグストアウェルネス西郷店","ドラッグストアウェルネスサイゴウテン","⑬ その他の食料・飲料販売業","ドラッグストア","島根県隠岐郡隠岐の島町西町八尾の一3番2","",36.203857,133.333489,"08512-2-9125","株式会社ツルハグループドラッグ&ファーマシー西日本","9240001021698","広島県広島市西区井口明神一丁目１番１０号","","","","","","","届出","",""
"032000","fBiz00000162850000000051","島根県","松江市","ドラッグストアウェルネス大田店","ドラッグストアウェルネスオオダテン","⑬ その他の食料・飲料販売業","","島根県大田市長久町長久ロ264-13","",35.198944,132.490349,"0854-84-0365","株式会社ツルハグループドラッグ&ファーマシー西日本","9240001021698","広島県広島市西区井口明神一丁目１番１０号","","","","","","","届出","",""
"032000","fBiz00000162850000000052","島根県","松江市","ドラッグストアウェルネス大田中央店","ドラッグストアウェルネスオオダチュウオウテン","⑬ その他の食料・飲料販売業","","島根県大田市大田町大田イ194-1","",35.197045,132.500926,"0854-83-1777","株式会社ツルハグループドラッグ&ファーマシー西日本","9240001021698","広島県広島市西区井口明神一丁目１番１０号","","","","","","","届出","",""
"032000","fBiz00000162850000000053","島根県","松江市","ドラッグストアウェルネス川本店","ドラッグストアウェルネスカワモトテン","⑬ その他の食料・飲料販売業","","島根県邑智郡川本町因原734-1","",34.963810,132.472646,"0855-72-3017","株式会社ツルハグループドラッグ&ファーマシー西日本","9240001021698","広島県広島市西区井口明神一丁目１番１０号","","","","","","","届出","",""
"032000","fBiz00000162850000000054","島根県","松江市","ドラッグストアウェルネス江津店","ドラッグストアウェルネスゴウツテン","⑬ その他の食料・飲料販売業","ドラッグストア","島根県江津市和木町603-35","",35.001575,132.201139,"0855-54-0077","株式会社ツルハグループドラッグ&ファーマシー西日本","9240001021698","広島県広島市西区井口明神一丁目１番１０号","","","","","","","届出","",""
"032000","fBiz00000162850000000126","島根県","松江市","ドラッグストアウェルネス斐川店","ドラッグストアウェルネスヒカワテン","⑬ その他の食料・飲料販売業","","島根県出雲市斐川町上直江1303-1","",35.386578,132.808204,"0853-73-3553","株式会社ツルハグループドラッグ&ファーマシー西日本","9240001021698","広島県広島市西区井口明神一丁目１番１０号","","","","","","","届出","",""
"032000","fBiz00000162850000000127","島根県","松江市","ドラッグストアウェルネス下古志店","ドラッグストアウェルネスシモコシテン","⑬ その他の食料・飲料販売業","ドラッグストア","島根県出雲市下古志町701-5","",35.341077,132.736853,"0853-24-8185","株式会社ツルハグループドラッグ&ファーマシー西日本","9240001021698","広島県広島市西区井口明神一丁目１番１０号","","","","","","","届出","",""
"032000","fBiz00000162850000000128","島根県","松江市","ドラッグストアウェルネス出雲中野店","ドラッグストアウェルネスイズモナカノテン","⑬ その他の食料・飲料販売業","ドラッグストア","島根県出雲市中野町265-1","",35.380445,132.768855,"0853-24-9220","株式会社ツルハグループドラッグ&ファーマシー西日本","9240001021698","広島県広島市西区井口明神一丁目１番１０号","","","","","","","届出","",""
"032000","fBiz00000162850000000165","島根県","松江市","ドラッグストアウェルネス浜田西店","ドラッグストアウェルネスハマダニシテン","⑬ その他の食料・飲料販売業","ドラッグストア","島根県浜田市日脚町1220-3","",34.865701,132.026715,"0855-24-7250","株式会社ツルハグループドラッグ&ファーマシー西日本","9240001021698","広島県広島市西区井口明神一丁目１番１０号","","","","","","","届出","",""
"032000","fBiz00000162850000000166","島根県","松江市","ドラッグストアウェルネス片庭店","ドラッグストアウェルネスカタニワテン","⑬ その他の食料・飲料販売業","ドラッグストア","島根県浜田市片庭町86-10","",34.898663,132.072743,"0855-25-1087","株式会社ツルハグループドラッグ&ファーマシー西日本","9240001021698","広島県広島市西区井口明神一丁目１番１０号","","","","","","","届出","",""
"032000","fBiz00000162850000000167","島根県","松江市","ドラッグストアウェルネス益田中吉田店","ドラッグストアウェルネスマスダナカヨシダテン","⑬ その他の食料・飲料販売業","ドラッグストア","島根県益田市中吉田町1084-1","",34.687941,131.841169,"0856-31-1317","株式会社ツルハグループドラッグ&ファーマシー西日本","9240001021698","広島県広島市西区井口明神一丁目１番１０号","","","","","","","届出","",""
"032000","fBiz00000162850000000168","島根県","松江市","ドラッグストアウェルネス六日市店","ドラッグストアウェルネスムイカイチテン","⑬ その他の食料・飲料販売業","ドラッグストア","島根県鹿足郡吉賀町六日市４２２－１","",34.351906,131.938650,"0856-77-3177","株式会社ツルハグループドラッグ&ファーマシー西日本","9240001021698","広島県広島市西区井口明神一丁目１番１０号","","","","","","","届出","",""
"032000","fBiz00000162850000000172","島根県","松江市","ドラッグストアウェルネス安来店","ドラッグストアウェルネスヤスギテン","⑬ その他の食料・飲料販売業","","島根県安来市飯島町399","",35.433703,133.239983,"0854-23-7750","株式会社ツルハグループドラッグ&ファーマシー西日本","9240001021698","広島県広島市西区井口明神一丁目１番１０号","","","","","","","届出","",""
"032000","fBiz00000162850000000277","島根県","松江市","ドラッグストアウェルネス益田高津店","ドラッグストアウェルネスマスダタカツテン","⑬ その他の食料・飲料販売業","ドラッグストア","島根県益田市高津7-9-34","",34.689851,131.822151,"0856-31-8170","株式会社ツルハグループドラッグ&ファーマシー西日本","9240001021698","広島県広島市西区井口明神一丁目１番１０号","","","","","","","届出","",""
"032000","fBiz00000162850000000348","島根県","松江市","ドラッグストアウェルネス上塩冶店","ドラッグストアウェルネスカミエンヤテン","⑬ その他の食料・飲料販売業","ドラッグストア","島根県出雲市上塩冶町2662-1","",35.354662,132.761514,"0853-31-8255","株式会社ツルハグループドラッグ&ファーマシー西日本","9240001021698","広島県広島市西区井口明神一丁目１番１０号","","","","","","","届出","",""
"032000","fBiz00000162850000000371","島根県","松江市","ドラッグストアウェルネス隠岐の島北店","ドラッグストアウェルネスオキノシマキタテン","⑬ その他の食料・飲料販売業","ドラッグストア","島根県隠岐郡隠岐の島町平平ノ前84-7","",36.209150,133.321695,"08512-2-7025","株式会社ツルハグループドラッグ&ファーマシー西日本","9240001021698","広島県広島市西区井口明神一丁目１番１０号","","","","","","","届出","",""
"032000","fBiz00000165100000000005","島根県","松江市","寿製菓株式会社　カノザ大社店","コトブキセイカカブシキガイシャ　カノザタイシャテン","⑬ その他の食料・飲料販売業","","島根県出雲市大社町杵築南775-1","大社神門通り沿い いずも縁結び本舗北店内",35.395157,132.686506,"08030269170","壽製菓株式会社","3270001004375","鳥取県米子市旗ヶ崎２０２８番地","","","","","","","届出","",""
"032000","fBiz00000165100000000014","島根県","松江市","アトネスいずも 寿製菓","アトネスイズモ　コトブキセイカ","⑬ その他の食料・飲料販売業","","島根県出雲市駅北町10-3","",35.361013,132.758605,"0853227571","壽製菓株式会社","3270001004375","鳥取県米子市旗ヶ崎２０２８番地","","","","","","","届出","",""
"032000","fBiz00000165100000000015","島根県","松江市","いずも結菓里庵","イズモユカリアン","⑬ その他の食料・飲料販売業","","島根県出雲市駅北町11番地","アトネスいずも西館内",35.360794,132.756552,"0853227511","壽製菓株式会社","3270001004375","鳥取県米子市旗ヶ崎２０２８番地","","","","","","","届出","",""
"032000","fBiz00000168180000000014","島根県","松江市","株式会社　ムラタ栄興　イワミ営業所（大田）","カブシキガイシャ　ムラタエイコウ　イワミエイギョウショ","③ 乳類販売業","事業所内の社内売店","島根県大田市大田町大田イ795番地1","",35.191494,132.526440,"0854826540","株式会社　ムラタ栄興","2130001029908","京都府長岡京市天神2丁目26-10","","","","","","","届出","",""
"032000","fBiz00000168180000000014","島根県","松江市","株式会社　ムラタ栄興　イワミ営業所（大田）","カブシキガイシャ　ムラタエイコウ　イワミエイギョウショ","⑥ 弁当販売業","事業所内の社内売店","島根県大田市大田町大田イ795番地1","",35.191494,132.526440,"0854826540","株式会社　ムラタ栄興","2130001029908","京都府長岡京市天神2丁目26-10","","","","","","","届出","",""
"032000","fBiz00000168180000000014","島根県","松江市","株式会社　ムラタ栄興　イワミ営業所（大田）","カブシキガイシャ　ムラタエイコウ　イワミエイギョウショ","⑦ 野菜果物販売業","事業所内の社内売店","島根県大田市大田町大田イ795番地1","",35.191494,132.526440,"0854826540","株式会社　ムラタ栄興","2130001029908","京都府長岡京市天神2丁目26-10","","","","","","","届出","",""
"032000","fBiz00000168180000000014","島根県","松江市","株式会社　ムラタ栄興　イワミ営業所（大田）","カブシキガイシャ　ムラタエイコウ　イワミエイギョウショ","⑬ その他の食料・飲料販売業","事業所内の社内売店","島根県大田市大田町大田イ795番地1","",35.191494,132.526440,"0854826540","株式会社　ムラタ栄興","2130001029908","京都府長岡京市天神2丁目26-10","","","","","","","届出","",""
"032000","fBiz00000215650000000235","島根県","松江市","","","⑤ コップ式自動販売機（自動洗浄・屋内設置）","","","","","","","","","","","","","","","","届出","",""
"032000","fBiz00000168180000000015","島根県","松江市","株式会社　ムラタ栄興　イワミ営業所（羽根）","カブシキガイシャ　ムラタエイコウ　イワミエイギョウショ","③ 乳類販売業","事業所内の社内売店","島根県大田市波根町字西ノ迫800番4","",35.354388,135.269331,"0854859238","株式会社　ムラタ栄興","2130001029908","京都府長岡京市天神2丁目26-10","","","","","","","届出","",""
"032000","fBiz00000168180000000015","島根県","松江市","株式会社　ムラタ栄興　イワミ営業所（羽根）","カブシキガイシャ　ムラタエイコウ　イワミエイギョウショ","⑥ 弁当販売業","事業所内の社内売店","島根県大田市波根町字西ノ迫800番4","",35.354388,135.269331,"0854859238","株式会社　ムラタ栄興","2130001029908","京都府長岡京市天神2丁目26-10","","","","","","","届出","",""
"032000","fBiz00000168180000000015","島根県","松江市","株式会社　ムラタ栄興　イワミ営業所（羽根）","カブシキガイシャ　ムラタエイコウ　イワミエイギョウショ","⑦ 野菜果物販売業","事業所内の社内売店","島根県大田市波根町字西ノ迫800番4","",35.354388,135.269331,"0854859238","株式会社　ムラタ栄興","2130001029908","京都府長岡京市天神2丁目26-10","","","","","","","届出","",""
"032000","fBiz00000168180000000015","島根県","松江市","株式会社　ムラタ栄興　イワミ営業所（羽根）","カブシキガイシャ　ムラタエイコウ　イワミエイギョウショ","⑬ その他の食料・飲料販売業","事業所内の社内売店","島根県大田市波根町字西ノ迫800番4","",35.354388,135.269331,"0854859238","株式会社　ムラタ栄興","2130001029908","京都府長岡京市天神2丁目26-10","","","","","","","届出","",""
"032000","fBiz00000168180000000017","島根県","松江市","株式会社　ムラタ栄興　出雲営業所（G棟）","カブシキガイシャ　ムラタエイコウ　イズモエイギョウショ","③ 乳類販売業","事業所内の社内売店","島根県出雲市斐川町上直江2308","G棟",35.382274,132.816786,"0853724614","株式会社　ムラタ栄興","2130001029908","京都府長岡京市天神2丁目26-10","","","","","","","届出","",""
"032000","fBiz00000168180000000017","島根県","松江市","株式会社　ムラタ栄興　出雲営業所（G棟）","カブシキガイシャ　ムラタエイコウ　イズモエイギョウショ","⑥ 弁当販売業","事業所内の社内売店","島根県出雲市斐川町上直江2308","G棟",35.382274,132.816786,"0853724614","株式会社　ムラタ栄興","2130001029908","京都府長岡京市天神2丁目26-10","","","","","","","届出","",""
"032000","fBiz00000168180000000017","島根県","松江市","株式会社　ムラタ栄興　出雲営業所（G棟）","カブシキガイシャ　ムラタエイコウ　イズモエイギョウショ","⑦ 野菜果物販売業","事業所内の社内売店","島根県出雲市斐川町上直江2308","G棟",35.382274,132.816786,"0853724614","株式会社　ムラタ栄興","2130001029908","京都府長岡京市天神2丁目26-10","","","","","","","届出","",""
"032000","fBiz00000168180000000017","島根県","松江市","株式会社　ムラタ栄興　出雲営業所（G棟）","カブシキガイシャ　ムラタエイコウ　イズモエイギョウショ","⑬ その他の食料・飲料販売業","事業所内の社内売店","島根県出雲市斐川町上直江2308","G棟",35.382274,132.816786,"0853724614","株式会社　ムラタ栄興","2130001029908","京都府長岡京市天神2丁目26-10","","","","","","","届出","",""
"032000","fBiz00000168180000000018","島根県","松江市","株式会社　ムラタ栄興　出雲営業所（F棟）","カブシキガイシャ　ムラタエイコウ　イズモエイギョウショ","③ 乳類販売業","事業所内の社内売店","島根県出雲市斐川町上直江2308","F棟",35.382274,132.816786,"0853724648","株式会社　ムラタ栄興","2130001029908","京都府長岡京市天神2丁目26-10","","","","","","","届出","",""
"032000","fBiz00000168180000000018","島根県","松江市","株式会社　ムラタ栄興　出雲営業所（F棟）","カブシキガイシャ　ムラタエイコウ　イズモエイギョウショ","⑥ 弁当販売業","事業所内の社内売店","島根県出雲市斐川町上直江2308","F棟",35.382274,132.816786,"0853724648","株式会社　ムラタ栄興","2130001029908","京都府長岡京市天神2丁目26-10","","","","","","","届出","",""
"032000","fBiz00000168180000000018","島根県","松江市","株式会社　ムラタ栄興　出雲営業所（F棟）","カブシキガイシャ　ムラタエイコウ　イズモエイギョウショ","⑦ 野菜果物販売業","事業所内の社内売店","島根県出雲市斐川町上直江2308","F棟",35.382274,132.816786,"0853724648","株式会社　ムラタ栄興","2130001029908","京都府長岡京市天神2丁目26-10","","","","","","","届出","",""
"032000","fBiz00000168180000000018","島根県","松江市","株式会社　ムラタ栄興　出雲営業所（F棟）","カブシキガイシャ　ムラタエイコウ　イズモエイギョウショ","⑬ その他の食料・飲料販売業","事業所内の社内売店","島根県出雲市斐川町上直江2308","F棟",35.382274,132.816786,"0853724648","株式会社　ムラタ栄興","2130001029908","京都府長岡京市天神2丁目26-10","","","","","","","届出","",""
"032000","fBiz00000168180000000019","島根県","松江市","株式会社　ムラタ栄興　出雲営業所（N1棟）","カブシキガイシャ　ムラタエイコウ　イズモエイギョウショ","③ 乳類販売業","事業所内の社内売店","島根県出雲市斐川町上直江2308","N1棟",35.382274,132.816786,"0853723220","株式会社　ムラタ栄興","2130001029908","京都府長岡京市天神2丁目26-10","","","","","","","届出","",""
"032000","fBiz00000168180000000019","島根県","松江市","株式会社　ムラタ栄興　出雲営業所（N1棟）","カブシキガイシャ　ムラタエイコウ　イズモエイギョウショ","⑥ 弁当販売業","事業所内の社内売店","島根県出雲市斐川町上直江2308","N1棟",35.382274,132.816786,"0853723220","株式会社　ムラタ栄興","2130001029908","京都府長岡京市天神2丁目26-10","","","","","","","届出","",""
"032000","fBiz00000168180000000019","島根県","松江市","株式会社　ムラタ栄興　出雲営業所（N1棟）","カブシキガイシャ　ムラタエイコウ　イズモエイギョウショ","⑦ 野菜果物販売業","事業所内の社内売店","島根県出雲市斐川町上直江2308","N1棟",35.382274,132.816786,"0853723220","株式会社　ムラタ栄興","2130001029908","京都府長岡京市天神2丁目26-10","","","","","","","届出","",""
"032000","fBiz00000168180000000019","島根県","松江市","株式会社　ムラタ栄興　出雲営業所（N1棟）","カブシキガイシャ　ムラタエイコウ　イズモエイギョウショ","⑬ その他の食料・飲料販売業","事業所内の社内売店","島根県出雲市斐川町上直江2308","N1棟",35.382274,132.816786,"0853723220","株式会社　ムラタ栄興","2130001029908","京都府長岡京市天神2丁目26-10","","","","","","","届出","",""
"032000","fBiz00000168180000000034","島根県","松江市","株式会社　ムラタ栄興　出雲営業所（C2棟）","カブシキガシヤ　ムラタエイコウ　イズモエイギョウショ","③ 乳類販売業","事業所内社内売店","島根県出雲市斐川町上直江2308","C2棟",35.382274,132.816786,"0853724640","株式会社　ムラタ栄興","2130001029908","京都府長岡京市天神2丁目26-10","","","","","","","届出","",""
"032000","fBiz00000215650000000236","島根県","松江市","","","⑤ コップ式自動販売機（自動洗浄・屋内設置）","","","","","","","","","","","","","","","","届出","",""
"032000","fBiz00000215650000000237","島根県","松江市","","","⑤ コップ式自動販売機（自動洗浄・屋内設置）","","","","","","","","","","","","","","","","届出","",""
"032000","fBiz00000168180000000034","島根県","松江市","株式会社　ムラタ栄興　出雲営業所（C2棟）","カブシキガシヤ　ムラタエイコウ　イズモエイギョウショ","⑦ 野菜果物販売業","事業所内社内売店","島根県出雲市斐川町上直江2308","C2棟",35.382274,132.816786,"0853724640","株式会社　ムラタ栄興","2130001029908","京都府長岡京市天神2丁目26-10","","","","","","","届出","",""
"032000","fBiz00000168180000000034","島根県","松江市","株式会社　ムラタ栄興　出雲営業所（C2棟）","カブシキガシヤ　ムラタエイコウ　イズモエイギョウショ","⑬ その他の食料・飲料販売業","事業所内社内売店","島根県出雲市斐川町上直江2308","C2棟",35.382274,132.816786,"0853724640","株式会社　ムラタ栄興","2130001029908","京都府長岡京市天神2丁目26-10","","","","","","","届出","",""
"032000","fBiz00000168420000000001","島根県","松江市","㈲旭養鶏舎","ユウアサヒヨウケイシャ","⑱ 液卵製造業","","島根県大田市波根町199-1","",35.237178,132.546057,"","有限会社旭養鶏舎","6280002007472","","060580001",2024/05/22,2024/05/22,2024/05/22,2029/05/31,"","許可","",""
"032000","fBiz00000168420000000001","島根県","松江市","有限会社旭養鶏舎","ユウゲンガイシャアサヒヨウケイシャ","㉓ 卵選別包装業","","島根県大田市波根町221-1","",35.242265,132.545713,"","有限会社旭養鶏舎","6280002007472","","","","","","","","届出","",""
"032000","fBiz00000168940000000002","島根県","松江市","株式会社　三協　島根川本工場","シマネカワモトコウジョウ","⑮ いわゆる健康食品の製造・加工業","受託製造","島根県邑智郡川本町南佐木９９３－１","島根川本工場",35.012818,132.411045,"0855-74-2338","株式会社三協","7080101008580","静岡県富士市伝法５７３番地の１３","","","","","","","届出","",""
"032000","fBiz00000169830000000001","島根県","松江市","西ノ島町立みた保育園","ニシノシマチョウリツミタホイクエン","㉖ 集団給食施設","","島根県隠岐郡西ノ島町美田429番地3","",36.097588,133.013363,"0851460450","西ノ島町","8000020325261","島根県隠岐郡西ノ島町浦郷534","","","","","","","届出","",""
"032000","fBiz00000175260000000130","島根県","松江市","サンドラッグ出雲小山町店","サンドラッグイヅモオヤマチョウテン","⑪ 百貨店、総合スーパー","ドラッグストア","島根県出雲市小山町５０５－１","",35.375957,132.743096,"0853-88-9940","株式会社サンドラッグ","1012401000634","東京都府中市若松町一丁目38番地の1","","","","","","","届出","",""
"032000","fBiz00000175260000000203","島根県","松江市","サンドラッグゆめタウン益田店","サンドラッグユメタウンマスダテン","⑪ 百貨店、総合スーパー","ドラッグストア","島根県益田市高津７丁目２１－１２","",34.691169,131.815897,"0856-38-9965","株式会社サンドラッグ","1012401000634","東京都府中市若松町一丁目38番地の1","","","","","","","届出","",""
"032000","fBiz00000179650000000080","島根県","松江市","","","⑦ 野菜果物販売業","","","","","","","","","","","","","","","","届出","",""
"032000","fBiz00000180340000000001","島根県","松江市","ワンにゃんべぇファーム大江屋","ワンニャンベェファームオオエヤ","㉔ その他の食料品製造・加工業","","島根県浜田市旭町山ノ内617-2","",34.903238,132.284233,"09014542298","大江正","","島根県浜田市旭町山ノ内617-2","","","","","","","届出","",""
"032000","fBiz00000181390000000043","島根県","松江市","ゆらり八百万湯","ユラリヤオヨロズ","③ 乳類販売業","","島根県出雲市平田町7178","",35.440558,132.823187,"0853-62-1234","山陰ヤクルト販売株式会社","2280001003195","島根県出雲市斐川町荘原３９４６番地","","","","","","","届出","",""
"032000","fBiz00000181390000000044","島根県","松江市","ゆらり神楽の湯","ユラリカグラノユ","③ 乳類販売業","","島根県出雲市平田町7178","",35.440558,132.823187,"0853-62-1234","山陰ヤクルト販売株式会社","2280001003195","島根県出雲市斐川町荘原３９４６番地","","","","","","","届出","",""
"032000","fBiz00000181390000000045","島根県","松江市","株式会社フクダ","カブシキガイシャフクダ","③ 乳類販売業","","島根県出雲市斐川町沖洲1080","",35.400827,132.854584,"0853-72-0201","山陰ヤクルト販売株式会社","2280001003195","島根県出雲市斐川町荘原３９４６番地","","","","","","","届出","",""
"032000","fBiz00000181390000000047","島根県","松江市","中央スポーツ公園競技場1","チュウオウスポーツコウエンキョウギジョウイチ","③ 乳類販売業","","島根県出雲市平田町2960-1","",35.443184,132.822235,"0853-62-1011","山陰ヤクルト販売株式会社","2280001003195","島根県出雲市斐川町荘原３９４６番地","","","","","","","届出","",""
"032000","fBiz00000181390000000051","島根県","松江市","ヒラタ工業","ヒラタコウギョウ","③ 乳類販売業","","島根県出雲市西代町1000-1","",35.424738,132.820063,"0853-63-0880","山陰ヤクルト販売株式会社","2280001003195","島根県出雲市斐川町荘原３９４６番地","","","","","","","届出","",""
"032000","fBiz00000181390000000055","島根県","松江市","ゴビウス","ゴビウス","③ 乳類販売業","","島根県出雲市園町1659-5","",35.447242,132.864510,"0853-63-7100","山陰ヤクルト販売株式会社","2280001003195","島根県出雲市斐川町荘原３９４６番地","","","","","","","届出","",""
"032000","fBiz00000181390000000062","島根県","松江市","NTN鋳造株式会社","エヌティエヌチュウゾウカブシキガイシャ","③ 乳類販売業","","島根県出雲市灘分町475-1","",35.425497,132.821053,"0853-63-3108","山陰ヤクルト販売株式会社","2280001003195","島根県出雲市斐川町荘原３９４６番地","","","","","","","届出","",""
"032000","fBiz00000181390000000064","島根県","松江市","一の谷公園","イチノタニコウエン","③ 乳類販売業","","島根県出雲市今市町","",35.362673,132.762570,"0853-21-2211","山陰ヤクルト販売株式会社","2280001003195","島根県出雲市斐川町荘原３９４６番地","","","","","","","届出","",""
"032000","fBiz00000181390000000065","島根県","松江市","清和鉄工株式会社","セイワテッコウカブシキガイシャ","③ 乳類販売業","","島根県出雲市斐川町上直江2139-5","",35.386076,132.816081,"0853-72-0306","山陰ヤクルト販売株式会社","2280001003195","島根県出雲市斐川町荘原３９４６番地","","","","","","","届出","",""
"032000","fBiz00000181390000000067","島根県","松江市","渡部製鋼所","ワタナベセイコウショ","③ 乳類販売業","","島根県出雲市大津町1378","",35.369028,132.772792,"0853-21-3344","山陰ヤクルト販売株式会社","2280001003195","島根県出雲市斐川町荘原３９４６番地","","","","","","","届出","",""
"032000","fBiz00000181390000000068","島根県","松江市","大福工業株式会社","ダイフクコウギョウカブシキガイシャ","③ 乳類販売業","","島根県出雲市大津町831","",35.360299,132.780877,"0853-21-4151","山陰ヤクルト販売株式会社","2280001003195","島根県出雲市斐川町荘原３９４６番地","","","","","","","届出","",""
"032000","fBiz00000181390000000069","島根県","松江市","株式会社松井島根ファクトリー","カブシキガイシャマツイシマネファクトリー","③ 乳類販売業","","島根県出雲市長浜町516-29","",35.380953,132.714677,"0853-28-2008","山陰ヤクルト販売株式会社","2280001003195","島根県出雲市斐川町荘原３９４６番地","","","","","","","届出","",""
"032000","fBiz00000215650000000238","島根県","松江市","","","⑤ コップ式自動販売機（自動洗浄・屋内設置）","","","","","","","","","","","","","","","","届出","",""
"032000","fBiz00000215650000000243","島根県","松江市","","","⑤ コップ式自動販売機（自動洗浄・屋内設置）","","","","","","","","","","","","","","","","届出","",""
"032000","fBiz00000181390000000070","島根県","松江市","出雲北陵高等学校","イズモホクリョウコウトウガッコウ","③ 乳類販売業","","島根県出雲市西林木町3","",35.395850,132.766251,"0853-21-1871","山陰ヤクルト販売株式会社","2280001003195","島根県出雲市斐川町荘原３９４６番地","","","","","","","届出","",""
"032000","fBiz00000181390000000071","島根県","松江市","中電工　出雲営業所","チュウデンコウ　イズモエイギョウショ","③ 乳類販売業","","島根県出雲市高岡町480-1","",35.383383,132.755436,"0853-21-3451","山陰ヤクルト販売株式会社","2280001003195","島根県出雲市斐川町荘原３９４６番地","","","","","","","届出","",""
"032000","fBiz00000181390000000074","島根県","松江市","株式会社ダイニ　友和会","カブシキガイシャダイニ　ユウワカイ","③ 乳類販売業","","島根県出雲市高岡町1341","",35.383747,132.763734,"0853-22-2106","山陰ヤクルト販売株式会社","2280001003195","島根県出雲市斐川町荘原３９４６番地","","","","","","","届出","",""
"032000","fBiz00000181390000000075","島根県","松江市","出雲地区農業共済組合","イズモチクノウギョウキョウサイクミアイ","③ 乳類販売業","","島根県出雲市渡橋町748-1","",35.366020,132.740326,"0853-22-1478","山陰ヤクルト販売株式会社","2280001003195","島根県出雲市斐川町荘原３９４６番地","","","","","","","届出","",""
"032000","fBiz00000181390000000076","島根県","松江市","わたなべこどもレデイースクリニック","ワタナベコドモレデイースクリニック","③ 乳類販売業","","島根県出雲市武志町836-3","",35.390463,132.771229,"0853-30-8020","山陰ヤクルト販売株式会社","2280001003195","島根県出雲市斐川町荘原３９４６番地","","","","","","","届出","",""
"032000","fBiz00000181390000000077","島根県","松江市","株式会社ユニットコム出雲工場","カブシキガイシャユニットコムイズモコウジョウ","③ 乳類販売業","","島根県出雲市長浜町337-17","",35.377851,132.719147,"0853-28-0107","山陰ヤクルト販売株式会社","2280001003195","島根県出雲市斐川町荘原３９４６番地","","","","","","","届出","",""
"032000","fBiz00000181390000000079","島根県","松江市","斐川生協病院","ヒカワセイキョウビョウイン","③ 乳類販売業","","島根県出雲市斐川町直江4883-1","",35.392743,132.823467,"0853-72-0321","山陰ヤクルト販売株式会社","2280001003195","島根県出雲市斐川町荘原３９４６番地","","","","","","","届出","",""
"032000","fBiz00000181390000000084","島根県","松江市","出雲村田製作所　安全連絡協議会","イズモムラタセイサクショ　アンゼンレンラクキョウギカイ","③ 乳類販売業","","島根県出雲市斐川町上直江2509-1","",35.379504,132.818233,"0853-72-8929","山陰ヤクルト販売株式会社","2280001003195","島根県出雲市斐川町荘原３９４６番地","","","","","","","届出","",""
"032000","fBiz00000181390000000085","島根県","松江市","イマックス株式会社　出雲1階","イマックスカブシキガイシャ　イズモイッカイ","③ 乳類販売業","","島根県出雲市高岡町166-1","",35.380607,132.755360,"0853-21-0009","山陰ヤクルト販売株式会社","2280001003195","島根県出雲市斐川町荘原３９４６番地","","","","","","","届出","",""
"032000","fBiz00000181390000000086","島根県","松江市","イマックス株式会社　出雲２階","イマックスカブシキガイシャ　イズモニカイ","③ 乳類販売業","","島根県出雲市高岡町166-1","",35.380607,132.755360,"0853-21-0009","山陰ヤクルト販売株式会社","2280001003195","島根県出雲市斐川町荘原３９４６番地","","","","","","","届出","",""
"032000","fBiz00000181390000000088","島根県","松江市","サン電子工業株式会社　出雲工場","サンデンシコウギョウカブシキガイシャ　イズモコウジョウ","③ 乳類販売業","","島根県出雲市長浜町337-1","",35.377911,132.719180,"0853-28-0971","山陰ヤクルト販売株式会社","2280001003195","島根県出雲市斐川町荘原３９４６番地","","","","","","","届出","",""
"032000","fBiz00000181390000000093","島根県","松江市","倉田産業株式会社　島根営業所","クラタサンギョウカブシキガイシャ　シマネエイギョウショ","③ 乳類販売業","","島根県雲南市木次町山方320-1","",35.313843,132.913180,"","山陰ヤクルト販売株式会社","2280001003195","島根県出雲市斐川町荘原３９４６番地","","","","","","","届出","",""
"032000","fBiz00000181390000000095","島根県","松江市","株式会社JMS","カブシキガイシャジェイエムエス","③ 乳類販売業","","島根県出雲市下古志町220","",35.337821,132.734487,"0853-23-0211","山陰ヤクルト販売株式会社","2280001003195","島根県出雲市斐川町荘原３９４６番地","","","","","","","届出","",""
"032000","fBiz00000181390000000098","島根県","松江市","生協しまね　雲南支所","セイキョウシマネ　ウンナンシショ","③ 乳類販売業","","島根県雲南市三刀屋町三刀屋1249","",35.294875,132.887348,"","山陰ヤクルト販売株式会社","2280001003195","島根県出雲市斐川町荘原３９４６番地","","","","","","","届出","",""
"032000","fBiz00000181390000000100","島根県","松江市","島根リハビリテーション学院","シマネリハビリテーションガクイン","③ 乳類販売業","","島根県仁多郡奥出雲町三成1625-1","",35.196111,132.996283,"","山陰ヤクルト販売株式会社","2280001003195","島根県出雲市斐川町荘原３９４６番地","","","","","","","届出","",""
"032000","fBiz00000181390000000101","島根県","松江市","出雲西高等学校","イズモニシコウトウガッコウ","③ 乳類販売業","","島根県出雲市下古志町1163","",35.338797,132.732006,"0853-21-1183","山陰ヤクルト販売株式会社","2280001003195","島根県出雲市斐川町荘原３９４６番地","","","","","","","届出","",""
"032000","fBiz00000181390000000107","島根県","松江市","出雲市民リハビリテーション病院","イズモシミンリハビリテーションビョウイン","③ 乳類販売業","","島根県出雲市知井宮町238","",35.343667,132.725307,"0853-21-2733","山陰ヤクルト販売株式会社","2280001003195","島根県出雲市斐川町荘原３９４６番地","","","","","","","届出","",""
"032000","fBiz00000181390000000108","島根県","松江市","玉峰苑","タマミネエン","③ 乳類販売業","","島根県仁多郡奥出雲町亀嵩1401-3","",35.223731,133.082253,"","山陰ヤクルト販売株式会社","2280001003195","島根県出雲市斐川町荘原３９４６番地","","","","","","","届出","",""
"032000","fBiz00000181390000000109","島根県","松江市","山陰建設工業株式会社","サンインケンセツコウギョウカブシキガイシャ","③ 乳類販売業","","島根県出雲市神西沖町2334-3","",35.334277,132.682611,"0853-43-1113","山陰ヤクルト販売株式会社","2280001003195","島根県出雲市斐川町荘原３９４６番地","","","","","","","届出","",""
"032000","fBiz00000181390000000111","島根県","松江市","ホシザキ株式会社　島根工場厚生課","ホシザキカブシキガイシャ　シマネコウジョウコウセイカ","③ 乳類販売業","","島根県雲南市木次町山方271-13","",35.314356,132.915690,"","山陰ヤクルト販売株式会社","2280001003195","島根県出雲市斐川町荘原３９４６番地","","","","","","","届出","",""
"032000","fBiz00000181390000000216","島根県","松江市","山陰ヤクルト販売株式会社　石見支社","サンインヤクルトハンバイカブシキガイシャ　イワミシシャ","③ 乳類販売業","","島根県浜田市下府町327-127","",34.915132,132.115541,"","山陰ヤクルト販売株式会社","2280001003195","島根県出雲市斐川町荘原３９４６番地","","","","","","","届出","",""
"032000","fBiz00000181390000000225","島根県","松江市","山陰ヤクルト販売株式会社　平田センター","サンインヤクルトハンバイカブシキガイシャ　ヒラタセンター","⑬ その他の食料・飲料販売業","","島根県出雲市平田町新田下5571-13","",35.443726,132.852396,"0853-62-3486","山陰ヤクルト販売株式会社","2280001003195","島根県出雲市斐川町荘原３９４６番地","","","","","","","届出","",""
"032000","fBiz00000181390000000226","島根県","松江市","山陰ヤクルト販売株式会社　出雲東センター","サンインヤクルトハンバイカブシキガイシャ　イズモヒガシセンター","⑬ その他の食料・飲料販売業","","島根県出雲市斐川町直江5401","",35.391784,132.820959,"0853-72-1207","山陰ヤクルト販売株式会社","2280001003195","島根県出雲市斐川町荘原３９４６番地","","","","","","","届出","",""
"032000","fBiz00000181390000000227","島根県","松江市","山陰ヤクルト販売株式会社　出雲中央センター","サンインヤクルトハンバイカブシキガイシャ　イズモチュウオウセンター","⑬ その他の食料・飲料販売業","","島根県出雲市渡橋町366-4","",35.368961,132.747091,"0853-23-7513","山陰ヤクルト販売株式会社","2280001003195","島根県出雲市斐川町荘原３９４６番地","","","","","","","届出","",""
"032000","fBiz00000181390000000228","島根県","松江市","山陰ヤクルト販売株式会社　出雲西センター","サンインヤクルトハンバイカブシキガイシャ　イズモニシセンター","⑬ その他の食料・飲料販売業","","島根県出雲市神西沖町2483-68","",35.340159,132.680969,"0853-43-3940","山陰ヤクルト販売株式会社","2280001003195","島根県出雲市斐川町荘原３９４６番地","","","","","","","届出","",""
"032000","fBiz00000181390000000229","島根県","松江市","山陰ヤクルト販売株式会社　有原センター","サンインヤクルトハンバイカブシキガイシャ　アリハラセンター","⑬ その他の食料・飲料販売業","","島根県出雲市塩冶有原町2-2-2","",35.362974,132.744550,"0853-22-6361","山陰ヤクルト販売株式会社","2280001003195","島根県出雲市斐川町荘原３９４６番地","","","","","","","届出","",""
"032000","fBiz00000181390000000230","島根県","松江市","山陰ヤクルト販売株式会社　江津センター","サンインヤクルトハンバイカブシキガイシャ　ゴウツセンター","⑬ その他の食料・飲料販売業","","島根県江津市和木町604-23","",35.003098,132.203266,"","山陰ヤクルト販売株式会社","2280001003195","島根県出雲市斐川町荘原３９４６番地","","","","","","","届出","",""
"032000","fBiz00000181390000000231","島根県","松江市","山陰ヤクルト販売株式会社　浜田センター","サンインヤクルトハンバイカブシキガイシャ　ハマダセンター","⑬ その他の食料・飲料販売業","","島根県浜田市浅井町833-2","",34.905057,132.089666,"","山陰ヤクルト販売株式会社","2280001003195","島根県出雲市斐川町荘原３９４６番地","","","","","","","届出","",""
"032000","fBiz00000181390000000232","島根県","松江市","山陰ヤクルト販売株式会社　益田センター","サンインヤクルトハンバイカブシキガイシャ　マスダセンター","⑬ その他の食料・飲料販売業","","島根県益田市乙吉町イ343-11","",34.678210,131.846298,"","山陰ヤクルト販売株式会社","2280001003195","島根県出雲市斐川町荘原３９４６番地","","","","","","","届出","",""
"032000","fBiz00000181390000000233","島根県","松江市","山陰ヤクルト販売株式会社　三隅センター","サンインヤクルトハンバイカブシキガイシャ　ミスミセンター","⑬ その他の食料・飲料販売業","","島根県浜田市三隅町向野田632-1","",34.776284,131.954811,"","山陰ヤクルト販売株式会社","2280001003195","島根県出雲市斐川町荘原３９４６番地","","","","","","","届出","",""
"032000","fBiz00000181390000000234","島根県","松江市","山陰ヤクルト販売株式会社　日原センター","サンインヤクルトハンバイカブシキガイシャ　ニチハラセンター","⑬ その他の食料・飲料販売業","","島根県鹿足郡津和野町日原477","",34.550439,131.835055,"","山陰ヤクルト販売株式会社","2280001003195","島根県出雲市斐川町荘原３９４６番地","","","","","","","届出","",""
"032000","fBiz00000181390000000235","島根県","松江市","山陰ヤクルト販売株式会社　邑南センター","サンインヤクルトハンバイカブシキガイシャ　オオナンセンター","⑬ その他の食料・飲料販売業","","島根県邑智郡邑南町井原961","",34.902624,132.478537,"","山陰ヤクルト販売株式会社","2280001003195","島根県出雲市斐川町荘原３９４６番地","","","","","","","届出","",""
"032000","fBiz00000181390000000242","島根県","松江市","山陰ヤクルト販売株式会社　安来センター","サンインヤクルトハンバイカブシキガイシャ　ヤスギセンター","⑬ その他の食料・飲料販売業","","島根県安来市飯島町261-1","",35.431910,133.237848,"0854-22-3610","山陰ヤクルト販売株式会社","2280001003195","島根県出雲市斐川町荘原３９４６番地","","","","","","","届出","",""
"032000","fBiz00000181390000000245","島根県","松江市","山陰ヤクルト販売株式会社　隠岐営業所","サンインヤクルトハンバイカブシキガイシャ　オキエイギョウショ","⑬ その他の食料・飲料販売業","","島根県隠岐郡隠岐の島町平444-7","",36.216105,133.306547,"","山陰ヤクルト販売株式会社","2280001003195","島根県出雲市斐川町荘原３９４６番地","","","","","","","届出","",""
"032000","fBiz00000181390000000246","島根県","松江市","山陰ヤクルト販売株式会社　石見支社","サンインヤクルトハンバイカブシキガイシャ　イワミシシャ","⑬ その他の食料・飲料販売業","","島根県浜田市下府町327-127","",34.915132,132.115541,"","山陰ヤクルト販売株式会社","2280001003195","島根県出雲市斐川町荘原３９４６番地","","","","","","","届出","",""
"032000","fBiz00000181390000000248","島根県","松江市","山陰ヤクルト販売株式会社　邑智センター","サンインヤクルトハンバイカブシキガイシャ　オオチセンター","⑬ その他の食料・飲料販売業","","島根県邑智郡美郷町浜原287-1","",35.068736,132.600969,"","山陰ヤクルト販売株式会社","2280001003195","島根県出雲市斐川町荘原３９４６番地","","","","","","","届出","",""
"032000","fBiz00000181390000000249","島根県","松江市","山陰ヤクルト販売株式会社","サンインヤクルトハンバイカブシキガイシャ","⑬ その他の食料・飲料販売業","","島根県出雲市斐川町荘原3946","",35.397105,132.859190,"0853-73-8960","山陰ヤクルト販売株式会社","2280001003195","島根県出雲市斐川町荘原３９４６番地","","","","","","","届出","",""
"032000","fBiz00000181390000000255","島根県","松江市","株式会社ダイハツメタル出雲工場","カブシキカイシャダイハツメタルイズモコウジョウ","③ 乳類販売業","","島根県出雲市神西沖町2400","",35.338379,132.684617,"0853-43-2323","山陰ヤクルト販売株式会社","2280001003195","島根県出雲市斐川町荘原３９４６番地","","","","","","","届出","",""
"032000","fBiz00000181390000000257","島根県","松江市","ヒロシ株式会社","ヒロシカブシキカイシャ","③ 乳類販売業","","島根県出雲市上塩冶町２４５３－３","",35.351903,132.769922,"","山陰ヤクルト販売株式会社","2280001003195","島根県出雲市斐川町荘原３９４６番地","","","","","","","届出","",""
"032000","fBiz00000215650000000244","島根県","松江市","","","⑤ コップ式自動販売機（自動洗浄・屋内設置）","","","","","","","","","","","","","","","","届出","",""
"032000","fBiz00000181390000000262","島根県","松江市","さんぴーの出雲管理委員会","サンピーノイズモカンリイインカイ","③ 乳類販売業","","島根県出雲市中野美保南２丁目１５","",35.375242,132.764457,"0853-24-9828","山陰ヤクルト販売株式会社","2280001003195","島根県出雲市斐川町荘原３９４６番地","","","","","","","届出","",""
"032000","fBiz00000181390000000266","島根県","松江市","渡部製鋼所　NO.2","ワタナベセイコウショ","③ 乳類販売業","","島根県出雲市大津町１３７８","",35.369028,132.772792,"","山陰ヤクルト販売株式会社","2280001003195","島根県出雲市斐川町荘原３９４６番地","","","","","","","届出","",""
"032000","fBiz00000181390000000279","島根県","松江市","株式会社フクダ出雲新工業造成団地現場","カブシキカイシャフクダイズモシンコウギョウゾウセイダンチゲンバ","③ 乳類販売業","","島根県出雲市斐川町直江3545","",35.372176,132.829442,"090-8992-5498","山陰ヤクルト販売株式会社","2280001003195","島根県出雲市斐川町荘原３９４６番地","","","","","","","届出","",""
"032000","fBiz00000181390000000284","島根県","松江市","山陰ヤクルト販売株式会社　大田センター","サンインヤクルトハンバイカブシキガイシャ　オオダセンター","⑬ その他の食料・飲料販売業","","島根県大田市大田町大田イ364-1","",35.195369,132.504522,"0854-82-0762","山陰ヤクルト販売株式会社","2280001003195","島根県出雲市斐川町荘原３９４６番地","","","","","","","届出","",""
"032000","fBiz00000181390000000285","島根県","松江市","山陰ヤクルト販売株式会社　仁多センター","サンインヤクルトハンバイカブシキガイシャ　ニタセンター","⑬ その他の食料・飲料販売業","","島根県仁多郡奥出雲町三成715-4","",35.201444,133.005387,"0854-54-0165","山陰ヤクルト販売株式会社","2280001003195","島根県出雲市斐川町荘原３９４６番地","","","","","","","届出","",""
"032000","fBiz00000181390000000286","島根県","松江市","山陰ヤクルト販売株式会社　雲南センター","サンインヤクルトハンバイカブシキガイシャ　ウンナンセンター","⑬ その他の食料・飲料販売業","","島根県雲南市三刀屋町40-1","",35.297706,132.886285,"0854-45-5836","山陰ヤクルト販売株式会社","2280001003195","島根県出雲市斐川町荘原３９４６番地","","","","","","","届出","",""
"032000","fBiz00000181390000000287","島根県","松江市","山陰ヤクルト販売株式会社　掛合センター","サンインヤクルトハンバイカブシキガイシャ　カケヤセンター","⑬ その他の食料・飲料販売業","","島根県雲南市掛合町2150-109","",35.202511,132.814265,"0854-62-1497","山陰ヤクルト販売株式会社","2280001003195","島根県出雲市斐川町荘原３９４６番地","","","","","","","届出","",""
"032000","fBiz00000184300000000002","島根県","松江市","飯南町学校給食共同調理場","イイナンチョウガッコウキュウショクキョウドウチョウリジョウ","㉖ 集団給食施設","","島根県飯石郡飯南町頓原２０８４－４","",35.079820,132.782388,"","飯南町学校給食会","5700150055660","島根県飯石郡飯南町頓原２０８４－４","","","","","","","届出","",""
"032000","fBiz00000185180000000001","島根県","松江市","","","㉖ 集団給食施設","","","","","","","","","","","","","","","","届出","",""
"032000","fBiz00000185180000000002","島根県","松江市","","","㉖ 集団給食施設","","","","","","","","","","","","","","","","届出","",""
"032000","fBiz00000185180000000003","島根県","松江市","","","㉖ 集団給食施設","","","","","","","","","","","","","","","","届出","",""
"032000","fBiz00000185540000000002","島根県","松江市","","","⑤ コップ式自動販売機（自動洗浄・屋内設置）","","","","","","","スタービバレッジ株式会社","8122001023838","東京都江東区木場1-5-25","","","","","","","届出","",""
"032000","fBiz00000185820000000001","島根県","松江市","","","㉖ 集団給食施設","","","","","","","","","","","","","","","","届出","",""
"032000","fBiz00000188440000000001","島根県","松江市","社会福祉法人みその児童福祉会　出雲聖園マリア園","シャカイフクシホウジンミソノジドウフクシカイ　イズモミソノマリアエン","㉖ 集団給食施設","集団給食施設","島根県出雲市今市町２８４","",35.366541,132.760548,"0853213620","社会福祉法人みその児童福祉会","9260005003063","岡山県岡山市北区天神町６－３４","","","","","","","届出","",""
"032000","fBiz00000191010000000096","島根県","松江市","Ａ－プライス出雲店","エープライスイズモテン","① 魚介類販売業（包装済みの魚介類のみの販売）","販売業","島根県出雲市渡橋町１２０１","",35.364725,132.743612,"0853-24-7601","株式会社トーホーキャッシュアンドキャリー","7140001077703","兵庫県神戸市東灘区向洋町西５丁目９番","","","","","","","届出","",""
"032000","fBiz00000191010000000096","島根県","松江市","Ａ－プライス出雲店","エープライスイズモテン","② 食肉販売業（包装済みの食肉のみの販売）","販売業","島根県出雲市渡橋町１２０１","",35.364725,132.743612,"0853-24-7601","株式会社トーホーキャッシュアンドキャリー","7140001077703","兵庫県神戸市東灘区向洋町西５丁目９番","","","","","","","届出","",""
"032000","fBiz00000191010000000096","島根県","松江市","Ａ－プライス出雲店","エープライスイズモテン","③ 乳類販売業","販売業","島根県出雲市渡橋町１２０１","",35.364725,132.743612,"0853-24-7601","株式会社トーホーキャッシュアンドキャリー","7140001077703","兵庫県神戸市東灘区向洋町西５丁目９番","","","","","","","届出","",""
"032000","fBiz00000191010000000096","島根県","松江市","Ａ－プライス出雲店","エープライスイズモテン","⑪ 百貨店、総合スーパー","販売業","島根県出雲市渡橋町１２０１","",35.364725,132.743612,"0853-24-7601","株式会社トーホーキャッシュアンドキャリー","7140001077703","兵庫県神戸市東灘区向洋町西５丁目９番","","","","","","","届出","",""
"032000","fBiz00000193610000000009","島根県","松江市","ダイハツメタル食堂","ダイハツメタルショクドウ","⑫ 自動販売機による販売業（コップ式自動販売機（自動洗浄・屋内設置）及び営業許可の対象となる自動販売機を除く）","","島根県出雲市神西沖町2400","",35.338664,132.684466,"0853433264","ビーハート株式会社","2280001000275","島根県松江市東朝日町１９８番地１","","","","","","","届出","",""
"032000","fBiz00000193610000000010","島根県","松江市","ヒラタ工業","ヒラタコウギョウ","⑫ 自動販売機による販売業（コップ式自動販売機（自動洗浄・屋内設置）及び営業許可の対象となる自動販売機を除く）","","島根県出雲市西代町1000-1","",35.424660,132.819991,"0853630880","ビーハート株式会社","2280001000275","島根県松江市東朝日町１９８番地１","","","","","","","届出","",""
"032000","fBiz00000198670000000002","島根県","松江市","渡辺観光農園","ワタナベカンコウノウエン","⑦ 野菜果物販売業","","島根県安来市穂日島町199","",35.420416,133.304377,"0854226627","渡辺迪彦","","島根県安来市穂日島町199","","","","","","","届出","",""
"032000","fBiz00000201870000000001","島根県","松江市","島根米穀株式会社　管理本部　生産部","シマネベイコクカブシキガイシャカンリホンブセイサンブ","⑳ 精穀・製粉業","精米加工業","島根県出雲市武志町610-1","",35.393335,132.770924,"0853-22-4890","島根米穀株式会社","7280001000345","島根県松江市宍道町佐々布710","","","","","","","届出","",""
"032000","fBiz00000215650000000246","島根県","松江市","","","⑤ コップ式自動販売機（自動洗浄・屋内設置）","","","","","","","","","","","","","","","","届出","",""
"032000","fBiz00000201870000000002","島根県","松江市","島根米穀株式会社　隠岐営業所","シマネベイコクカブシキカイシャオキエイギョウショ","⑳ 精穀・製粉業","精米加工業","島根県隠岐郡隠岐の島町城北町482","",36.217649,133.312746,"08512-2-1351","島根米穀株式会社","7280001000345","島根県松江市宍道町佐々布710","","","","","","","届出","",""
"032000","fBiz00000207320000000006","島根県","松江市","サンクゼール・久世福商店　イオンモール出雲店","サンクゼールクゼフクショウテン　イオンモールイズモテン","① 魚介類販売業（包装済みの魚介類のみの販売）","","島根県出雲市渡橋町1066　イオンモール出雲１階","",35.368005,132.738622,"0853258239","株式会社葡萄家","7270002001319","鳥取県鳥取市雲山１５４番地２６","","","","","","","届出","",""
"032000","fBiz00000207320000000006","島根県","松江市","サンクゼール・久世福商店　イオンモール出雲店","サンクゼールクゼフクショウテン　イオンモールイズモテン","② 食肉販売業（包装済みの食肉のみの販売）","","島根県出雲市渡橋町1066　イオンモール出雲１階","",35.368005,132.738622,"0853258239","株式会社葡萄家","7270002001319","鳥取県鳥取市雲山１５４番地２６","","","","","","","届出","",""
"032000","fBiz00000207320000000006","島根県","松江市","サンクゼール・久世福商店　イオンモール出雲店","サンクゼールクゼフクショウテン　イオンモールイズモテン","③ 乳類販売業","","島根県出雲市渡橋町1066　イオンモール出雲１階","",35.368005,132.738622,"0853258239","株式会社葡萄家","7270002001319","鳥取県鳥取市雲山１５４番地２６","","","","","","","届出","",""
"032000","fBiz00000208750000000001","島根県","松江市","西部島根医療福祉センター","セイブシマネイリョウフクシセンター","㉖ 集団給食施設","集団給食施設","島根県江津市渡津町1926","",35.025359,132.235993,"0855522442","社会福祉法人島根整肢学園","1280005004463","島根県江津市渡津町1926","","","","","","","届出","",""
"032000","fBiz00000210890000000035","島根県","松江市","もち吉　浜田店","モチキチ　ハマダテン","⑬ その他の食料・飲料販売業","食品販売業","島根県浜田市浅井町1580番地","第二龍河ビル1F",34.901465,132.088792,"0855241370","","","","","","","","","","届出","",""
"032000","fBiz00000210890000000149","島根県","松江市","もち吉　出雲店","モチキチ　イズモテン","⑬ その他の食料・飲料販売業","食品販売","島根県出雲市今市町北本町3-3-2","",35.369864,132.759500,"0853-24-7331","","","","","","","","","","届出","",""
"032000","fBiz00000210890000000155","島根県","松江市","もち吉　益田店","モチキチ　マスダテン","⑬ その他の食料・飲料販売業","食品販売","島根県益田市中吉田町1099-2","",34.686191,131.842188,"0856-32-9551","","","","","","","","","","届出","",""
"032000","fBiz00000210890000000275","島根県","松江市","もち吉　益田店","モチキチ　マスダテン","⑪ 菓子製造業","食品販売業","島根県益田市中吉田町1099-2","",34.686191,131.842188,"0856-32-9551","","","","060518002",2019/03/04,2024/05/20,2024/06/01,2030/05/31,"","許可","特記事項なし",""
"032000","fBiz00000212640000000001","島根県","松江市","株式会社ひかわ","カブシキガイシャヒカワ","㉑ 製茶業","","島根県出雲市斐川町直江2620-2","",35.378526,132.830731,"0853722134","株式会社ひかわ","6280001003563","島根県出雲市斐川町直江２６２０番地２","","","","","","","届出","",""
"032000","fBiz00000212640000000001","島根県","松江市","株式会社ひかわ","カブシキガイシャヒカワ","㉙ その他","","島根県出雲市斐川町直江2620-2","",35.378526,132.830731,"0853722134","株式会社ひかわ","6280001003563","島根県出雲市斐川町直江２６２０番地２","","","","","","","届出","",""
"032000","fBiz00000215650000000023","島根県","松江市","","","⑤ コップ式自動販売機（自動洗浄・屋内設置）","","","","","","","","","","","","","","","","届出","",""
"032000","fBiz00000215650000000038","島根県","松江市","","","⑤ コップ式自動販売機（自動洗浄・屋内設置）","","","","","","","","","","","","","","","","届出","",""
"032000","fBiz00000215650000000043","島根県","松江市","","","⑤ コップ式自動販売機（自動洗浄・屋内設置）","","","","","","","","","","","","","","","","届出","",""
"032000","fBiz00000215650000000044","島根県","松江市","","","⑤ コップ式自動販売機（自動洗浄・屋内設置）","","","","","","","","","","","","","","","","届出","",""
"032000","fBiz00000215650000000045","島根県","松江市","","","⑤ コップ式自動販売機（自動洗浄・屋内設置）","","","","","","","","","","","","","","","","届出","",""
"032000","fBiz00000215650000000046","島根県","松江市","","","⑤ コップ式自動販売機（自動洗浄・屋内設置）","","","","","","","","","","","","","","","","届出","",""
"032000","fBiz00000215650000000065","島根県","松江市","","","⑤ コップ式自動販売機（自動洗浄・屋内設置）","","","","","","","","","","","","","","","","届出","",""
"032000","fBiz00000215650000000096","島根県","松江市","","","⑤ コップ式自動販売機（自動洗浄・屋内設置）","","","","","","","","","","","","","","","","届出","",""
"032000","fBiz00000215650000000097","島根県","松江市","","","⑤ コップ式自動販売機（自動洗浄・屋内設置）","","","","","","","","","","","","","","","","届出","",""
"032000","fBiz00000215650000000098","島根県","松江市","","","⑤ コップ式自動販売機（自動洗浄・屋内設置）","","","","","","","","","","","","","","","","届出","",""
"032000","fBiz00000215650000000099","島根県","松江市","","","⑤ コップ式自動販売機（自動洗浄・屋内設置）","","","","","","","","","","","","","","","","届出","",""
"032000","fBiz00000215650000000100","島根県","松江市","","","⑤ コップ式自動販売機（自動洗浄・屋内設置）","","","","","","","","","","","","","","","","届出","",""
"032000","fBiz00000215650000000101","島根県","松江市","","","⑤ コップ式自動販売機（自動洗浄・屋内設置）","","","","","","","","","","","","","","","","届出","",""
"032000","fBiz00000215650000000102","島根県","松江市","","","⑤ コップ式自動販売機（自動洗浄・屋内設置）","","","","","","","","","","","","","","","","届出","",""
"032000","fBiz00000215650000000103","島根県","松江市","","","⑤ コップ式自動販売機（自動洗浄・屋内設置）","","","","","","","","","","","","","","","","届出","",""
"032000","fBiz00000215650000000113","島根県","松江市","","","⑤ コップ式自動販売機（自動洗浄・屋内設置）","","","","","","","","","","","","","","","","届出","",""
"032000","fBiz00000215650000000114","島根県","松江市","","","⑤ コップ式自動販売機（自動洗浄・屋内設置）","","","","","","","","","","","","","","","","届出","",""
"032000","fBiz00000215650000000115","島根県","松江市","","","⑤ コップ式自動販売機（自動洗浄・屋内設置）","","","","","","","","","","","","","","","","届出","",""
"032000","fBiz00000215650000000131","島根県","松江市","","","⑤ コップ式自動販売機（自動洗浄・屋内設置）","","","","","","","","","","","","","","","","届出","",""
"032000","fBiz00000215650000000141","島根県","松江市","","","⑤ コップ式自動販売機（自動洗浄・屋内設置）","","","","","","","","","","","","","","","","届出","",""
"032000","fBiz00000215650000000164","島根県","松江市","","","⑤ コップ式自動販売機（自動洗浄・屋内設置）","","","","","","","","","","","","","","","","届出","",""
"032000","fBiz00000215650000000210","島根県","松江市","","","⑤ コップ式自動販売機（自動洗浄・屋内設置）","","","","","","","","","","","","","","","","届出","",""
"032000","fBiz00000215650000000226","島根県","松江市","","","⑤ コップ式自動販売機（自動洗浄・屋内設置）","","","","","","","","","","","","","","","","届出","",""
"032000","fBiz00000215650000000229","島根県","松江市","","","⑤ コップ式自動販売機（自動洗浄・屋内設置）","","","","","","","","","","","","","","","","届出","",""
"032000","fBiz00000215650000000230","島根県","松江市","","","⑤ コップ式自動販売機（自動洗浄・屋内設置）","","","","","","","","","","","","","","","","届出","",""
"032000","fBiz00000215650000000247","島根県","松江市","","","⑤ コップ式自動販売機（自動洗浄・屋内設置）","","","","","","","","","","","","","","","","届出","",""
"032000","fBiz00000215650000000252","島根県","松江市","","","⑤ コップ式自動販売機（自動洗浄・屋内設置）","","","","","","","","","","","","","","","","届出","",""
"032000","fBiz00000215650000000253","島根県","松江市","","","⑤ コップ式自動販売機（自動洗浄・屋内設置）","","","","","","","","","","","","","","","","届出","",""
"032000","fBiz00000215650000000379","島根県","松江市","","","⑤ コップ式自動販売機（自動洗浄・屋内設置）","","","","","","","","","","","","","","","","届出","",""
"032000","fBiz00000215650000000380","島根県","松江市","","","⑤ コップ式自動販売機（自動洗浄・屋内設置）","","","","","","","","","","","","","","","","届出","",""
"032000","fBiz00000215650000000383","島根県","松江市","","","⑤ コップ式自動販売機（自動洗浄・屋内設置）","","","","","","","","","","","","","","","","届出","",""
"032000","fBiz00000215650000000384","島根県","松江市","","","⑤ コップ式自動販売機（自動洗浄・屋内設置）","","","","","","","","","","","","","","","","届出","",""
"032000","fBiz00000215650000000385","島根県","松江市","","","⑤ コップ式自動販売機（自動洗浄・屋内設置）","","","","","","","","","","","","","","","","届出","",""
"032000","fBiz00000215650000000386","島根県","松江市","","","⑤ コップ式自動販売機（自動洗浄・屋内設置）","","","","","","","","","","","","","","","","届出","",""
"032000","fBiz00000215650000000389","島根県","松江市","","","⑤ コップ式自動販売機（自動洗浄・屋内設置）","","","","","","","","","","","","","","","","届出","",""
"032000","fBiz00000215650000000390","島根県","松江市","","","⑤ コップ式自動販売機（自動洗浄・屋内設置）","","","","","","","","","","","","","","","","届出","",""
"032000","fBiz00000215650000000391","島根県","松江市","","","⑤ コップ式自動販売機（自動洗浄・屋内設置）","","","","","","","","","","","","","","","","届出","",""
"032000","fBiz00000215650000000394","島根県","松江市","","","⑤ コップ式自動販売機（自動洗浄・屋内設置）","","","","","","","","","","","","","","","","届出","",""
"032000","fBiz00000215650000000406","島根県","松江市","","","⑤ コップ式自動販売機（自動洗浄・屋内設置）","","","","","","","","","","","","","","","","届出","",""
"032000","fBiz00000215650000000536","島根県","松江市","","","⑤ コップ式自動販売機（自動洗浄・屋内設置）","","","","","","","","","","","","","","","","届出","",""
"032000","fBiz00000215650000000599","島根県","松江市","","","⑤ コップ式自動販売機（自動洗浄・屋内設置）","","","","","","","","","","","","","","","","届出","",""
"032000","fBiz00000215650000000605","島根県","松江市","","","⑤ コップ式自動販売機（自動洗浄・屋内設置）","","","","","","","","","","","","","","","","届出","",""
"032000","fBiz00000215650000000794","島根県","松江市","","","⑤ コップ式自動販売機（自動洗浄・屋内設置）","","","","","","","","","","","","","","","","届出","",""
"032000","fBiz00000215650000000826","島根県","松江市","","","⑤ コップ式自動販売機（自動洗浄・屋内設置）","","","","","","","","","","","","","","","","届出","",""
"032000","fBiz00000215650000000828","島根県","松江市","","","⑤ コップ式自動販売機（自動洗浄・屋内設置）","","","","","","","","","","","","","","","","届出","",""
"032000","fBiz00000215650000000829","島根県","松江市","","","⑤ コップ式自動販売機（自動洗浄・屋内設置）","","","","","","","","","","","","","","","","届出","",""
"032000","fBiz00000215650000000830","島根県","松江市","","","⑤ コップ式自動販売機（自動洗浄・屋内設置）","","","","","","","","","","","","","","","","届出","",""
"032000","fBiz00000215650000000854","島根県","松江市","","","⑤ コップ式自動販売機（自動洗浄・屋内設置）","","","","","","","","","","","","","","","","届出","",""
"032000","fBiz00000215650000000866","島根県","松江市","","","⑤ コップ式自動販売機（自動洗浄・屋内設置）","","","","","","","","","","","","","","","","届出","",""
"032000","fBiz00000215650000000867","島根県","松江市","","","⑤ コップ式自動販売機（自動洗浄・屋内設置）","","","","","","","","","","","","","","","","届出","",""
"032000","fBiz00000215650000000868","島根県","松江市","","","⑤ コップ式自動販売機（自動洗浄・屋内設置）","","","","","","","","","","","","","","","","届出","",""
"032000","fBiz00000215650000000872","島根県","松江市","","","⑤ コップ式自動販売機（自動洗浄・屋内設置）","","","","","","","","","","","","","","","","届出","",""
"032000","fBiz00000215650000000873","島根県","松江市","島根県立大学学生会館売店前","シマネケンリツダイガクガクセイカイカン","⑤ コップ式自動販売機（自動洗浄・屋内設置）","","島根県浜田市野原町2433-2","",34.884532,132.076172,"0855242200","株式会社アペックス西日本","5120001140828","大阪府大阪市平野区長吉川辺4丁目1番5号","","","","","","","届出","",""
"032000","fBiz00000215650000000966","島根県","松江市","","","⑤ コップ式自動販売機（自動洗浄・屋内設置）","","","","","","","","","","","","","","","","届出","",""
"032000","fBiz00000215650000000972","島根県","松江市","","","⑤ コップ式自動販売機（自動洗浄・屋内設置）","","","","","","","","","","","","","","","","届出","",""
"032000","fBiz00000215650000000973","島根県","松江市","","","⑤ コップ式自動販売機（自動洗浄・屋内設置）","","","","","","","","","","","","","","","","届出","",""
"032000","fBiz00000215650000000974","島根県","松江市","","","⑤ コップ式自動販売機（自動洗浄・屋内設置）","","","","","","","","","","","","","","","","届出","",""
"032000","fBiz00000215650000000979","島根県","松江市","","","⑤ コップ式自動販売機（自動洗浄・屋内設置）","","","","","","","","","","","","","","","","届出","",""
"032000","fBiz00000215650000000980","島根県","松江市","","","⑤ コップ式自動販売機（自動洗浄・屋内設置）","","","","","","","","","","","","","","","","届出","",""
"032000","fBiz00000215650000000981","島根県","松江市","","","⑤ コップ式自動販売機（自動洗浄・屋内設置）","","","","","","","","","","","","","","","","届出","",""
"032000","fBiz00000215650000001094","島根県","松江市","","","⑤ コップ式自動販売機（自動洗浄・屋内設置）","","","","","","","","","","","","","","","","届出","",""
"032000","fBiz00000215650000001115","島根県","松江市","","","⑤ コップ式自動販売機（自動洗浄・屋内設置）","","","","","","","","","","","","","","","","届出","",""
"032000","fBiz00000215650000001116","島根県","松江市","","","⑤ コップ式自動販売機（自動洗浄・屋内設置）","","","","","","","","","","","","","","","","届出","",""
"032000","fBiz00000215650000001117","島根県","松江市","","","⑤ コップ式自動販売機（自動洗浄・屋内設置）","","","","","","","","","","","","","","","","届出","",""
"032000","fBiz00000215650000001119","島根県","松江市","","","⑤ コップ式自動販売機（自動洗浄・屋内設置）","","","","","","","","","","","","","","","","届出","",""
"032000","fBiz00000215650000001120","島根県","松江市","","","⑤ コップ式自動販売機（自動洗浄・屋内設置）","","","","","","","","","","","","","","","","届出","",""
"032000","fBiz00000215650000001121","島根県","松江市","","","⑤ コップ式自動販売機（自動洗浄・屋内設置）","","","","","","","","","","","","","","","","届出","",""
"032000","fBiz00000215650000001122","島根県","松江市","","","⑤ コップ式自動販売機（自動洗浄・屋内設置）","","","","","","","","","","","","","","","","届出","",""
"032000","fBiz00000215650000001123","島根県","松江市","","","⑤ コップ式自動販売機（自動洗浄・屋内設置）","","","","","","","","","","","","","","","","届出","",""
"032000","fBiz00000215650000001124","島根県","松江市","","","⑤ コップ式自動販売機（自動洗浄・屋内設置）","","","","","","","","","","","","","","","","届出","",""
"032000","fBiz00000215650000001164","島根県","松江市","","","⑤ コップ式自動販売機（自動洗浄・屋内設置）","","","","","","","","","","","","","","","","届出","",""
"032000","fBiz00000215650000001187","島根県","松江市","","","⑤ コップ式自動販売機（自動洗浄・屋内設置）","","","","","","","","","","","","","","","","届出","",""
"032000","fBiz00000215650000001228","島根県","松江市","","","⑤ コップ式自動販売機（自動洗浄・屋内設置）","","","","","","","","","","","","","","","","届出","",""
"032000","fBiz00000215650000001229","島根県","松江市","","","⑤ コップ式自動販売機（自動洗浄・屋内設置）","","","","","","","","","","","","","","","","届出","",""
"032000","fBiz00000215650000001230","島根県","松江市","","","⑤ コップ式自動販売機（自動洗浄・屋内設置）","","","","","","","","","","","","","","","","届出","",""
"032000","fBiz00000215650000001231","島根県","松江市","","","⑤ コップ式自動販売機（自動洗浄・屋内設置）","","","","","","","","","","","","","","","","届出","",""
"032000","fBiz00000216860000000001","島根県","松江市","認定こども園みなと子ども園","ニンテイコドモエンミナトコドモエン","㉖ 集団給食施設","保育所","島根県浜田市港町２６３番地１","",34.900792,132.070349,"0855-22-1121","社会福祉法人誠和会","8280005004085","島根県浜田市港町２６３番地１","","","","","","","届出","",""
"032000","fBiz00000216860000000002","島根県","松江市","認定こども園ながさわ子ども園","ニンテイコドモエンナガサワコドモエン","㉖ 集団給食施設","保育所","島根県浜田市長沢町１６５５番地７","",34.913475,132.095606,"0855-23-1491","社会福祉法人誠和会","8280005004085","島根県浜田市港町２６３番地１","","","","","","","届出","",""
"032000","fBiz00000216860000000003","島根県","松江市","認定こども園こくふ子ども園","ニンテイコドモエンコクフコドモエン","㉖ 集団給食施設","","島根県浜田市国分町２２０５番地３","",34.936987,132.109628,"0855-24-8531","社会福祉法人誠和会","8280005004085","島根県浜田市港町２６３番地１","","","","","","","届出","",""
"032000","fBiz00000216860000000004","島根県","松江市","認定こども園あさひ子ども園","ニンテイコドモエンアサヒコドモエン","㉖ 集団給食施設","保育所","島根県浜田市旭町丸原１５５番地１５","",34.872763,132.256078,"0855-45-8181","社会福祉法人誠和会","8280005004085","島根県浜田市港町２６３番地１","","","","","","","届出","",""
"032000","fBiz00000216860000000005","島根県","松江市","上府保育園","カミコウホイクエン","㉖ 集団給食施設","保育所","島根県浜田市上府町イ２４８８番地５","",34.925432,132.125759,"0855-25-5100","社会福祉法人誠和会","8280005004085","島根県浜田市港町２６３番地１","","","","","","","届出","",""
"032000","fBiz00000217230000001932","島根県","松江市","","","⑬ その他の食料・飲料販売業","沖縄物産展、北海道物産展、京都物産展、諸国物産展の催事","","","","","","","","","","","","","","","届出","",""
"032000","fBiz00000218440000000172","島根県","松江市","マックスバリュ今市店","マックスバリュイマイチテン","⑪ 百貨店、総合スーパー","スーパーマーケット","島根県出雲市今市町字半ケ沢139番1","",35.362673,132.762570,"0853-24-7050","マックスバリュ西日本株式会社","3140001057907","広島県広島市南区段原南一丁目３－５２","","","","","","","届出","",""
"032000","fBiz00000218440000000277","島根県","松江市","マックスバリュ塩冶店","マックスバリュエンヤテン","⑪ 百貨店、総合スーパー","スーパーマーケット","島根県出雲市上塩冶町2668番地","",35.346579,132.771114,"0853-24-8111","マックスバリュ西日本株式会社","3140001057907","広島県広島市南区段原南一丁目３－５２","","","","","","","届出","",""
"032000","fBiz00000218440000000278","島根県","松江市","マックスバリュ塩冶店","マックスバリュエンヤテン","③ 食肉販売業","","島根県出雲市上塩冶町2668番地","",35.346579,132.771114,"0853-24-8111","マックスバリュ西日本株式会社","3140001057907","広島県広島市南区段原南一丁目３－５２","指令出保第062号の0008",2024/02/27,2024/02/27,2024/02/27,2030/05/31,"","許可","特記事項なし",""
"032000","fBiz00000218440000000278","島根県","松江市","マックスバリュ塩冶店","マックスバリュエンヤテン","④ 魚介類販売業","","島根県出雲市上塩冶町2668番地","",35.346579,132.771114,"0853-24-8111","マックスバリュ西日本株式会社","3140001057907","広島県広島市南区段原南一丁目３－５２","指令出保第063号の0004",2024/02/27,2024/02/27,2024/02/27,2030/05/31,"","許可","特記事項なし",""
"032000","fBiz00000218440000000278","島根県","松江市","マックスバリュ塩冶店","マックスバリュエンヤテン","⑪ 菓子製造業","","島根県出雲市上塩冶町2668番地","",35.346579,132.771114,"0853-24-8111","マックスバリュ西日本株式会社","3140001057907","広島県広島市南区段原南一丁目３－５２","指令出保第070号の0021",2024/02/27,2024/02/27,2024/02/27,2029/05/31,"","許可","特記事項なし",""
"032000","fBiz00000218440000000279","島根県","松江市","マックスバリュ塩冶店　デリカ","マックスバリュエンヤテン　デリカ","① 飲食店営業","","島根県出雲市上塩冶町2668番地","",35.346579,132.771114,"0853-24-8111","マックスバリュ西日本株式会社","3140001057907","広島県広島市南区段原南一丁目３－５２","指令出保第060号の0132",2024/02/27,2024/02/27,2024/02/27,2030/05/31,"","許可","特記事項なし",""
"032000","fBiz00000218440000000280","島根県","松江市","マックスバリュ塩冶店　惣菜寿司","マックスバリュエンヤテン　ソウザイスシ","① 飲食店営業","","島根県出雲市上塩冶町2668番地","",35.346579,132.771114,"0853-24-8111","マックスバリュ西日本株式会社","3140001057907","広島県広島市南区段原南一丁目３－５２","指令出保第060号の0133",2024/02/27,2024/02/27,2024/02/27,2030/05/31,"","許可","特記事項なし",""
"032000","fBiz00000218440000000281","島根県","松江市","マックスバリュ塩冶店　水産惣菜","マックスバリュエンヤテン　スイサンソウザイ","① 飲食店営業","","島根県出雲市上塩冶町2668番地","",35.346579,132.771114,"0853-24-8111","マックスバリュ西日本株式会社","3140001057907","広島県広島市南区段原南一丁目３－５２","指令出保第060号の0134",2024/02/27,2024/02/27,2024/02/27,2030/05/31,"","許可","特記事項なし",""
"032000","fBiz00000218440000000282","島根県","松江市","マックスバリュ塩冶店　水産寿司","マックスバリュエンヤテン　スイサンスシ","① 飲食店営業","","島根県出雲市上塩冶町2668番地","",35.346579,132.771114,"0853-24-8111","マックスバリュ西日本株式会社","3140001057907","広島県広島市南区段原南一丁目３－５２","指令出保060号の0135",2024/02/27,2024/02/27,2024/02/27,2030/05/31,"","許可","特記事項なし",""
"032000","fBiz00000220650000000036","島根県","松江市","瑞穂工業(株)","ミズホコウギョウ","⑤ コップ式自動販売機（自動洗浄・屋内設置）","","島根県邑智郡邑南町下田所93-1","",34.856505,132.523526,"","有限会社日東ベンディング中国","9240002012317","広島県広島市佐伯区五日市町美鈴園2-8","","","","","","","届出","",""
"032000","fBiz00000222850000000511","島根県","松江市","","","⑥ 弁当販売業","","","","","","","","","","","","","","","","届出","",""
"032000","fBiz00000224690000000377","島根県","松江市","MEGAドン・キホーテ出雲店","メガドン・キホーテイズモテン","⑪ 百貨店、総合スーパー","小売業","島根県出雲市姫原2丁目7-5","",35.374081,132.757700,"0570-066-411","株式会社ドン・キホーテ","3011001096370","東京都目黒区青葉台二丁目１９番１０号","","","","","","","届出","",""
"032000","fBiz00000226660000000263","島根県","松江市","","","⑫ 自動販売機による販売業（コップ式自動販売機（自動洗浄・屋内設置）及び営業許可の対象となる自動販売機を除く）","水の自販機","","","","","","","","","","","","","","","届出","",""
"032000","fBiz00000303990000000167","島根県","松江市","","","⑤ コップ式自動販売機（自動洗浄・屋内設置）","","","","","","","","","","","","","","","","届出","",""
"032000","fBiz00000231540000000001","島根県","松江市","配食サービスセンター　合歓の郷","ハイショクサービスセンター　ネムノサト","㉖ 集団給食施設","","島根県江津市黒松町606番地1","",35.055355,132.310885,"0855-55-3600","社会福祉法人　花の村","7280005004466","島根県江津市後地町821番地","","","","","","","届出","",""
"032000","fBiz00000231540000000003","島根県","松江市","デイサービスセンター　合歓の郷","デイサービスセンター　ネムノサト","㉖ 集団給食施設","","島根県江津市後地町821番地","",35.037623,132.301076,"0855-55-3131","社会福祉法人　花の村","7280005004466","島根県江津市後地町821番地","","","","","","","届出","",""
"032000","fBiz00000231540000000004","島根県","松江市","さくらこども園","サクラコドモエン","㉖ 集団給食施設","","島根県江津市後地町843番地1","",35.038372,132.300580,"0855-55-0017","社会福祉法人　花の村","7280005004466","島根県江津市後地町821番地","","","","","","","届出","",""
"032000","fBiz00000231540000000005","島根県","松江市","あさりこども園","アサリコドモエン","㉖ 集団給食施設","","島根県江津市浅利町336番地4","",35.035358,132.270796,"0855-55-1024","社会福祉法人　花の村","7280005004466","島根県江津市後地町821番地","","","","","","","届出","",""
"032000","fBiz00000235000000000001","島根県","松江市","","","㉖ 集団給食施設","寄宿舎集団給食施設","","","","","","","","","","","","","","","届出","",""
"032000","fBiz00000236250000000001","島根県","松江市","ワイナリー奥出雲葡萄園","ワイナリーオクイズモブドウエン","⑩ コンビニエンスストア","","島根県雲南市木次町寺領2273-1","",35.288781,132.930833,"0854-42-3480","有限会社奥出雲葡萄園","4280002011261","島根県雲南市雲南市木次町寺領2273-1","","","","","","","届出","",""
"032000","fBiz00000244350000000001","島根県","松江市","特別養護老人ホームもくもく苑","トクベツヨウゴロウジンホームモクモクエン","㉖ 集団給食施設","","島根県出雲市矢野町845","",35.383582,132.735823,"0853216969","社会福祉法人おおつか福祉会","8280005002626","島根県出雲市矢野町845","","","","","","","届出","",""
"032000","fBiz00000252800000000001","島根県","松江市","くるみ邑美園","クルミオオビエン","㉖ 集団給食施設","","島根県邑智郡邑南町中野3595-18","",34.896233,132.461829,"","","","","","","","","","","届出","",""
"032000","fBiz00000259700000000131","島根県","松江市","浜田市役所 1F","ハマダシヤクショ イッカイ","⑤ コップ式自動販売機（自動洗浄・屋内設置）","","島根県浜田市殿町1番地","",34.899223,132.079893,"0855222612","アシード株式会社","3070001000790","東京都港区芝１丁目6番10号 　芝SIAビル2F","","","","","","","届出","",""
"032000","fBiz00000259700000000147","島根県","松江市","ゼンコウ隠岐店","ゼンコウオキテン","⑤ コップ式自動販売機（自動洗浄・屋内設置）","","島根県隠岐郡隠岐の島町有木坂根3-6","",36.216678,133.320258,"08512-2-1313","アシード株式会社","3070001000790","東京都港区芝１丁目6番10号 　芝SIAビル2F","","","","","","","届出","",""
"032000","fBiz00000259700000000148","島根県","松江市","稲葉石油","イナバセキユ","⑤ コップ式自動販売機（自動洗浄・屋内設置）","","島根県隠岐郡隠岐の島町中村176-1","",36.316320,133.305619,"08512-4-0734","アシード株式会社","3070001000790","東京都港区芝１丁目6番10号 　芝SIAビル2F","","","","","","","届出","",""
"032000","fBiz00000259700000000149","島根県","松江市","マンモス","マンモス","⑤ コップ式自動販売機（自動洗浄・屋内設置）","","島根県隠岐郡隠岐の島町西町名田ノ四30","",36.204448,133.331946,"08512-3-1660","アシード株式会社","3070001000790","東京都港区芝１丁目6番10号 　芝SIAビル2F","","","","","","","届出","",""
"032000","fBiz00000259700000000150","島根県","松江市","スロットゾーンマンモス","スロットゾーンマンモス","⑤ コップ式自動販売機（自動洗浄・屋内設置）","","島根県隠岐郡隠岐の島町平平ノ前545","",36.209150,133.321695,"08212-2-6333","アシード株式会社","3070001000790","東京都港区芝１丁目6番10号 　芝SIAビル2F","","","","","","","届出","",""
"032000","fBiz00000259700000000223","島根県","松江市","出雲一畑交通㈱","イズモイチバタコウツウ","⑤ コップ式自動販売機（自動洗浄・屋内設置）","","島根県出雲市常松町353-3","",35.387469,132.729487,"0853-63-4141","アシード株式会社","3070001000790","東京都港区芝１丁目6番10号 　芝SIAビル2F","","","","","","","届出","",""
"032000","fBiz00000259700000000224","島根県","松江市","UFO出雲店","ユーホーイズモテン","⑤ コップ式自動販売機（自動洗浄・屋内設置）","","島根県出雲市平野町610","",35.386524,132.735470,"0853201717","アシード株式会社","3070001000790","東京都港区芝１丁目6番10号 　芝SIAビル2F","","","","","","","届出","",""
"032000","fBiz00000259700000000225","島根県","松江市","UFO姫原","ユーホーヒメバラ","⑤ コップ式自動販売機（自動洗浄・屋内設置）","","島根県出雲市姫原４丁目7-1","",35.375817,132.757630,"0853-25-7725","アシード株式会社","3070001000790","東京都港区芝１丁目6番10号 　芝SIAビル2F","","","","","","","届出","",""
"032000","fBiz00000259700000000226","島根県","松江市","出雲医療看護専門学校","イズモイリョウカンゴセンモンガッコウ","⑤ コップ式自動販売機（自動洗浄・屋内設置）","","島根県出雲市今市町1151-1","",35.359716,132.760815,"0853-25-7034","アシード株式会社","3070001000790","東京都港区芝１丁目6番10号 　芝SIAビル2F","","","","","","","届出","",""
"032000","fBiz00000259700000000227","島根県","松江市","㈱ジェイエムエス出雲工場","ジェイエムエスイズモコウジョウ","⑤ コップ式自動販売機（自動洗浄・屋内設置）","","島根県出雲市下古志町127-1","",35.346051,132.733344,"0853-23-0211","アシード株式会社","3070001000790","東京都港区芝１丁目6番10号 　芝SIAビル2F","","","","","","","届出","",""
"032000","fBiz00000259700000000229","島根県","松江市","㈱ファデコ","ファデコ","⑤ コップ式自動販売機（自動洗浄・屋内設置）","","島根県安来市伯太町安田中340-8","",35.362736,133.288156,"0854-37-1217","アシード株式会社","3070001000790","東京都港区芝１丁目6番10号 　芝SIAビル2F","","","","","","","届出","",""
"032000","fBiz00000259700000000230","島根県","松江市","倉鋪鉄工　伯太工場","クラシキテッコウ　ハクタコウジョウ","⑤ コップ式自動販売機（自動洗浄・屋内設置）","","島根県安来市伯太町東母里829-1","",35.365511,133.276550,"0854-37-9881","アシード株式会社","3070001000790","東京都港区芝１丁目6番10号 　芝SIAビル2F","","","","","","","届出","",""
"032000","fBiz00000259700000000319","島根県","松江市","バンブー三刀屋","バンブーミトヤ","⑤ コップ式自動販売機（自動洗浄・屋内設置）","","島根県雲南市三刀屋町三刀屋55-2","",35.298275,132.888120,"","アシード株式会社","3070001000790","東京都港区芝１丁目6番10号 　芝SIAビル2F","","","","","","","届出","",""
"032000","fBiz00000266450000000001","島根県","松江市","","","㉖ 集団給食施設","","","","","","","","","","","","","","","","届出","",""
"032000","fBiz00000266450000000002","島根県","松江市","","","㉖ 集団給食施設","","","","","","","","","","","","","","","","届出","",""
"032000","fBiz00000270790000000002","島根県","松江市","春光園","シュンコウエン","⑬ その他の食料・飲料販売業","卸売・小売","島根県大田市大田町大田ロ947番地16","",35.192867,132.505218,"0854820241","有限会社春光社","5280002007647","島根県大田市大田町大田ロ９４７番地１６","","","","","","","届出","",""
"032000","fBiz00000270790000000002","島根県","松江市","春光園","シュンコウエン","⑯ コーヒー製造・加工業（飲料の製造を除く。）","卸売・小売","島根県大田市大田町大田ロ947番地16","",35.192867,132.505218,"0854820241","有限会社春光社","5280002007647","島根県大田市大田町大田ロ９４７番地１６","","","","","","","届出","",""
"032000","fBiz00000270790000000002","島根県","松江市","春光園","シュンコウエン","㉑ 製茶業","卸売・小売","島根県大田市大田町大田ロ947番地16","",35.192867,132.505218,"0854820241","有限会社春光社","5280002007647","島根県大田市大田町大田ロ９４７番地１６","","","","","","","届出","",""
"032000","fBiz00000290170000000002","島根県","松江市","","","㉖ 集団給食施設","保育","","","","","","","","","","","","","","","届出","",""
"032000","fBiz00000300640000000011","島根県","松江市","丸合　安来店","マルゴウ　ヤスギテン","⑪ 百貨店、総合スーパー","","島根県安来市安来町８６５－１","",35.430042,133.250110,"0854-23-1551","株式会社　丸合","4270001005538","鳥取県米子市東福原2丁目19番48号","","","","","","","届出","",""
"032000","fBiz00000300640000000020","島根県","松江市","丸合　平田店","マルゴウ　ヒラタテン","④ 魚介類販売業","","島根県出雲市平田町１５９８","",35.429925,132.812703,"0853-63-8062","株式会社　丸合","4270001005538","鳥取県米子市東福原2丁目19番48号","指令出保第063の8005",1997/11/10,2024/11/25,2024/12/01,2030/11/30,"","許可","特記事項なし",""
"032000","fBiz00000300640000000020","島根県","松江市","丸合　平田店","マルゴウ　ヒラタテン","⑪ 百貨店、総合スーパー","","島根県出雲市平田町１５９８","",35.429868,132.812670,"0853-63-8062","株式会社　丸合","4270001005538","鳥取県米子市東福原2丁目19番48号","","","","","","","届出","",""
"032000","fBiz00000300640000000054","島根県","松江市","丸合　安来店","マルゴウ　ヤスギテン","④ 魚介類販売業","総合スーパー","島根県安来市安来町外浜８６５－１","",35.430099,133.250129,"0854-23-1551","株式会社　丸合","4270001005538","鳥取県米子市東福原2丁目19番48号","松保第59号の8003",2023/11/20,2023/11/20,2023/12/01,2029/11/30,"","許可","特記事項なし",""
"032000","fBiz00000300640000000055","島根県","松江市","丸合　安来店","マルゴウ　ヤスギテン","③ 食肉販売業","総合スーパー","島根県安来市安来町外浜８６５－１","",35.430099,133.250129,"0854-23-1551","株式会社　丸合","4270001005538","鳥取県米子市東福原2丁目19番48号","松保第58号の8001",2023/11/20,2023/11/20,2023/12/01,2029/11/30,"","許可","特記事項なし",""
"032000","fBiz00000300640000000056","島根県","松江市","丸合  安来店","マルゴウ  ヤスギテン","① 飲食店営業","総合スーパー","島根県安来市安来町外浜８６５－１","",35.430982,133.251094,"0854-23-1551","株式会社　丸合","4270001005538","鳥取県米子市東福原2丁目19番48号","松保第56号の8021",2023/11/20,2023/11/20,2023/12/01,2029/11/30,"","許可","特記事項なし",""
"032000","fBiz00000300640000000057","島根県","松江市","丸合  安来店","マルゴウ  ヤスギテン","⑪ 菓子製造業","総合スーパー","島根県安来市安来町外浜８６５－１","",35.430982,133.251094,"0854-23-1551","株式会社　丸合","4270001005538","鳥取県米子市東福原2丁目19番48号","松保第66号の8006",2023/11/20,2023/11/20,2023/12/01,2029/11/30,"","許可","特記事項なし",""
"032000","fBiz00000300640000000063","島根県","松江市","丸合　平田店","マルゴウ　ヒラタテン","③ 食肉販売業","","島根県出雲市平田町１５９８","",35.429925,132.812703,"0853-63-8062","株式会社　丸合","4270001005538","鳥取県米子市東福原2丁目19番48号","指令出保第062の8005",1997/11/10,2024/11/25,2024/12/01,2030/11/30,"","許可","特記事項なし",""
"032000","fBiz00000301920000002004","島根県","松江市","ガスト 出雲店","ガストイズモテン","⑬ その他の食料・飲料販売業","","島根県出雲市渡橋町５１４－２","",35.366064,132.746508,"0853-20-2781","株式会社すかいらーくレストランツ","2012401030556","東京都武蔵野市西久保１丁目２５番８号","","","","","","","届出","",""
"032000","fBiz00000301920000002022","島根県","松江市","しゃぶ葉　島根斐川店","シャブヨウシマネヒカワテン","⑬ その他の食料・飲料販売業","","島根県出雲市斐川町上直江１３１６","",35.386561,132.808592,"0853-73-8102","株式会社すかいらーくレストランツ","2012401030556","東京都武蔵野市西久保１丁目２５番８号","","","","","","","届出","",""
"032000","fBiz00000301920000002127","島根県","松江市","ガスト 島根平田店","ガストシマネヒラタテン","⑬ その他の食料・飲料販売業","","島根県出雲市平田町７１４５番地","",35.439761,132.822844,"0853-62-9833","株式会社すかいらーくレストランツ","2012401030556","東京都武蔵野市西久保１丁目２５番８号","","","","","","","届出","",""
"032000","fBiz00000301920000002864","島根県","松江市","ガスト 島根大田店","ガストシマネオオダテン","① 飲食店営業","レストラン","島根県大田市長久町土江９７","",35.194010,132.476140,"0854-84-0030","株式会社すかいらーくレストランツ","2012401030556","東京都武蔵野市西久保１丁目２５番８号","060418230",2024/11/27,2024/11/27,2024/12/01,2030/11/30,"","許可","",""
"032000","fBiz00000301920000002864","島根県","松江市","ガスト 島根大田店","ガストシマネオオダテン","⑬ その他の食料・飲料販売業","","島根県大田市長久町土江９７","",35.194010,132.476140,"0854-84-0030","株式会社すかいらーくレストランツ","2012401030556","東京都武蔵野市西久保１丁目２５番８号","","","","","","","届出","",""
"032000","fBiz00000301920000002866","島根県","松江市","ガスト 益田店","ガストマスダテン","① 飲食店営業","レストラン","島根県益田市高津７丁目２１－２４","",34.689841,131.816748,"0856-31-2240","株式会社すかいらーくレストランツ","2012401030556","東京都武蔵野市西久保１丁目２５番８号","070418058",2000/12/08,2025/05/21,2025/06/01,2031/05/31,"","許可","特記事項なし",""
"032000","fBiz00000301920000002866","島根県","松江市","ガスト 益田店","ガストマスダテン","⑬ その他の食料・飲料販売業","","島根県益田市高津７丁目２１－２４","",34.689842,131.816715,"0856-31-2240","株式会社すかいらーくレストランツ","2012401030556","東京都武蔵野市西久保１丁目２５番８号","","","","","","","届出","",""
"032000","fBiz00000303100000000001","島根県","松江市","合同会社しーぐりーんファーム","ゴウドウガイシャシーグリーンファーム","㉒ 海藻製造・加工業","","島根県出雲市大社町鷺浦138-1","",35.440273,132.687552,"0853257755","合同会社しーぐりーんファーム","6280003001292","島根県出雲市大社町鷺浦１４８番地","","","","","","","届出","",""
"032000","fBiz00000303820000000067","島根県","松江市","イーティーズ江津店","イーティーズゴウツテン","① 飲食店営業","弁当・惣菜の製造販売","島根県江津市二宮町神主ハ187番2","ダイレックス江津店内",34.981839,132.183007,"","株式会社イーティーズ","7290802022487","福岡県糟屋郡新宮町下府二丁目12番24号","050410023",2023/08/02,2023/08/02,2023/08/02,2028/11/30,"","許可","特記事項なし",""
"032000","fBiz00000303820000000081","島根県","松江市","イーティーズ出雲店","イーティーズイズモテン","① 飲食店営業","弁当・惣菜の製造販売","島根県出雲市渡橋町12-3","ダイレックス出雲店内",35.366714,132.751314,"0853257181","株式会社イーティーズ","7290802022487","福岡県糟屋郡新宮町下府二丁目12番24号","指令出保第060号の8177",2023/11/24,2023/11/24,2023/12/01,2028/11/30,"","許可","特記事項なし",""
"032000","fBiz00000303820000000082","島根県","松江市","ダイレックス出雲平田店","ダイレックスイズモヒラタテン","① 飲食店営業","","島根県出雲市平田町1864番地1号","ダイレックス出雲平田店内",35.430077,132.818043,"","株式会社イーティーズ","7290802022487","福岡県糟屋郡新宮町下府二丁目12番24号","指令出保第060号の0120",2024/01/18,2024/01/18,2024/01/18,2029/05/31,"","許可","特記事項なし",""
"032000","fBiz00000303820000000123","島根県","松江市","イーティーズ大田店","イーティーズオオダテン","① 飲食店営業","テナント","島根県大田市大田町大田ロ1179番地5","ダイレックス大田店内",35.184535,132.505545,"0854-83-7756","株式会社イーティーズ","7290802022487","福岡県糟屋郡新宮町下府二丁目12番24号","060410024",2024/11/13,2024/11/13,2024/11/13,2029/11/30,"","許可","特記事項なし",""
"032000","fBiz00000303990000000002","島根県","松江市","","","⑤ コップ式自動販売機（自動洗浄・屋内設置）","","","","","","","","","","","","","","","","届出","",""
"032000","fBiz00000303990000000008","島根県","松江市","","","⑤ コップ式自動販売機（自動洗浄・屋内設置）","","","","","","","","","","","","","","","","届出","",""
"032000","fBiz00000303990000000012","島根県","松江市","","","⑤ コップ式自動販売機（自動洗浄・屋内設置）","","","","","","","","","","","","","","","","届出","",""
"032000","fBiz00000303990000000013","島根県","松江市","","","⑤ コップ式自動販売機（自動洗浄・屋内設置）","","","","","","","","","","","","","","","","届出","",""
"032000","fBiz00000303990000000014","島根県","松江市","","","⑤ コップ式自動販売機（自動洗浄・屋内設置）","","","","","","","","","","","","","","","","届出","",""
"032000","fBiz00000303990000000015","島根県","松江市","","","⑤ コップ式自動販売機（自動洗浄・屋内設置）","","","","","","","","","","","","","","","","届出","",""
"032000","fBiz00000303990000000016","島根県","松江市","","","⑤ コップ式自動販売機（自動洗浄・屋内設置）","","","","","","","","","","","","","","","","届出","",""
"032000","fBiz00000303990000000017","島根県","松江市","","","⑤ コップ式自動販売機（自動洗浄・屋内設置）","","","","","","","","","","","","","","","","届出","",""
"032000","fBiz00000303990000000018","島根県","松江市","","","⑤ コップ式自動販売機（自動洗浄・屋内設置）","","","","","","","","","","","","","","","","届出","",""
"032000","fBiz00000303990000000019","島根県","松江市","","","⑤ コップ式自動販売機（自動洗浄・屋内設置）","","","","","","","","","","","","","","","","届出","",""
"032000","fBiz00000303990000000021","島根県","松江市","","","⑤ コップ式自動販売機（自動洗浄・屋内設置）","","","","","","","","","","","","","","","","届出","",""
"032000","fBiz00000303990000000022","島根県","松江市","","","⑤ コップ式自動販売機（自動洗浄・屋内設置）","","","","","","","","","","","","","","","","届出","",""
"032000","fBiz00000303990000000038","島根県","松江市","","","⑤ コップ式自動販売機（自動洗浄・屋内設置）","","","","","","","","","","","","","","","","届出","",""
"032000","fBiz00000303990000000046","島根県","松江市","","","⑤ コップ式自動販売機（自動洗浄・屋内設置）","","","","","","","","","","","","","","","","届出","",""
"032000","fBiz00000303990000000047","島根県","松江市","","","⑤ コップ式自動販売機（自動洗浄・屋内設置）","","","","","","","","","","","","","","","","届出","",""
"032000","fBiz00000303990000000048","島根県","松江市","","","⑤ コップ式自動販売機（自動洗浄・屋内設置）","","","","","","","","","","","","","","","","届出","",""
"032000","fBiz00000303990000000056","島根県","松江市","","","⑤ コップ式自動販売機（自動洗浄・屋内設置）","","","","","","","","","","","","","","","","届出","",""
"032000","fBiz00000303990000000062","島根県","松江市","","","⑤ コップ式自動販売機（自動洗浄・屋内設置）","","","","","","","","","","","","","","","","届出","",""
"032000","fBiz00000303990000000076","島根県","松江市","","","⑤ コップ式自動販売機（自動洗浄・屋内設置）","","","","","","","","","","","","","","","","届出","",""
"032000","fBiz00000303990000000078","島根県","松江市","","","⑤ コップ式自動販売機（自動洗浄・屋内設置）","","","","","","","","","","","","","","","","届出","",""
"032000","fBiz00000303990000000082","島根県","松江市","","","⑤ コップ式自動販売機（自動洗浄・屋内設置）","","","","","","","","","","","","","","","","届出","",""
"032000","fBiz00000303990000000083","島根県","松江市","","","⑤ コップ式自動販売機（自動洗浄・屋内設置）","","","","","","","","","","","","","","","","届出","",""
"032000","fBiz00000303990000000084","島根県","松江市","","","⑤ コップ式自動販売機（自動洗浄・屋内設置）","","","","","","","","","","","","","","","","届出","",""
"032000","fBiz00000303990000000085","島根県","松江市","","","⑤ コップ式自動販売機（自動洗浄・屋内設置）","","","","","","","","","","","","","","","","届出","",""
"032000","fBiz00000303990000000086","島根県","松江市","","","⑤ コップ式自動販売機（自動洗浄・屋内設置）","","","","","","","","","","","","","","","","届出","",""
"032000","fBiz00000303990000000087","島根県","松江市","","","⑤ コップ式自動販売機（自動洗浄・屋内設置）","","","","","","","","","","","","","","","","届出","",""
"032000","fBiz00000303990000000090","島根県","松江市","","","⑤ コップ式自動販売機（自動洗浄・屋内設置）","","","","","","","","","","","","","","","","届出","",""
"032000","fBiz00000303990000000091","島根県","松江市","","","⑤ コップ式自動販売機（自動洗浄・屋内設置）","","","","","","","","","","","","","","","","届出","",""
"032000","fBiz00000303990000000092","島根県","松江市","","","⑤ コップ式自動販売機（自動洗浄・屋内設置）","","","","","","","","","","","","","","","","届出","",""
"032000","fBiz00000303990000000093","島根県","松江市","","","⑤ コップ式自動販売機（自動洗浄・屋内設置）","","","","","","","","","","","","","","","","届出","",""
"032000","fBiz00000303990000000094","島根県","松江市","","","⑤ コップ式自動販売機（自動洗浄・屋内設置）","","","","","","","","","","","","","","","","届出","",""
"032000","fBiz00000303990000000095","島根県","松江市","","","⑤ コップ式自動販売機（自動洗浄・屋内設置）","","","","","","","","","","","","","","","","届出","",""
"032000","fBiz00000303990000000096","島根県","松江市","","","⑤ コップ式自動販売機（自動洗浄・屋内設置）","","","","","","","","","","","","","","","","届出","",""
"032000","fBiz00000303990000000114","島根県","松江市","","","⑤ コップ式自動販売機（自動洗浄・屋内設置）","","","","","","","","","","","","","","","","届出","",""
"032000","fBiz00000303990000000115","島根県","松江市","","","⑤ コップ式自動販売機（自動洗浄・屋内設置）","","","","","","","","","","","","","","","","届出","",""
"032000","fBiz00000303990000000116","島根県","松江市","","","⑤ コップ式自動販売機（自動洗浄・屋内設置）","","","","","","","","","","","","","","","","届出","",""
"032000","fBiz00000303990000000117","島根県","松江市","","","⑤ コップ式自動販売機（自動洗浄・屋内設置）","","","","","","","","","","","","","","","","届出","",""
"032000","fBiz00000303990000000118","島根県","松江市","","","⑤ コップ式自動販売機（自動洗浄・屋内設置）","","","","","","","","","","","","","","","","届出","",""
"032000","fBiz00000303990000000119","島根県","松江市","","","⑤ コップ式自動販売機（自動洗浄・屋内設置）","","","","","","","","","","","","","","","","届出","",""
"032000","fBiz00000303990000000120","島根県","松江市","","","⑤ コップ式自動販売機（自動洗浄・屋内設置）","","","","","","","","","","","","","","","","届出","",""
"032000","fBiz00000303990000000121","島根県","松江市","","","⑤ コップ式自動販売機（自動洗浄・屋内設置）","","","","","","","","","","","","","","","","届出","",""
"032000","fBiz00000303990000000122","島根県","松江市","","","⑤ コップ式自動販売機（自動洗浄・屋内設置）","","","","","","","","","","","","","","","","届出","",""
"032000","fBiz00000303990000000165","島根県","松江市","","","⑤ コップ式自動販売機（自動洗浄・屋内設置）","","","","","","","","","","","","","","","","届出","",""
"032000","fBiz00000303990000000166","島根県","松江市","","","⑤ コップ式自動販売機（自動洗浄・屋内設置）","","","","","","","","","","","","","","","","届出","",""
"032000","fBiz00000303990000000168","島根県","松江市","","","⑤ コップ式自動販売機（自動洗浄・屋内設置）","","","","","","","","","","","","","","","","届出","",""
"032000","fBiz00000303990000000169","島根県","松江市","","","⑤ コップ式自動販売機（自動洗浄・屋内設置）","","","","","","","","","","","","","","","","届出","",""
"032000","fBiz00000303990000000170","島根県","松江市","","","⑤ コップ式自動販売機（自動洗浄・屋内設置）","","","","","","","","","","","","","","","","届出","",""
"032000","fBiz00000303990000000171","島根県","松江市","","","⑤ コップ式自動販売機（自動洗浄・屋内設置）","","","","","","","","","","","","","","","","届出","",""
"032000","fBiz00000303990000000175","島根県","松江市","","","⑤ コップ式自動販売機（自動洗浄・屋内設置）","","","","","","","","","","","","","","","","届出","",""
"032000","fBiz00000303990000000176","島根県","松江市","","","⑤ コップ式自動販売機（自動洗浄・屋内設置）","","","","","","","","","","","","","","","","届出","",""
"032000","fBiz00000303990000000178","島根県","松江市","","","⑤ コップ式自動販売機（自動洗浄・屋内設置）","","","","","","","","","","","","","","","","届出","",""
"032000","fBiz00000303990000000192","島根県","松江市","","","⑤ コップ式自動販売機（自動洗浄・屋内設置）","","","","","","","","","","","","","","","","届出","",""
"032000","fBiz00000303990000000193","島根県","松江市","","","⑤ コップ式自動販売機（自動洗浄・屋内設置）","","","","","","","","","","","","","","","","届出","",""
"032000","fBiz00000303990000000194","島根県","松江市","","","⑤ コップ式自動販売機（自動洗浄・屋内設置）","","","","","","","","","","","","","","","","届出","",""
"032000","fBiz00000303990000000195","島根県","松江市","","","⑤ コップ式自動販売機（自動洗浄・屋内設置）","","","","","","","","","","","","","","","","届出","",""
"032000","fBiz00000303990000000196","島根県","松江市","","","⑤ コップ式自動販売機（自動洗浄・屋内設置）","","","","","","","","","","","","","","","","届出","",""
"032000","fBiz00000303990000000197","島根県","松江市","","","⑤ コップ式自動販売機（自動洗浄・屋内設置）","","","","","","","","","","","","","","","","届出","",""
"032000","fBiz00000303990000000198","島根県","松江市","","","⑤ コップ式自動販売機（自動洗浄・屋内設置）","","","","","","","","","","","","","","","","届出","",""
"032000","fBiz00000303990000000199","島根県","松江市","","","⑤ コップ式自動販売機（自動洗浄・屋内設置）","","","","","","","","","","","","","","","","届出","",""
"032000","fBiz00000303990000000200","島根県","松江市","","","⑤ コップ式自動販売機（自動洗浄・屋内設置）","","","","","","","","","","","","","","","","届出","",""
"032000","fBiz00000303990000000201","島根県","松江市","","","⑤ コップ式自動販売機（自動洗浄・屋内設置）","","","","","","","","","","","","","","","","届出","",""
"032000","fBiz00000303990000000214","島根県","松江市","","","⑤ コップ式自動販売機（自動洗浄・屋内設置）","","","","","","","","","","","","","","","","届出","",""
"032000","fBiz00000303990000000218","島根県","松江市","","","⑤ コップ式自動販売機（自動洗浄・屋内設置）","","","","","","","","","","","","","","","","届出","",""
"032000","fBiz00000303990000000219","島根県","松江市","","","⑤ コップ式自動販売機（自動洗浄・屋内設置）","","","","","","","","","","","","","","","","届出","",""
"032000","fBiz00000303990000000227","島根県","松江市","","","⑤ コップ式自動販売機（自動洗浄・屋内設置）","","","","","","","","","","","","","","","","届出","",""
"032000","fBiz00000303990000000228","島根県","松江市","","","⑤ コップ式自動販売機（自動洗浄・屋内設置）","","","","","","","","","","","","","","","","届出","",""
"032000","fBiz00000303990000000229","島根県","松江市","","","⑤ コップ式自動販売機（自動洗浄・屋内設置）","","","","","","","","","","","","","","","","届出","",""
"032000","fBiz00000303990000000230","島根県","松江市","","","⑤ コップ式自動販売機（自動洗浄・屋内設置）","","","","","","","","","","","","","","","","届出","",""
"032000","fBiz00000303990000000231","島根県","松江市","","","⑤ コップ式自動販売機（自動洗浄・屋内設置）","","","","","","","","","","","","","","","","届出","",""
"032000","fBiz00000303990000000232","島根県","松江市","","","⑤ コップ式自動販売機（自動洗浄・屋内設置）","","","","","","","","","","","","","","","","届出","",""
"032000","fBiz00000303990000000233","島根県","松江市","","","⑤ コップ式自動販売機（自動洗浄・屋内設置）","","","","","","","","","","","","","","","","届出","",""
"032000","fBiz00000303990000000234","島根県","松江市","","","⑤ コップ式自動販売機（自動洗浄・屋内設置）","","","","","","","","","","","","","","","","届出","",""
"032000","fBiz00000303990000000235","島根県","松江市","","","⑤ コップ式自動販売機（自動洗浄・屋内設置）","","","","","","","","","","","","","","","","届出","",""
"032000","fBiz00000303990000000236","島根県","松江市","","","⑤ コップ式自動販売機（自動洗浄・屋内設置）","","","","","","","","","","","","","","","","届出","",""
"032000","fBiz00000303990000000239","島根県","松江市","","","⑤ コップ式自動販売機（自動洗浄・屋内設置）","","","","","","","","","","","","","","","","届出","",""
"032000","fBiz00000303990000000240","島根県","松江市","","","⑤ コップ式自動販売機（自動洗浄・屋内設置）","","","","","","","","","","","","","","","","届出","",""
"032000","fBiz00000303990000000245","島根県","松江市","","","⑤ コップ式自動販売機（自動洗浄・屋内設置）","","","","","","","","","","","","","","","","届出","",""
"032000","fBiz00000303990000000247","島根県","松江市","","","⑤ コップ式自動販売機（自動洗浄・屋内設置）","","","","","","","","","","","","","","","","届出","",""
"032000","fBiz00000303990000000256","島根県","松江市","","","⑤ コップ式自動販売機（自動洗浄・屋内設置）","","","","","","","","","","","","","","","","届出","",""
"032000","fBiz00000303990000000257","島根県","松江市","","","⑤ コップ式自動販売機（自動洗浄・屋内設置）","","","","","","","","","","","","","","","","届出","",""
"032000","fBiz00000303990000000258","島根県","松江市","","","⑤ コップ式自動販売機（自動洗浄・屋内設置）","","","","","","","","","","","","","","","","届出","",""
"032000","fBiz00000303990000000259","島根県","松江市","","","⑤ コップ式自動販売機（自動洗浄・屋内設置）","","","","","","","","","","","","","","","","届出","",""
"032000","fBiz00000303990000000260","島根県","松江市","","","⑤ コップ式自動販売機（自動洗浄・屋内設置）","","","","","","","","","","","","","","","","届出","",""
"032000","fBiz00000303990000000262","島根県","松江市","","","⑤ コップ式自動販売機（自動洗浄・屋内設置）","","","","","","","","","","","","","","","","届出","",""
"032000","fBiz00000303990000000263","島根県","松江市","","","⑤ コップ式自動販売機（自動洗浄・屋内設置）","","","","","","","","","","","","","","","","届出","",""
"032000","fBiz00000303990000000264","島根県","松江市","","","⑤ コップ式自動販売機（自動洗浄・屋内設置）","","","","","","","","","","","","","","","","届出","",""
"032000","fBiz00000303990000000265","島根県","松江市","","","⑤ コップ式自動販売機（自動洗浄・屋内設置）","","","","","","","","","","","","","","","","届出","",""
"032000","fBiz00000303990000000266","島根県","松江市","","","⑤ コップ式自動販売機（自動洗浄・屋内設置）","","","","","","","","","","","","","","","","届出","",""
"032000","fBiz00000303990000000267","島根県","松江市","","","⑤ コップ式自動販売機（自動洗浄・屋内設置）","","","","","","","","","","","","","","","","届出","",""
"032000","fBiz00000303990000000268","島根県","松江市","","","⑤ コップ式自動販売機（自動洗浄・屋内設置）","","","","","","","","","","","","","","","","届出","",""
"032000","fBiz00000303990000000269","島根県","松江市","","","⑤ コップ式自動販売機（自動洗浄・屋内設置）","","","","","","","","","","","","","","","","届出","",""
"032000","fBiz00000303990000000270","島根県","松江市","","","⑤ コップ式自動販売機（自動洗浄・屋内設置）","","","","","","","","","","","","","","","","届出","",""
"032000","fBiz00000303990000000271","島根県","松江市","","","⑤ コップ式自動販売機（自動洗浄・屋内設置）","","","","","","","","","","","","","","","","届出","",""
"032000","fBiz00000303990000000272","島根県","松江市","","","⑤ コップ式自動販売機（自動洗浄・屋内設置）","","","","","","","","","","","","","","","","届出","",""
"032000","fBiz00000303990000000273","島根県","松江市","","","⑤ コップ式自動販売機（自動洗浄・屋内設置）","","","","","","","","","","","","","","","","届出","",""
"032000","fBiz00000303990000000274","島根県","松江市","","","② 調理機能を有する自動販売機（要許可）","","","","","","","","","","指令出保061号の0001",2024/12/05,2024/12/05,2024/12/05,2030/05/31,"","許可","自動販売機とする",""
"032000","fBiz00000303990000000275","島根県","松江市","","","⑤ コップ式自動販売機（自動洗浄・屋内設置）","","","","","","","","","","","","","","","","届出","",""
"032000","fBiz00000303990000000289","島根県","松江市","","","⑤ コップ式自動販売機（自動洗浄・屋内設置）","","","","","","","","","","","","","","","","届出","",""
"032000","fBiz00000303990000000290","島根県","松江市","","","⑤ コップ式自動販売機（自動洗浄・屋内設置）","","","","","","","","","","","","","","","","届出","",""
"032000","fBiz00000303990000000291","島根県","松江市","","","⑤ コップ式自動販売機（自動洗浄・屋内設置）","","","","","","","","","","","","","","","","届出","",""
"032000","fBiz00000303990000000292","島根県","松江市","","","⑤ コップ式自動販売機（自動洗浄・屋内設置）","","","","","","","","","","","","","","","","届出","",""
"032000","fBiz00000303990000000293","島根県","松江市","","","⑤ コップ式自動販売機（自動洗浄・屋内設置）","","","","","","","","","","","","","","","","届出","",""
"032000","fBiz00000303990000000294","島根県","松江市","","","⑤ コップ式自動販売機（自動洗浄・屋内設置）","","","","","","","","","","","","","","","","届出","",""
"032000","fBiz00000303990000000312","島根県","松江市","","","⑤ コップ式自動販売機（自動洗浄・屋内設置）","","","","","","","","","","","","","","","","届出","",""
"032000","fBiz00000303990000000314","島根県","松江市","","","⑤ コップ式自動販売機（自動洗浄・屋内設置）","","","","","","","","","","","","","","","","届出","",""
"032000","fBiz00000303990000000318","島根県","松江市","","","⑤ コップ式自動販売機（自動洗浄・屋内設置）","","","","","","","","","","","","","","","","届出","",""
"032000","fBiz00000303990000000319","島根県","松江市","","","⑤ コップ式自動販売機（自動洗浄・屋内設置）","","","","","","","","","","","","","","","","届出","",""
"032000","fBiz00000303990000000320","島根県","松江市","","","⑤ コップ式自動販売機（自動洗浄・屋内設置）","","","","","","","","","","","","","","","","届出","",""
"032000","fBiz00000303990000000321","島根県","松江市","","","⑤ コップ式自動販売機（自動洗浄・屋内設置）","","","","","","","","","","","","","","","","届出","",""
"032000","fBiz00000303990000000322","島根県","松江市","","","⑤ コップ式自動販売機（自動洗浄・屋内設置）","","","","","","","","","","","","","","","","届出","",""
"032000","fBiz00000303990000000323","島根県","松江市","","","⑤ コップ式自動販売機（自動洗浄・屋内設置）","","","","","","","","","","","","","","","","届出","",""
"032000","fBiz00000303990000000324","島根県","松江市","","","⑤ コップ式自動販売機（自動洗浄・屋内設置）","","","","","","","","","","","","","","","","届出","",""
"032000","fBiz00000303990000000325","島根県","松江市","","","⑤ コップ式自動販売機（自動洗浄・屋内設置）","","","","","","","","","","","","","","","","届出","",""
"032000","fBiz00000303990000000326","島根県","松江市","","","⑤ コップ式自動販売機（自動洗浄・屋内設置）","","","","","","","","","","","","","","","","届出","",""
"032000","fBiz00000303990000000327","島根県","松江市","","","⑤ コップ式自動販売機（自動洗浄・屋内設置）","","","","","","","","","","","","","","","","届出","",""
"032000","fBiz00000303990000000328","島根県","松江市","","","⑤ コップ式自動販売機（自動洗浄・屋内設置）","","","","","","","","","","","","","","","","届出","",""
"032000","fBiz00000303990000000336","島根県","松江市","","","⑤ コップ式自動販売機（自動洗浄・屋内設置）","","","","","","","","","","","","","","","","届出","",""
"032000","fBiz00000303990000000337","島根県","松江市","","","⑤ コップ式自動販売機（自動洗浄・屋内設置）","","","","","","","","","","","","","","","","届出","",""
"032000","fBiz00000303990000000338","島根県","松江市","","","⑤ コップ式自動販売機（自動洗浄・屋内設置）","","","","","","","","","","","","","","","","届出","",""
"032000","fBiz00000303990000000339","島根県","松江市","","","⑤ コップ式自動販売機（自動洗浄・屋内設置）","","","","","","","","","","","","","","","","届出","",""
"032000","fBiz00000303990000000342","島根県","松江市","","","⑤ コップ式自動販売機（自動洗浄・屋内設置）","","","","","","","","","","","","","","","","届出","",""
"032000","fBiz00000304560000000001","島根県","松江市","有限会社　中野商店","ユウゲンガイシャ　ナカノショウテン","㉔ その他の食料品製造・加工業","","島根県出雲市姫原1-6-8","",35.372889,132.754151,"0853215335","(有)　中野商店","4280002005800","島根県出雲市姫原1-6-8","","","","","","","届出","",""
"032000","fBiz00000304560000000003","島根県","松江市","(有)中野商店","ユウゲンガイシャ　ナカノショウテン","㉒ 海藻製造・加工業","","島根県雲南市大東町遠所1116-1","",35.363146,132.970171,"","(有)　中野商店","4280002005800","島根県出雲市姫原1-6-8","","","","","","","届出","",""
"032000","fBiz00000313470000000147","島根県","松江市","","","① 飲食店営業","飲食店営業","","","","","","","","","指令出保第060号の8072",2009/01/19,2024/05/24,2024/06/01,2030/05/31,"","許可","",""
"032000","fBiz00000316200000000021","島根県","松江市","","","⑤ コップ式自動販売機（自動洗浄・屋内設置）","","","","","","","","","","","","","","","","届出","",""
"032000","fBiz00000316200000000022","島根県","松江市","","","⑤ コップ式自動販売機（自動洗浄・屋内設置）","","","","","","","","","","","","","","","","届出","",""
"032000","fBiz00000316200000000073","島根県","松江市","","","⑤ コップ式自動販売機（自動洗浄・屋内設置）","","","","","","","","","","","","","","","","届出","",""
"032000","fBiz00000319810000000001","島根県","松江市","","","㉖ 集団給食施設","保育所","","","","","","","","","","","","","","","届出","",""
"032000","fBiz00000322710000000001","島根県","松江市","特別養護老人ホーム偕生園","トクベツヨウゴロウジンホームカイセイエン","㉖ 集団給食施設","集団給食","島根県浜田市黒川町196-1","",34.898091,132.096688,"0855235755","社会福祉法人島根県社会福祉事業団","8280005000423","島根県松江市東津田町1741-3","","","","","","","届出","",""
"032000","fBiz00000323380000000017","島根県","松江市","","","① 飲食店営業","","","","","","","","","","松保第056号の8007",2021/12/01,2021/11/26,2021/12/01,2027/11/30,"","許可","特記事項なし",""
"032000","fBiz00000323380000000074","島根県","松江市","","","⑪ 百貨店、総合スーパー","","","","","","","","","","","","","","","","届出","",""
"032000","fBiz00000323380000000228","島根県","松江市","ラ・ムー安来店","ラムーヤスギテン","① 飲食店営業","","島根県安来市飯島町藤木396番地","",35.432855,133.240788,"0854-23-7560","大黒天物産株式会社","8260001013868","岡山県倉敷市西中新田297番地1","松保第056号の8045",2022/12/01,2022/11/28,2022/12/01,2028/11/30,"","許可","特記事項なし",""
"032000","fBiz00000323380000000228","島根県","松江市","ラ・ムー安来店","ラムーヤスギテン","③ 食肉販売業","","島根県安来市飯島町藤木396番地","",35.432855,133.240788,"0854-23-7560","大黒天物産株式会社","8260001013868","岡山県倉敷市西中新田297番地1","松保第058号の8001",2022/12/01,2022/11/28,2022/12/01,2028/11/30,"","許可","特記事項なし",""
"032000","fBiz00000324270000000002","島根県","松江市","ファミリーマートＪＡいずも長浜店","ファミリーマートジェイエイイズモナガハマテン","① 魚介類販売業（包装済みの魚介類のみの販売）","コンビニエンスストア","島根県出雲市西園町267-1","",35.349241,132.698311,"0853288300","有限会社ＪＡいずもアグリマート","9280002007387","島根県出雲市江田町５５番地１","","","","","","","届出","",""
"032000","fBiz00000324270000000002","島根県","松江市","ファミリーマートＪＡいずも長浜店","ファミリーマートジェイエイイズモナガハマテン","② 食肉販売業（包装済みの食肉のみの販売）","コンビニエンスストア","島根県出雲市西園町267-1","",35.349241,132.698311,"0853288300","有限会社ＪＡいずもアグリマート","9280002007387","島根県出雲市江田町５５番地１","","","","","","","届出","",""
"032000","fBiz00000324270000000002","島根県","松江市","ファミリーマートＪＡいずも長浜店","ファミリーマートジェイエイイズモナガハマテン","③ 乳類販売業","コンビニエンスストア","島根県出雲市西園町267-1","",35.349241,132.698311,"0853288300","有限会社ＪＡいずもアグリマート","9280002007387","島根県出雲市江田町５５番地１","","","","","","","届出","",""
"032000","fBiz00000324270000000003","島根県","松江市","ファミリーマートＪＡいずも平田店","ファミリーマートジェイエイイズモヒラタテン","① 魚介類販売業（包装済みの魚介類のみの販売）","コンビニエンスストア","島根県出雲市平田町7698","",35.441237,132.831207,"0853637172","有限会社ＪＡいずもアグリマート","9280002007387","島根県出雲市江田町５５番地１","","","","","","","届出","",""
"032000","fBiz00000324270000000003","島根県","松江市","ファミリーマートＪＡいずも平田店","ファミリーマートジェイエイイズモヒラタテン","② 食肉販売業（包装済みの食肉のみの販売）","コンビニエンスストア","島根県出雲市平田町7698","",35.441237,132.831207,"0853637172","有限会社ＪＡいずもアグリマート","9280002007387","島根県出雲市江田町５５番地１","","","","","","","届出","",""
"032000","fBiz00000324270000000003","島根県","松江市","ファミリーマートＪＡいずも平田店","ファミリーマートジェイエイイズモヒラタテン","③ 乳類販売業","コンビニエンスストア","島根県出雲市平田町7698","",35.441237,132.831207,"0853637172","有限会社ＪＡいずもアグリマート","9280002007387","島根県出雲市江田町５５番地１","","","","","","","届出","",""
"032000","fBiz00000324270000000004","島根県","松江市","ファミリーマートＪＡいずも稲岡店","ファミリーマートジェイエイイズモイナオカテン","① 魚介類販売業（包装済みの魚介類のみの販売）","コンビニエンスストア","島根県出雲市稲岡町347-2","",35.393354,132.767260,"0853247385","有限会社ＪＡいずもアグリマート","9280002007387","島根県出雲市江田町５５番地１","","","","","","","届出","",""
"032000","fBiz00000324270000000004","島根県","松江市","ファミリーマートＪＡいずも稲岡店","ファミリーマートジェイエイイズモイナオカテン","② 食肉販売業（包装済みの食肉のみの販売）","コンビニエンスストア","島根県出雲市稲岡町347-2","",35.393354,132.767260,"0853247385","有限会社ＪＡいずもアグリマート","9280002007387","島根県出雲市江田町５５番地１","","","","","","","届出","",""
"032000","fBiz00000324270000000004","島根県","松江市","ファミリーマートＪＡいずも稲岡店","ファミリーマートジェイエイイズモイナオカテン","③ 乳類販売業","コンビニエンスストア","島根県出雲市稲岡町347-2","",35.393354,132.767260,"0853247385","有限会社ＪＡいずもアグリマート","9280002007387","島根県出雲市江田町５５番地１","","","","","","","届出","",""
"032000","fBiz00000324270000000006","島根県","松江市","ファミリーマートＪＡいずも小山店","ファミリーマートジェイエイイズモオヤマテン","⑩ コンビニエンスストア","コンビニエンスストア","島根県出雲市小山町235-3","",35.374151,132.744032,"0853-24-9981","有限会社ＪＡいずもアグリマート","9280002007387","島根県出雲市江田町５５番地１","","","","","","","届出","",""
"032000","fBiz00000329730000000012","島根県","松江市","イオンモール出雲","イオンモールイズモ","⑬ その他の食料・飲料販売業","","島根県出雲市渡橋町1066","",35.367588,132.739067,"0853-24-8400","株式会社TRYANGLE","5260001035411","岡山県倉敷市水江1198-6","","","","","","","届出","",""
"032000","fBiz00000329730000000045","島根県","松江市","イオンモール出雲","イオンモールイズモ","⑬ その他の食料・飲料販売業","","島根県出雲市渡橋町1066","",35.367588,132.739067,"0853-24-8400","株式会社TRYANGLE","5260001035411","岡山県倉敷市水江1198-6","","","","","","","届出","",""
"032000","fBiz00000330260000000001","島根県","松江市","老人デイサービスセンターあおぞらの家","ロウジンデイサービスセンターアオゾラノイエ","㉖ 集団給食施設","","島根県雲南市大東町東阿用83-1","",35.305915,132.968566,"","社会福祉法人あおぞら福祉会","1280005005908","島根県雲南市大東町下阿用６９１番地２","","","","","","","届出","",""
"032000","fBiz00000330260000000002","島根県","松江市","生活介護事業所　野の花","セイカツカイゴジギョウショ　ノノハナ","㉖ 集団給食施設","給食","島根県雲南市大東町仁和寺93-1","",35.344735,132.934398,"","社会福祉法人あおぞら福祉会","1280005005908","島根県雲南市大東町下阿用６９１番地２","","","","","","","届出","",""
"032000","fBiz00000334030000000001","島根県","松江市","","","㉖ 集団給食施設","介護施設の給食調理","","","","","","","","","","","","","","","届出","",""
"032000","fBiz00000334030000000003","島根県","松江市","","","㉖ 集団給食施設","保育園の給食調理","","","","","","","","","","","","","","","届出","",""
"032000","fBiz00000334030000000004","島根県","松江市","","","㉖ 集団給食施設","保育園の給食調理","","","","","","","","","","","","","","","届出","",""
"032000","fBiz00000334030000000005","島根県","松江市","","","㉖ 集団給食施設","保育園の給食調理","","","","","","","","","","","","","","","届出","",""
"032000","fBiz00000334640000000001","島根県","松江市","","","㉖ 集団給食施設","","","","","","","","","","","","","","","","届出","",""
"032000","fBiz00000334990000000001","島根県","松江市","有限会社森脇鶏農場","ユウゲンガイシャモリワキケイノウジョウ","㉓ 卵選別包装業","","","","","","","有限会社森脇鶏農場","2280002011908","","","","","","","","届出","",""
"032000","fBiz00000335000000000001","島根県","松江市","井上養鶏場","イノウエヨウケイジョウ","㉓ 卵選別包装業","","","","","","","井上正行","","","","","","","","","届出","",""
"032000","fBiz00000338180000000001","島根県","松江市","精米工場","セイマイコウジョウ","⑧ 米穀類販売業","卸売","島根県出雲市斐川町美南1666番地","",35.393702,132.829892,"0853724183","株式会社ＪＡアグリ島根","4280001003730","島根県出雲市斐川町直江４９９９番地","","","","","","","届出","",""
"032000","fBiz00000345950000000001","島根県","松江市","有限会社福田ファーム","ユウゲンガイシャフクダファーム","㉓ 卵選別包装業","","島根県出雲市野石谷町145","",35.462166,132.820818,"","有限会社福田ファーム","2280002007253","","","","","","","","届出","",""
"032000","fBiz00000346410000000002","島根県","松江市","岡見保育所","オカミホイクショ","㉖ 集団給食施設","保育所給食","島根県浜田市三隅町岡見515－1","",34.770135,131.921672,"0855-32-1382","社会福祉法人　三隅チャイルド","4280005004683","島根県浜田市三隅町向野田604","","","","","","","届出","",""
"032000","fBiz00000354400000000001","島根県","松江市","三隅保育所","ミスミホイクショ","㉖ 集団給食施設","","島根県浜田市三隅町向野田604番地","",34.773730,131.959973,"0855-32-0044","社会福祉法人三隅チャイルド","4280005004683","島根県浜田市三隅町向野田６０４番地","","","","","","","届出","",""
"032000","fBiz00000360320000000001","島根県","松江市","有限会社山本産業","ユウゲンガイシャヤマモトサンギョウ","㉓ 卵選別包装業","","島根県邑智郡邑南町矢上8295番地28","",34.883235,132.450790,"0855-95-1704","有限会社山本産業","4280002009677","島根県邑智郡邑南町矢上8295番地28","","","","","","","届出","",""
"032000","fBiz00000365280000000001","島根県","松江市","めばえ保育園","メバエホイクエン","㉖ 集団給食施設","","島根県益田市東町29-48","",34.682902,131.861745,"0856-22-7343","","","","","","","","","","届出","",""
"032000","fBiz00000365310000000002","島根県","松江市","イオンモール出雲","イオンモールイズモ","⑬ その他の食料・飲料販売業","","島根県出雲市渡橋町1066","",35.367588,132.739067,"0853-24-8200","グローバルプランニング株式会社","8260001013208","岡山県倉敷市新田3086-6","","","","","","","届出","",""
"032000","fBiz00000369540000000001","島根県","松江市","浜田ひかり保育所","ハマダヒカリホイクショ","㉖ 集団給食施設","","島根県浜田市原町79-4","",34.893917,132.072652,"","社会福祉法人浜田ひかり保育所","9280005004084","島根県浜田市原町79-4","","","","","","","届出","",""
"032000","fBiz00000370160000000001","島根県","松江市","社会福祉法人おおつか福祉会ひらた西保育園","シャカイフクシホウジンオオツカフクシカイヒラタニシホイクエン","㉖ 集団給食施設","","島根県出雲市国富町57-1","",35.417190,132.800226,"0853637500","社会福祉法人おおつか福祉会","8280005002626","島根県出雲市矢野町845","","","","","","","届出","",""
"032000","fBiz00000371130000000001","島根県","松江市","","","㉖ 集団給食施設","集団給食施設","","","","","","","","","","","","","","","届出","",""
"032000","fBiz00000371690000000087","島根県","松江市","イオン大田店","イオンオオダテン","⑪ 百貨店、総合スーパー","","島根県大田市長久町土江97","",35.194010,132.476140,"0854-84-0100","イオンリテール株式会社","2040001000456","千葉県千葉市美浜区中瀬一丁目５番地１","","","","","","","届出","",""
"032000","fBiz00000372990000000002","島根県","松江市","","","㉖ 集団給食施設","集団給食施設（保育所）","","","","","","","","","","","","","","","届出","",""
"032000","fBiz00000374750000000001","島根県","松江市","津和野町立　青原保育園","ツワノチョウリツ　アオハラホイクエン","㉖ 集団給食施設","保育園児及び職員への給食の提供","島根県鹿足郡津和野町青原３８８番地","",34.575355,131.788008,"0856-75-0230","津和野町","7000020325015","島根県鹿足郡津和野町枕瀬218番地18","","","","","","","届出","",""
"032000","fBiz00000374750000000002","島根県","松江市","津和野町立　畑迫保育園","ツワノチョウリツ　ハタガサコホイクエン","㉖ 集団給食施設","保育園児及び職員への給食提供","島根県鹿足郡津和野町部栄３８７番地１","",34.484587,131.740847,"0856-72-1595","津和野町","7000020325015","島根県鹿足郡津和野町枕瀬218番地18","","","","","","","届出","",""
"032000","fBiz00000381280000000005","島根県","松江市","","","① 飲食店営業","仮設営業","","","","","","","","","030410002",2021/06/30,2021/06/30,2021/06/30,2026/11/30,"","許可","露店（以下のもの）とする。ワッフル",""
"032000","fBiz00000385930000000001","島根県","松江市","","","㉖ 集団給食施設","集団給食","","","","","","","","","","","","","","","届出","",""
"032000","fBiz00000390560000000001","島根県","松江市","株式出雲村田製作所muRataゆめの森保育園","カブシキガイシャイズモムラタセイサクショムラタユメノモリホイクエン","㉖ 集団給食施設","","島根県出雲市斐川町上直江2493-3","",35.379932,132.816547,"0853-25-8520","株式会社アイグラン","9240001000264","広島県広島市西区庚午中1丁目7-24　1階・2階　NTT庚午ビル","","","","","","","届出","",""
"032000","fBiz00000401320000000001","島根県","松江市","特別養護老人ホームさくら苑","トクベツヨウゴロウジンホームサクラエン","㉖ 集団給食施設","給食調理","島根県雲南市木次町東日登345-1","",35.278649,132.925344,"0854424165","社会福祉法人きすき福祉会","9280005005909","島根県雲南市木次町東日登345-1","","","","","","","届出","",""
"032000","fBiz00000404400000000003","島根県","松江市","株式会社　茶三代一","カブシキガイシャ　チャサンダイ","㉑ 製茶業","","島根県出雲市長浜町729番地６","",35.358597,132.691798,"0853282123","株式会社茶三代一","9280001003271","島根県出雲市長浜町７２９番地６","","","","","","","届出","",""
"032000","fBiz00000405310000000004","島根県","松江市","f to f","エフ　トゥー　エフ","① 魚介類販売業（包装済みの魚介類のみの販売）","移動販売事業","島根県出雲市大津町294-1","",35.376129,132.774985,"08063135317","山田俊太郎","","島根県出雲市大津町２９４－１","","","","","","","届出","",""
"032000","fBiz00000405310000000004","島根県","松江市","f to f","エフ　トゥー　エフ","② 食肉販売業（包装済みの食肉のみの販売）","移動販売事業","島根県出雲市大津町294-1","",35.376129,132.774985,"08063135317","山田俊太郎","","島根県出雲市大津町２９４－１","","","","","","","届出","",""
"032000","fBiz00000405310000000004","島根県","松江市","f to f","エフ　トゥー　エフ","③ 乳類販売業","移動販売事業","島根県出雲市大津町294-1","",35.376129,132.774985,"08063135317","山田俊太郎","","島根県出雲市大津町２９４－１","","","","","","","届出","",""
"032000","fBiz00000406020000000001","島根県","松江市","","","⑰ 農産保存食料品製造・加工業","","","","","","","","","","","","","","","","届出","",""
"032000","fBiz00000406020000000001","島根県","松江市","","","㉔ その他の食料品製造・加工業","","","","","","","","","","","","","","","","届出","",""
"032000","fBiz00000406020000000002","島根県","松江市","","","⑰ 農産保存食料品製造・加工業","","","","","","","","","","","","","","","","届出","",""
"032000","fBiz00000406020000000003","島根県","松江市","","","⑰ 農産保存食料品製造・加工業","","","","","","","","","","","","","","","","届出","",""
"032000","fBiz00000406020000000004","島根県","松江市","","","㉔ その他の食料品製造・加工業","","","","","","","","","","","","","","","","届出","",""
"032000","fBiz00000407650000000001","島根県","松江市","島根県立出雲農林高等学校明耕寮","シマネケンリツイズモノウリンコウトウガッコウメイコウリョウ","㉖ 集団給食施設","","島根県出雲市下横町９５０","",35.354035,132.707582,"0853-28-0314","島根県立出雲農林高等学校","9999999999999","島根県出雲市下横町９５０","","","","","","","届出","",""
"032000","fBiz00000417660000000030","島根県","松江市","ゆめタウン浜田","ユメタウンハマダ","⑪ 百貨店、総合スーパー","","島根県浜田市港町227番地の1","",34.899993,132.071525,"0855-23-7700","株式会社イズミ","8240001000777","広島県広島市東区二葉の里３丁目３番１号","","","","","","","届出","",""
"032000","fBiz00000417660000000031","島根県","松江市","ゆめタウン益田","ユメタウンマスダ","⑪ 百貨店、総合スーパー","","島根県益田市高津七丁目21番12号","",34.691169,131.815897,"0856-23-7800","","","","","","","","","","届出","",""
"032000","fBiz00000417660000000032","島根県","松江市","ゆめタウン斐川","ユメタウンヒカワ","⑪ 百貨店、総合スーパー","","島根県出雲市斐川町上直江1301番地の1","",35.387047,132.807908,"0853-72-7900","","","","","","","","","","届出","",""
"032000","fBiz00000417660000000036","島根県","松江市","ゆめマート浜田","ユメマートハマダ","⑪ 百貨店、総合スーパー","","島根県浜田市相生町1391‐8","",34.898079,132.090931,"0855-23-6500","株式会社イズミ","8240001000777","広島県広島市東区二葉の里３丁目３番１号","","","","","","","届出","",""
"032000","fBiz00000417660000000049","島根県","松江市","ゆめマート神西","ユメマートジンザイ","⑪ 百貨店、総合スーパー","","島根県出雲市大島町24番1号","",35.337372,132.702744,"0853-43-3800","","","","","","","","","","届出","",""
"032000","fBiz00000417660000000056","島根県","松江市","ゆめタウン出雲","ユメタウンイズモ","⑪ 百貨店、総合スーパー","","島根県出雲市大塚町650-1","",35.376962,132.754940,"0853-24-4555","","","","","","","","","","届出","",""
"032000","fBiz00000417660000000079","島根県","松江市","ゆめタウン江津","ユメタウンゴウツ","⑪ 百貨店、総合スーパー","","島根県江津市嘉久志町2306番地30","",35.009624,132.218824,"0855-54-0178","株式会社イズミ","8240001000777","広島県広島市東区二葉の里３丁目３番１号","","","","","","","届出","",""
"032000","fBiz00000419540000000001","島根県","松江市","社会福祉法人　荘原福祉会　荘原保育園","シャカイフクシホウジン  ショウバラフクシカイ　ショウバラホイクエン ","㉖ 集団給食施設","保育所","島根県出雲市斐川町上庄原305-1","",35.391182,132.843263,"0853726984","社会福祉法人　荘原福祉会","7280005002643","島根県出雲市斐川町上庄原305番地1","","","","","","","届出","",""
"032000","fBiz00000423860000000002","島根県","松江市","","","㉖ 集団給食施設","","","","","","","","","","","","","","","","届出","",""
"032000","fBiz00000425910000000003","島根県","松江市","赤名保育所","アカナホイクショ","㉖ 集団給食施設","","島根県飯石郡飯南町上赤名70－7","",34.971245,132.722272,"0854762792","社会福祉法人飯南町社会福祉協議会","6280005006430","島根県飯石郡飯南町野萱1826-2","","","","","","","届出","",""
"032000","fBiz00000425910000000004","島根県","松江市","来島保育所","キジマホイクショ","㉖ 集団給食施設","","島根県飯石郡飯南町野萱774－2","",35.032589,132.743113,"0854763284","社会福祉法人飯南町社会福祉協議会","6280005006430","島根県飯石郡飯南町野萱1826-2","","","","","","","届出","",""
"032000","fBiz00000425910000000005","島根県","松江市","桜ケ台保育所","サクラガダイホイクショ","㉖ 集団給食施設","","島根県飯石郡飯南町頓原1426","",35.081034,132.790759,"0854720237","社会福祉法人飯南町社会福祉協議会","6280005006430","島根県飯石郡飯南町野萱1826-2","","","","","","","届出","",""
"032000","fBiz00000425910000000006","島根県","松江市","さつき保育所","サツキホイクショ","㉖ 集団給食施設","","島根県飯石郡飯南町八神142","",35.110542,132.695794,"0854730474","社会福祉法人飯南町社会福祉協議会","6280005006430","島根県飯石郡飯南町野萱1826-2","","","","","","","届出","",""
"032000","fBiz00000436460000000116","島根県","松江市","スーパーセンタートライアル浜田店","スーパーセンタートライアルハマダテン","① 飲食店営業","スーパー","島根県浜田市周布町イ６１－１","",34.863862,132.026991,"085-524-7980","株式会社トライアルカンパニー","1290001009110","福岡県福岡市東区多の津一丁目12番2号","040418091",2022/05/27,2022/05/27,2022/06/01,2028/05/31,"","許可","",""
"032000","fBiz00000436460000000116","島根県","松江市","スーパーセンタートライアル浜田店","スーパーセンタートライアルハマダテン","③ 食肉販売業","スーパー","島根県浜田市周布町イ６１－１","",34.863862,132.026991,"085-524-7980","株式会社トライアルカンパニー","1290001009110","福岡県福岡市東区多の津一丁目12番2号","040438002",2022/05/27,2022/05/27,2022/06/01,2028/05/31,"","許可","",""
"032000","fBiz00000436460000000116","島根県","松江市","スーパーセンタートライアル浜田店","スーパーセンタートライアルハマダテン","⑪ 百貨店、総合スーパー","スーパー","島根県浜田市周布町イ６１－１","",34.863527,132.027047,"085-524-7980","株式会社トライアルカンパニー","1290001009110","福岡県福岡市東区多の津一丁目12番2号","","","","","","","届出","",""
"032000","fBiz00000436460000000123","島根県","松江市","スーパーセンタートライアル出雲斐川店","スーパーセンタートライアルイズモヒカワテン","⑪ 菓子製造業","スーパー","島根県出雲市斐川町直江５１３５－１","",35.389621,132.827128,"085-373-7725","株式会社トライアルカンパニー","1290001009110","福岡県福岡市東区多の津一丁目12番2号","指令出保第070号の0010",2025/07/22,2025/07/22,2025/07/22,2031/11/30,"","許可","",""
"032000","fBiz00000436460000000123","島根県","松江市","スーパーセンタートライアル出雲斐川店","スーパーセンタートライアルイズモヒカワテン","⑪ 百貨店、総合スーパー","スーパー","島根県出雲市斐川町直江５１３５－１","",35.389621,132.827128,"085-373-7725","株式会社トライアルカンパニー","1290001009110","福岡県福岡市東区多の津一丁目12番2号","","","","","","","届出","",""
"032000","fBiz00000436460000000125","島根県","松江市","スーパーセンタートライアル出雲白枝店","スーパーセンタートライアルイズモシロエダテン","① 飲食店営業","スーパー","島根県出雲市白枝町４２０－１","",35.362975,132.737950,"085-324-7788","株式会社トライアルカンパニー","1290001009110","福岡県福岡市東区多の津一丁目12番2号","指令出保第060号の8076",2019/02/15,2024/05/29,2024/06/01,2029/05/31,"","許可","",""
"032000","fBiz00000436460000000125","島根県","松江市","スーパーセンタートライアル出雲白枝店","スーパーセンタートライアルイズモシロエダテン","⑪ 百貨店、総合スーパー","スーパー","島根県出雲市白枝町４２０－１","",35.362975,132.737950,"085-324-7788","株式会社トライアルカンパニー","1290001009110","福岡県福岡市東区多の津一丁目12番2号","","","","","","","届出","",""
"032000","fBiz00000436460000000127","島根県","松江市","スーパーセンタートライアル益田店","スーパーセンタートライアルマスダテン","① 飲食店営業","スーパー","島根県益田市須子町３２番７号","",34.674348,131.826530,"0856-31-1052","株式会社トライアルカンパニー","1290001009110","福岡県福岡市東区多の津一丁目12番2号","060418025",2018/12/27,2024/05/13,2024/06/01,2030/05/31,"","許可","",""
"032000","fBiz00000436460000000127","島根県","松江市","スーパーセンタートライアル益田店","スーパーセンタートライアルマスダテン","⑪ 百貨店、総合スーパー","スーパー","島根県益田市須子町３２番７号","",34.674348,131.826530,"085-631-1052","株式会社トライアルカンパニー","1290001009110","福岡県福岡市東区多の津一丁目12番2号","","","","","","","届出","",""
"032000","fBiz00000436460000000128","島根県","松江市","スーパーセンタートライアル雲南店","スーパーセンタートライアルウンナンテン","① 飲食店営業","スーパー","島根県雲南市加茂町加茂中２－１","",35.349271,132.901996,"0854-49-9234","株式会社トライアルカンパニー","1290001009110","福岡県福岡市東区多の津一丁目12番2号","指令雲保第051号の8034",2024/05/28,2024/05/28,2024/06/01,2029/05/31,"","許可","",""
"032000","fBiz00000436460000000128","島根県","松江市","スーパーセンタートライアル雲南店","スーパーセンタートライアルウンナンテン","⑪ 百貨店、総合スーパー","スーパー","島根県雲南市加茂町加茂中２－１","",35.349271,132.901996,"0854-49-9234","株式会社トライアルカンパニー","1290001009110","福岡県福岡市東区多の津一丁目12番2号","","","","","","","届出","",""
"032000","fBiz00000581470000000871","島根県","松江市","","","⑫ 自動販売機による販売業（コップ式自動販売機（自動洗浄・屋内設置）及び営業許可の対象となる自動販売機を除く）","","","","","","","","","","","","","","","","届出","",""
"032000","fBiz00000436460000000303","島根県","松江市","スーパーセンタートライアル浜田店","スーパーセンタートライアルハマダテン","① 飲食店営業","","島根県浜田市周布町イ６１－１","",34.863527,132.027047,"085-524-7980","株式会社トライアルカンパニー","1290001009110","福岡県福岡市東区多の津一丁目12番2号","040418096",2022/05/27,2022/05/27,2022/06/01,2028/05/31,"","許可","",""
"032000","fBiz00000436460000000303","島根県","松江市","スーパーセンタートライアル浜田店","スーパーセンタートライアルハマダテン","④ 魚介類販売業","","島根県浜田市周布町イ６１－１","",34.863527,132.027047,"085-524-7980","株式会社トライアルカンパニー","1290001009110","福岡県福岡市東区多の津一丁目12番2号","040448006",2022/05/27,2022/05/27,2022/06/01,2028/05/31,"","許可","",""
"032000","fBiz00000436460000000669","島根県","松江市","スーパーセンタートライアル益田店","スーパーセンタートライアルマスダテン","① 飲食店営業","スーパー","島根県益田市須子町３２番７号","",34.674348,131.826530,"0856-31-1052","株式会社トライアルカンパニー","1290001009110","福岡県福岡市東区多の津一丁目12番2号","060418032",2018/12/27,2024/05/20,2024/06/01,2030/05/31,"","許可","",""
"032000","fBiz00000436460000000670","島根県","松江市","スーパーセンタートライアル益田店","スーパーセンタートライアルマスダテン","③ 食肉販売業","スーパー","島根県益田市須子町３２番７号","",34.674348,131.826530,"0856-31-1052","株式会社トライアルカンパニー","1290001009110","福岡県福岡市東区多の津一丁目12番2号","060438002",2018/12/27,2024/05/20,2024/06/01,2030/05/31,"","許可","特記事項なし",""
"032000","fBiz00000436460000000671","島根県","松江市","スーパーセンタートライアル益田店","スーパーセンタートライアルマスダテン","④ 魚介類販売業","スーパー","島根県益田市須子町３２番７号","",34.674348,131.826530,"0856-31-1052","株式会社トライアルカンパニー","1290001009110","福岡県福岡市東区多の津一丁目12番2号","060448003",2018/12/27,2024/05/20,2024/06/01,2030/05/31,"","許可","特記事項なし",""
"032000","fBiz00000436460000000672","島根県","松江市","スーパーセンタートライアル出雲白枝店","スーパーセンタートライアルイズモシロエダテン","③ 食肉販売業","スーパー","島根県出雲市白枝町４２０－１","",35.362975,132.737950,"085-324-7788","株式会社トライアルカンパニー","1290001009110","福岡県福岡市東区多の津一丁目12番2号","指令出保第062号の8004",2019/02/15,2024/05/29,2024/06/01,2029/05/31,"","許可","",""
"032000","fBiz00000436460000000676","島根県","松江市","スーパーセンタートライアル雲南店","スーパーセンタートライアルウンナンテン","③ 食肉販売業","スーパー","島根県雲南市加茂町加茂中２－１","",35.349271,132.901996,"0854-49-9234","株式会社トライアルカンパニー","1290001009110","福岡県福岡市東区多の津一丁目12番2号","指令雲保第053号の8001",2024/05/28,2024/05/28,2024/06/01,2029/05/31,"","許可","",""
"032000","fBiz00000436460000001051","島根県","松江市","スーパーセンタートライアル大田店","スーパーセンタートライアルオオダテン","⑪ 百貨店、総合スーパー","総合スーパー","島根県大田市長久町長久イ309番地２","",35.199409,132.487186,"0854-83-7001","株式会社トライアルカンパニー","1290001009110","福岡県福岡市東区多の津一丁目12番2号","","","","","","","届出","",""
"032000","fBiz00000436800000000001","島根県","松江市","六日市病院","ムイカイチビョウイン","㉖ 集団給食施設","","島根県鹿足郡吉賀町六日市368番地4","",34.353539,131.937492,"0856-77-1581","社会医療法人石州会","3280005005518","島根県鹿足郡吉賀町六日市368番地4","","","","","","","届出","",""
"032000","fBiz00000436800000000002","島根県","松江市","介護療養型老人保健施設　六日市苑","カイゴリョウヨウガタロウジンホケンシセツ　ムイカイチエン","㉖ 集団給食施設","","島根県鹿足郡吉賀町六日市368番地4","",34.353539,131.937492,"0856-77-1581","社会医療法人石州会","3280005005518","島根県鹿足郡吉賀町六日市368番地4","","","","","","","届出","",""
"032000","fBiz00000449730000000001","島根県","松江市","社会福祉法人海士町社会福祉協議会","シャカイフクシホウジンアマチョウシャカイフクシキョウギカイ","㉖ 集団給食施設","","島根県隠岐郡海士町海士３５１７番地","",36.104624,133.106868,"08514-2-0010","社会福祉法人海士町社会福祉協議会","4280005005780","島根県隠岐郡海士町大字海士３９６９番地１","","","","","","","届出","",""
"032000","fBiz00000453830000000001","島根県","松江市","SPIRA FARM","スピラファーム","㉔ その他の食料品製造・加工業","","島根県出雲市斐川町荘原3963","メゾンYOU V-201",35.398130,132.856430,"08018055688","福島克博","","島根県出雲市斐川町神庭247-7","","","","","","","届出","",""
"032000","fBiz00000453830000000002","島根県","松江市","SPIRA FARM","スピラファーム","⑰ 農産保存食料品製造・加工業","","島根県出雲市斐川町神庭247-7","",35.391294,132.856333,"","福島克博","","島根県出雲市斐川町神庭247-7","","","","","","","届出","",""
"032000","fBiz00000453830000000002","島根県","松江市","SPIRA FARM","スピラファーム","⑱ 調味料製造・加工業","","島根県出雲市斐川町神庭247-7","",35.391294,132.856333,"","福島克博","","島根県出雲市斐川町神庭247-7","","","","","","","届出","",""
"032000","fBiz00000456220000000001","島根県","松江市","新田　大治","ニッタ　ダイジ","⑦ 野菜果物販売業","","島根県雲南市大東町須賀910番地","",35.358995,133.034231,"0854-43-5537","新田大治","","島根県雲南市大東町須賀910番地","","","","","","","届出","",""
"032000","fBiz00000468240000000003","島根県","松江市","津和野高等学校寄宿舎　正徳寮","ツワノコウトウガッコウキシュクシャ　セイトクリョウ","㉖ 集団給食施設","","島根県鹿足郡津和野町鷲原ロ１８１－１","",34.450345,131.758159,"0856-72-0472","島根県立津和野高等学校","9999999999999","島根県鹿足郡津和野町後田ハ１２－３","","","","","","","届出","",""
"032000","fBiz00000486360000000004","島根県","松江市","社会福祉法人荒茅福祉会荒茅保育園","シャカイフクシホウジンアラカヤフクシカイアラカヤホイクエン","㉖ 集団給食施設","","島根県出雲市荒茅町1021-6","",35.366914,132.699094,"0853280940","社会福祉法人荒茅福祉会荒茅保育園","4280005002621","島根県出雲市荒茅町1021-6","","","","","","","届出","",""
"032000","fBiz00000488980000000002","島根県","松江市","聖こう寮","セイコウリョウ","㉖ 集団給食施設","集団給食提供(寄宿舎)","島根県浜田市三隅町向野田409番地","聖こう寮",34.770505,131.963144,"0855320104","社会福祉法人三隅愛育会聖こう寮","6280005004161","島根県浜田市三隅町向野田409番地","","","","","","","届出","",""
"032000","fBiz00000499030000000337","島根県","松江市","","","⑬ その他の食料・飲料販売業","","","","","","","","","","","","","","","","届出","",""
"032000","fBiz00000499030000000338","島根県","松江市","","","⑬ その他の食料・飲料販売業","","","","","","","","","","","","","","","","届出","",""
"032000","fBiz00000499030000000532","島根県","松江市","","","⑫ 自動販売機による販売業（コップ式自動販売機（自動洗浄・屋内設置）及び営業許可の対象となる自動販売機を除く）","冷凍食品の自動販売機","","","","","","","","","","","","","","","届出","",""
"032000","fBiz00000860820000000001","島根県","松江市","","","㉖ 集団給食施設","","","","","","","","","","","","","","","","届出","",""
"032000","fBiz00000514010000000074","島根県","松江市","Aコープラポ","エーコープラポ","⑪ 百貨店、総合スーパー","","島根県益田市遠田町967-1","",34.710387,131.858602,"0856-27-1388","株式会社Aコープ西日本","4240001001201","広島県広島市西区草津港２－６－５０","","","","","","","届出","",""
"032000","fBiz00000514010000000075","島根県","松江市","Aコープますだ中央","エーコープマスダチュウオウ","⑪ 百貨店、総合スーパー","","島根県益田市あけぼの西町17-1","",34.682593,131.837604,"0856-31-1896","株式会社Aコープ西日本","4240001001201","広島県広島市西区草津港２－６－５０","","","","","","","届出","",""
"032000","fBiz00000514320000000004","島根県","松江市","","","㉖ 集団給食施設","","","","","","","","","","","","","","","","届出","",""
"032000","fBiz00000516320000000081","島根県","松江市","天平フーズ（日進堂）","テンペイフーズ　ニッシンドウ","⑬ その他の食料・飲料販売業","","島根県出雲市渡橋町1066","イオンモール出雲",35.367588,132.739067,"0853-24-8430","有限会社天平フーズ","3160002011398","滋賀県高島市新旭町太田７７５番地","","","","","","","届出","",""
"032000","fBiz00000516320000000119","島根県","松江市","天平フーズ（天平キムチ、iroHa、海楽縁)","テンペイフーズ　テンペイキムチ　イロハ　カイラクエン　","⑬ その他の食料・飲料販売業","","島根県出雲市渡橋町1066","イオンモール出雲",35.367588,132.739067,"0853-24-8430","有限会社天平フーズ","3160002011398","滋賀県高島市新旭町太田７７５番地","","","","","","","届出","",""
"032000","fBiz00000516320000000141","島根県","松江市","天平フーズ（天平キムチ)","テンペイフーズ　テンペイキムチ","⑬ その他の食料・飲料販売業","","島根県仁多郡奥出雲町三成323-1","共同組合　仁多ｼｮｯﾋﾟﾝｸﾞｾﾝﾀｰ",35.197933,133.001105,"0854-54-2171","有限会社天平フーズ","3160002011398","滋賀県高島市新旭町太田７７５番地","","","","","","","届出","",""
"032000","fBiz00000516320000000142","島根県","松江市","天平フーズ（海楽縁)","テンペイフーズ　カイラクエン","⑬ その他の食料・飲料販売業","","島根県仁多郡奥出雲町三成323-1","共同組合　仁多ｼｮｯﾋﾟﾝｸﾞｾﾝﾀｰ",35.197933,133.001105,"0854-54-2171","有限会社天平フーズ","3160002011398","滋賀県高島市新旭町太田７７５番地","","","","","","","届出","",""
"032000","fBiz00000516320000000270","島根県","松江市","天平フーズ　天平キムチ","テンペイフーズ　","⑬ その他の食料・飲料販売業","","島根県出雲市駅北町11","JR出雲市駅",35.360794,132.756552,"","有限会社天平フーズ","3160002011398","滋賀県高島市新旭町太田７７５番地","","","","","",2025/07/30,"届出(廃業)","",""
"032000","fBiz00000536540000000011","島根県","松江市","","","⑦ 野菜果物販売業","","","","","","","","","","","","","","","","届出","",""
"032000","fBiz00000543290000000419","島根県","松江市","366：208702：島根県立出雲商業高等学校（パン）","シマネケンリツイズモショウギョウコウトウガッコウ　パン","⑫ 自動販売機による販売業（コップ式自動販売機（自動洗浄・屋内設置）及び営業許可の対象となる自動販売機を除く）","","島根県出雲市大津町２５２５","",35.357860,132.776893,"","株式会社キリンビバックス","5240001009879","広島県広島市中区八丁堀16番11号","","","","","","","届出","",""
"032000","fBiz00000543290000000420","島根県","松江市","451：248101：島根県立出雲工業高等学校（パン）","シマネケンリツイズモコウギョウコウトウガッコウ　パン","⑫ 自動販売機による販売業（コップ式自動販売機（自動洗浄・屋内設置）及び営業許可の対象となる自動販売機を除く）","","島根県出雲市上塩冶町４２０","",35.345566,132.761302,"","株式会社キリンビバックス","5240001009879","広島県広島市中区八丁堀16番11号","","","","","","","届出","",""
"032000","fBiz00000543290000000470","島根県","松江市","446：247078：メルコパワーデバイス（株）コモパン","メルコパワーデバイス","⑫ 自動販売機による販売業（コップ式自動販売機（自動洗浄・屋内設置）及び営業許可の対象となる自動販売機を除く）","","島根県益田市津田町１０７１－３","",34.717668,131.867449,"","株式会社キリンビバックス","5240001009879","広島県広島市中区八丁堀16番11号","","","","","","","届出","",""
"032000","fBiz00000543290000000474","島根県","松江市","756：351049：島根あさひ社会復帰センター　休憩室コモ","シマネアサヒシャカイフッキセンター　キュウケイシツコモ","⑫ 自動販売機による販売業（コップ式自動販売機（自動洗浄・屋内設置）及び営業許可の対象となる自動販売機を除く）","","島根県浜田市旭町丸原380-15","",34.878365,132.256708,"","株式会社キリンビバックス","5240001009879","広島県広島市中区八丁堀16番11号","","","","","","","届出","",""
"032000","fBiz00000543290000000476","島根県","松江市","757：351050：島根あさひ社会復帰センター　ロビー左","シマネアサヒシャカイフッキセンター　ロビーヒダリ","⑫ 自動販売機による販売業（コップ式自動販売機（自動洗浄・屋内設置）及び営業許可の対象となる自動販売機を除く）","","島根県浜田市旭町丸原380-15","",34.878365,132.256708,"","株式会社キリンビバックス","5240001009879","広島県広島市中区八丁堀16番11号","","","","","","","届出","",""
"032000","fBiz00000543290000000477","島根県","松江市","758：351051：島根あさひ社会復帰センター　ロビー右","シマネアサヒシャカイフッキセンター　ロビーミギ","⑫ 自動販売機による販売業（コップ式自動販売機（自動洗浄・屋内設置）及び営業許可の対象となる自動販売機を除く）","","島根県浜田市旭町丸原380-15","",34.878365,132.256708,"","株式会社キリンビバックス","5240001009879","広島県広島市中区八丁堀16番11号","","","","","","","届出","",""
"032000","fBiz00000543290000000989","島根県","松江市","1014：384438：ゆめタウン出雲店赤ちゃん","ユメタウンイズモテンアカチャン","⑫ 自動販売機による販売業（コップ式自動販売機（自動洗浄・屋内設置）及び営業許可の対象となる自動販売機を除く）","","島根県出雲市大塚町６５０－１","",35.376962,132.754940,"","株式会社キリンビバックス","5240001009879","広島県広島市中区八丁堀16番11号","","","","","","","届出","",""
"032000","fBiz00000543290000001222","島根県","松江市","759：351054：島根あさひ社会復帰センター　休憩室右","シマネアサヒシャカイフッキセンター　キュウケイシツミギ","⑫ 自動販売機による販売業（コップ式自動販売機（自動洗浄・屋内設置）及び営業許可の対象となる自動販売機を除く）","","島根県浜田市旭町丸原３８０－１５","",34.878365,132.256708,"","株式会社キリンビバックス","5240001009879","広島県広島市中区八丁堀16番11号","","","","","","","届出","",""
"032000","fBiz00000543290000001223","島根県","松江市","760：351056：島根あさひ社会復帰センター　休憩室左","シマネアサヒシャカイフッキセンター　キュウケイシツヒダリ","⑫ 自動販売機による販売業（コップ式自動販売機（自動洗浄・屋内設置）及び営業許可の対象となる自動販売機を除く）","","島根県浜田市旭町丸原３８０－１５","",34.878365,132.256708,"","株式会社キリンビバックス","5240001009879","広島県広島市中区八丁堀16番11号","","","","","","","届出","",""
"032000","fBiz00000543290000001226","島根県","松江市","755：351047：島根あさひ社会復帰センター　ロビー","シマネアサヒシャカイフッキセンター　ロビー","⑫ 自動販売機による販売業（コップ式自動販売機（自動洗浄・屋内設置）及び営業許可の対象となる自動販売機を除く）","","島根県浜田市旭町丸原３８０－１５","",34.878365,132.256708,"","株式会社キリンビバックス","5240001009879","広島県広島市中区八丁堀16番11号","","","","","","","届出","",""
"032000","fBiz00000543290000001432","島根県","松江市","1553：100003167：島根イーグル株式会社","シマネイーグルカブシキガイシャ","⑬ その他の食料・飲料販売業","","島根県雲南市掛合町多根２１２－３","",35.238388,132.820091,"","株式会社キリンビバックス","5240001009879","広島県広島市中区八丁堀16番11号","","","","","","","届出","",""
"032000","fBiz00000543290000001436","島根県","松江市","1556：100005615：ダイワボウレーヨン株式会社　益田工場旧売店","ダイワボウレーヨンカブシキガイシャ　マスダコウジョウキュウバイテン","⑬ その他の食料・飲料販売業","","島根県益田市須子町3-1","",34.679664,131.831306,"","株式会社キリンビバックス","5240001009879","広島県広島市中区八丁堀16番11号","","","","","","","届出","",""
"032000","fBiz00000543290000001437","島根県","松江市","1557：100006249：島根島津株式会社","シマネシマヅカブシキガイシャ","⑬ その他の食料・飲料販売業","","島根県出雲市斐川町直江2698","",35.373395,132.827785,"","株式会社キリンビバックス","5240001009879","広島県広島市中区八丁堀16番11号","","","","","","","届出","",""
"032000","fBiz00000543290000001438","島根県","松江市","1558：100006254：株式会社キグチテクニクス","カブシキガイシャキグチテクニクス","⑬ その他の食料・飲料販売業","","島根県安来市恵乃島町１１４－１５","",35.426933,133.279993,"","株式会社キリンビバックス","5240001009879","広島県広島市中区八丁堀16番11号","","","","","","","届出","",""
"032000","fBiz00000543290000001439","島根県","松江市","1559：100006252：イズテック株式会社","イズテックカブシキガイシャ","⑬ その他の食料・飲料販売業","","島根県出雲市長浜町５１３－２","",35.367044,132.754694,"","株式会社キリンビバックス","5240001009879","広島県広島市中区八丁堀16番11号","","","","","","","届出","",""
"032000","fBiz00000543290000001440","島根県","松江市","1560：100006232：神戸天然物化学(株)第1工場","コウベテンネンブツカガクカブシキガイシャダイイチコウジョウ","⑬ その他の食料・飲料販売業","","島根県出雲市長浜町1372-12","",35.357505,132.699055,"","株式会社キリンビバックス","5240001009879","広島県広島市中区八丁堀16番11号","","","","","","","届出","",""
"032000","fBiz00000543290000001441","島根県","松江市","1561：100006245：神戸天然物化学(株)第2工場","コウベテンネンブツカガクカブシキガイシャダイニコウジョウ","⑬ その他の食料・飲料販売業","","島根県出雲市長浜町1372-12","",35.357505,132.699055,"","株式会社キリンビバックス","5240001009879","広島県広島市中区八丁堀16番11号","","","","","","","届出","",""
"032000","fBiz00000557500000000001","島根県","松江市","社会福祉法人いわみ福祉会　ミレ岡見","シャカイフクシホウジンイワミフクシカイ　ミレオカミ","㉖ 集団給食施設","","島根県浜田市三隅町岡見700","",34.771472,131.923678,"0855323900","社会福祉法人いわみ福祉会　","6280005004145","島根県浜田市金城町七条ハ559番地2","","","","","","","届出","",""
"032000","fBiz00000570410000000001","島根県","松江市","医療法人　金島胃腸科外科　通所リハビリたかつ","イリョウホウジン　カネシマイチョウカゲカ　ツウショリハビリタカツ","㉖ 集団給食施設","","島根県益田市高津１丁目９番４号","",34.685690,131.825501,"0856-32-3388","医療法人　金島胃腸科外科","5280005005037","島根県益田市高津１丁目９番４号","","","","","","","届出","",""
"032000","fBiz00000572530000000158","島根県","松江市","","","⑬ その他の食料・飲料販売業","「GRANDE」という名称の、サプリメントを吐出するマシン（非自販機）の設置","","","","","","","","","","","","","","","届出","",""
"032000","fBiz00000581470000000004","島根県","松江市","","","⑫ 自動販売機による販売業（コップ式自動販売機（自動洗浄・屋内設置）及び営業許可の対象となる自動販売機を除く）","","","","","","","","","","","","","","","","届出","",""
"032000","fBiz00000581470000000660","島根県","松江市","","","⑫ 自動販売機による販売業（コップ式自動販売機（自動洗浄・屋内設置）及び営業許可の対象となる自動販売機を除く）","","","","","","","","","","","","","","","","届出","",""
"032000","fBiz00000581470000000661","島根県","松江市","","","⑫ 自動販売機による販売業（コップ式自動販売機（自動洗浄・屋内設置）及び営業許可の対象となる自動販売機を除く）","","","","","","","","","","","","","","","","届出","",""
"032000","fBiz00000581470000000678","島根県","松江市","","","⑫ 自動販売機による販売業（コップ式自動販売機（自動洗浄・屋内設置）及び営業許可の対象となる自動販売機を除く）","","","","","","","","","","","","","","","","届出","",""
"032000","fBiz00000581470000000680","島根県","松江市","","","⑫ 自動販売機による販売業（コップ式自動販売機（自動洗浄・屋内設置）及び営業許可の対象となる自動販売機を除く）","","","","","","","","","","","","","","","","届出","",""
"032000","fBiz00000581470000000730","島根県","松江市","","","⑫ 自動販売機による販売業（コップ式自動販売機（自動洗浄・屋内設置）及び営業許可の対象となる自動販売機を除く）","","","","","","","","","","","","","","","","届出","",""
"032000","fBiz00000581470000000747","島根県","松江市","","","⑫ 自動販売機による販売業（コップ式自動販売機（自動洗浄・屋内設置）及び営業許可の対象となる自動販売機を除く）","","","","","","","","","","","","","","","","届出","",""
"032000","fBiz00000581470000000764","島根県","松江市","","","⑫ 自動販売機による販売業（コップ式自動販売機（自動洗浄・屋内設置）及び営業許可の対象となる自動販売機を除く）","","","","","","","","","","","","","","","","届出","",""
"032000","fBiz00000581470000000765","島根県","松江市","","","⑫ 自動販売機による販売業（コップ式自動販売機（自動洗浄・屋内設置）及び営業許可の対象となる自動販売機を除く）","","","","","","","","","","","","","","","","届出","",""
"032000","fBiz00000581470000000772","島根県","松江市","","","⑫ 自動販売機による販売業（コップ式自動販売機（自動洗浄・屋内設置）及び営業許可の対象となる自動販売機を除く）","","","","","","","","","","","","","","","","届出","",""
"032000","fBiz00000581470000000779","島根県","松江市","","","⑫ 自動販売機による販売業（コップ式自動販売機（自動洗浄・屋内設置）及び営業許可の対象となる自動販売機を除く）","","","","","","","","","","","","","","","","届出","",""
"032000","fBiz00000581470000000782","島根県","松江市","","","⑫ 自動販売機による販売業（コップ式自動販売機（自動洗浄・屋内設置）及び営業許可の対象となる自動販売機を除く）","","","","","","","","","","","","","","","","届出","",""
"032000","fBiz00000581470000000819","島根県","松江市","","","⑫ 自動販売機による販売業（コップ式自動販売機（自動洗浄・屋内設置）及び営業許可の対象となる自動販売機を除く）","","","","","","","","","","","","","","","","届出","",""
"032000","fBiz00000581470000000895","島根県","松江市","","","⑫ 自動販売機による販売業（コップ式自動販売機（自動洗浄・屋内設置）及び営業許可の対象となる自動販売機を除く）","","","","","","","","","","","","","","","","届出","",""
"032000","fBiz00000581470000000896","島根県","松江市","","","⑫ 自動販売機による販売業（コップ式自動販売機（自動洗浄・屋内設置）及び営業許可の対象となる自動販売機を除く）","","","","","","","","","","","","","","","","届出","",""
"032000","fBiz00000581470000000919","島根県","松江市","","","⑫ 自動販売機による販売業（コップ式自動販売機（自動洗浄・屋内設置）及び営業許可の対象となる自動販売機を除く）","","","","","","","","","","","","","","","","届出","",""
"032000","fBiz00000581470000000929","島根県","松江市","","","⑫ 自動販売機による販売業（コップ式自動販売機（自動洗浄・屋内設置）及び営業許可の対象となる自動販売機を除く）","","","","","","","","","","","","","","","","届出","",""
"032000","fBiz00000581470000001020","島根県","松江市","","","⑫ 自動販売機による販売業（コップ式自動販売機（自動洗浄・屋内設置）及び営業許可の対象となる自動販売機を除く）","","","","","","","","","","","","","","","","届出","",""
"032000","fBiz00000581470000001061","島根県","松江市","","","⑫ 自動販売機による販売業（コップ式自動販売機（自動洗浄・屋内設置）及び営業許可の対象となる自動販売機を除く）","","","","","","","","","","","","","","","","届出","",""
"032000","fBiz00000581470000001065","島根県","松江市","","","⑫ 自動販売機による販売業（コップ式自動販売機（自動洗浄・屋内設置）及び営業許可の対象となる自動販売機を除く）","","","","","","","","","","","","","","","","届出","",""
"032000","fBiz00000581470000001066","島根県","松江市","","","⑫ 自動販売機による販売業（コップ式自動販売機（自動洗浄・屋内設置）及び営業許可の対象となる自動販売機を除く）","","","","","","","","","","","","","","","","届出","",""
"032000","fBiz00000581470000001078","島根県","松江市","","","⑫ 自動販売機による販売業（コップ式自動販売機（自動洗浄・屋内設置）及び営業許可の対象となる自動販売機を除く）","","","","","","","","","","","","","","","","届出","",""
"032000","fBiz00000581470000001079","島根県","松江市","","","⑫ 自動販売機による販売業（コップ式自動販売機（自動洗浄・屋内設置）及び営業許可の対象となる自動販売機を除く）","","","","","","","","","","","","","","","","届出","",""
"032000","fBiz00000581470000001096","島根県","松江市","","","⑫ 自動販売機による販売業（コップ式自動販売機（自動洗浄・屋内設置）及び営業許可の対象となる自動販売機を除く）","","","","","","","","","","","","","","","","届出","",""
"032000","fBiz00000581470000001097","島根県","松江市","","","⑫ 自動販売機による販売業（コップ式自動販売機（自動洗浄・屋内設置）及び営業許可の対象となる自動販売機を除く）","","","","","","","","","","","","","","","","届出","",""
"032000","fBiz00000581470000001134","島根県","松江市","","","⑫ 自動販売機による販売業（コップ式自動販売機（自動洗浄・屋内設置）及び営業許可の対象となる自動販売機を除く）","","","","","","","","","","","","","","","","届出","",""
"032000","fBiz00000581470000001138","島根県","松江市","","","⑫ 自動販売機による販売業（コップ式自動販売機（自動洗浄・屋内設置）及び営業許可の対象となる自動販売機を除く）","","","","","","","","","","","","","","","","届出","",""
"032000","fBiz00000581470000001171","島根県","松江市","","","⑫ 自動販売機による販売業（コップ式自動販売機（自動洗浄・屋内設置）及び営業許可の対象となる自動販売機を除く）","","","","","","","","","","","","","","","","届出","",""
"032000","fBiz00000581470000001190","島根県","松江市","","","⑫ 自動販売機による販売業（コップ式自動販売機（自動洗浄・屋内設置）及び営業許可の対象となる自動販売機を除く）","","","","","","","","","","","","","","","","届出","",""
"032000","fBiz00000581470000001206","島根県","松江市","","","⑫ 自動販売機による販売業（コップ式自動販売機（自動洗浄・屋内設置）及び営業許可の対象となる自動販売機を除く）","","","","","","","","","","","","","","","","届出","",""
"032000","fBiz00000581470000001234","島根県","松江市","","","⑫ 自動販売機による販売業（コップ式自動販売機（自動洗浄・屋内設置）及び営業許可の対象となる自動販売機を除く）","","","","","","","","","","","","","","","","届出","",""
"032000","fBiz00000581470000001290","島根県","松江市","","","⑫ 自動販売機による販売業（コップ式自動販売機（自動洗浄・屋内設置）及び営業許可の対象となる自動販売機を除く）","","","","","","","","","","","","","","","","届出","",""
"032000","fBiz00000581470000001305","島根県","松江市","","","⑫ 自動販売機による販売業（コップ式自動販売機（自動洗浄・屋内設置）及び営業許可の対象となる自動販売機を除く）","","","","","","","","","","","","","","","","届出","",""
"032000","fBiz00000581470000001308","島根県","松江市","","","⑫ 自動販売機による販売業（コップ式自動販売機（自動洗浄・屋内設置）及び営業許可の対象となる自動販売機を除く）","","","","","","","","","","","","","","","","届出","",""
"032000","fBiz00000581470000001312","島根県","松江市","","","⑫ 自動販売機による販売業（コップ式自動販売機（自動洗浄・屋内設置）及び営業許可の対象となる自動販売機を除く）","","","","","","","","","","","","","","","","届出","",""
"032000","fBiz00000581470000001371","島根県","松江市","","","⑫ 自動販売機による販売業（コップ式自動販売機（自動洗浄・屋内設置）及び営業許可の対象となる自動販売機を除く）","","","","","","","","","","","","","","","","届出","",""
"032000","fBiz00000581470000001468","島根県","松江市","","","⑫ 自動販売機による販売業（コップ式自動販売機（自動洗浄・屋内設置）及び営業許可の対象となる自動販売機を除く）","","","","","","","","","","","","","","","","届出","",""
"032000","fBiz00000581470000001494","島根県","松江市","","","⑫ 自動販売機による販売業（コップ式自動販売機（自動洗浄・屋内設置）及び営業許可の対象となる自動販売機を除く）","","","","","","","","","","","","","","","","届出","",""
"032000","fBiz00000581470000001496","島根県","松江市","","","⑫ 自動販売機による販売業（コップ式自動販売機（自動洗浄・屋内設置）及び営業許可の対象となる自動販売機を除く）","","","","","","","","","","","","","","","","届出","",""
"032000","fBiz00000581470000001510","島根県","松江市","","","⑫ 自動販売機による販売業（コップ式自動販売機（自動洗浄・屋内設置）及び営業許可の対象となる自動販売機を除く）","","","","","","","","","","","","","","","","届出","",""
"032000","fBiz00000581470000001518","島根県","松江市","","","⑫ 自動販売機による販売業（コップ式自動販売機（自動洗浄・屋内設置）及び営業許可の対象となる自動販売機を除く）","","","","","","","","","","","","","","","","届出","",""
"032000","fBiz00000581470000001519","島根県","松江市","","","⑫ 自動販売機による販売業（コップ式自動販売機（自動洗浄・屋内設置）及び営業許可の対象となる自動販売機を除く）","","","","","","","","","","","","","","","","届出","",""
"032000","fBiz00000581470000001521","島根県","松江市","","","⑫ 自動販売機による販売業（コップ式自動販売機（自動洗浄・屋内設置）及び営業許可の対象となる自動販売機を除く）","","","","","","","","","","","","","","","","届出","",""
"032000","fBiz00000581470000001522","島根県","松江市","","","⑫ 自動販売機による販売業（コップ式自動販売機（自動洗浄・屋内設置）及び営業許可の対象となる自動販売機を除く）","","","","","","","","","","","","","","","","届出","",""
"032000","fBiz00000581470000001547","島根県","松江市","","","⑫ 自動販売機による販売業（コップ式自動販売機（自動洗浄・屋内設置）及び営業許可の対象となる自動販売機を除く）","","","","","","","","","","","","","","","","届出","",""
"032000","fBiz00000581470000001549","島根県","松江市","","","⑫ 自動販売機による販売業（コップ式自動販売機（自動洗浄・屋内設置）及び営業許可の対象となる自動販売機を除く）","","","","","","","","","","","","","","","","届出","",""
"032000","fBiz00000581470000001582","島根県","松江市","","","⑫ 自動販売機による販売業（コップ式自動販売機（自動洗浄・屋内設置）及び営業許可の対象となる自動販売機を除く）","","","","","","","","","","","","","","","","届出","",""
"032000","fBiz00000581470000001621","島根県","松江市","","","⑫ 自動販売機による販売業（コップ式自動販売機（自動洗浄・屋内設置）及び営業許可の対象となる自動販売機を除く）","","","","","","","","","","","","","","","","届出","",""
"032000","fBiz00000581470000001651","島根県","松江市","","","⑫ 自動販売機による販売業（コップ式自動販売機（自動洗浄・屋内設置）及び営業許可の対象となる自動販売機を除く）","","","","","","","","","","","","","","","","届出","",""
"032000","fBiz00000581470000001657","島根県","松江市","","","⑫ 自動販売機による販売業（コップ式自動販売機（自動洗浄・屋内設置）及び営業許可の対象となる自動販売機を除く）","","","","","","","","","","","","","","","","届出","",""
"032000","fBiz00000581470000001662","島根県","松江市","","","⑫ 自動販売機による販売業（コップ式自動販売機（自動洗浄・屋内設置）及び営業許可の対象となる自動販売機を除く）","","","","","","","","","","","","","","","","届出","",""
"032000","fBiz00000581470000001663","島根県","松江市","","","⑫ 自動販売機による販売業（コップ式自動販売機（自動洗浄・屋内設置）及び営業許可の対象となる自動販売機を除く）","","","","","","","","","","","","","","","","届出","",""
"032000","fBiz00000581470000001673","島根県","松江市","","","⑫ 自動販売機による販売業（コップ式自動販売機（自動洗浄・屋内設置）及び営業許可の対象となる自動販売機を除く）","","","","","","","","","","","","","","","","届出","",""
"032000","fBiz00000581470000001678","島根県","松江市","","","⑫ 自動販売機による販売業（コップ式自動販売機（自動洗浄・屋内設置）及び営業許可の対象となる自動販売機を除く）","","","","","","","","","","","","","","","","届出","",""
"032000","fBiz00000581470000001684","島根県","松江市","","","⑫ 自動販売機による販売業（コップ式自動販売機（自動洗浄・屋内設置）及び営業許可の対象となる自動販売機を除く）","","","","","","","","","","","","","","","","届出","",""
"032000","fBiz00000581470000001685","島根県","松江市","","","⑫ 自動販売機による販売業（コップ式自動販売機（自動洗浄・屋内設置）及び営業許可の対象となる自動販売機を除く）","","","","","","","","","","","","","","","","届出","",""
"032000","fBiz00000581470000001688","島根県","松江市","","","⑫ 自動販売機による販売業（コップ式自動販売機（自動洗浄・屋内設置）及び営業許可の対象となる自動販売機を除く）","","","","","","","","","","","","","","","","届出","",""
"032000","fBiz00000581470000001797","島根県","松江市","","","⑫ 自動販売機による販売業（コップ式自動販売機（自動洗浄・屋内設置）及び営業許可の対象となる自動販売機を除く）","","","","","","","","","","","","","","","","届出","",""
"032000","fBiz00000581470000001810","島根県","松江市","","","⑫ 自動販売機による販売業（コップ式自動販売機（自動洗浄・屋内設置）及び営業許可の対象となる自動販売機を除く）","","","","","","","","","","","","","","","","届出","",""
"032000","fBiz00000581470000001813","島根県","松江市","","","⑫ 自動販売機による販売業（コップ式自動販売機（自動洗浄・屋内設置）及び営業許可の対象となる自動販売機を除く）","","","","","","","","","","","","","","","","届出","",""
"032000","fBiz00000581470000001814","島根県","松江市","","","⑫ 自動販売機による販売業（コップ式自動販売機（自動洗浄・屋内設置）及び営業許可の対象となる自動販売機を除く）","","","","","","","","","","","","","","","","届出","",""
"032000","fBiz00000581470000001815","島根県","松江市","","","⑫ 自動販売機による販売業（コップ式自動販売機（自動洗浄・屋内設置）及び営業許可の対象となる自動販売機を除く）","","","","","","","","","","","","","","","","届出","",""
"032000","fBiz00000581470000001816","島根県","松江市","","","⑫ 自動販売機による販売業（コップ式自動販売機（自動洗浄・屋内設置）及び営業許可の対象となる自動販売機を除く）","","","","","","","","","","","","","","","","届出","",""
"032000","fBiz00000581470000001817","島根県","松江市","","","⑫ 自動販売機による販売業（コップ式自動販売機（自動洗浄・屋内設置）及び営業許可の対象となる自動販売機を除く）","","","","","","","","","","","","","","","","届出","",""
"032000","fBiz00000581470000001819","島根県","松江市","","","⑫ 自動販売機による販売業（コップ式自動販売機（自動洗浄・屋内設置）及び営業許可の対象となる自動販売機を除く）","","","","","","","","","","","","","","","","届出","",""
"032000","fBiz00000581470000001820","島根県","松江市","","","⑫ 自動販売機による販売業（コップ式自動販売機（自動洗浄・屋内設置）及び営業許可の対象となる自動販売機を除く）","","","","","","","","","","","","","","","","届出","",""
"032000","fBiz00000581470000001821","島根県","松江市","","","⑫ 自動販売機による販売業（コップ式自動販売機（自動洗浄・屋内設置）及び営業許可の対象となる自動販売機を除く）","","","","","","","","","","","","","","","","届出","",""
"032000","fBiz00000581470000001822","島根県","松江市","","","⑫ 自動販売機による販売業（コップ式自動販売機（自動洗浄・屋内設置）及び営業許可の対象となる自動販売機を除く）","","","","","","","","","","","","","","","","届出","",""
"032000","fBiz00000581470000001823","島根県","松江市","","","⑫ 自動販売機による販売業（コップ式自動販売機（自動洗浄・屋内設置）及び営業許可の対象となる自動販売機を除く）","","","","","","","","","","","","","","","","届出","",""
"032000","fBiz00000581470000001824","島根県","松江市","","","⑫ 自動販売機による販売業（コップ式自動販売機（自動洗浄・屋内設置）及び営業許可の対象となる自動販売機を除く）","","","","","","","","","","","","","","","","届出","",""
"032000","fBiz00000581470000001825","島根県","松江市","","","⑫ 自動販売機による販売業（コップ式自動販売機（自動洗浄・屋内設置）及び営業許可の対象となる自動販売機を除く）","","","","","","","","","","","","","","","","届出","",""
"032000","fBiz00000581470000001826","島根県","松江市","","","⑫ 自動販売機による販売業（コップ式自動販売機（自動洗浄・屋内設置）及び営業許可の対象となる自動販売機を除く）","","","","","","","","","","","","","","","","届出","",""
"032000","fBiz00000581470000001827","島根県","松江市","","","⑫ 自動販売機による販売業（コップ式自動販売機（自動洗浄・屋内設置）及び営業許可の対象となる自動販売機を除く）","","","","","","","","","","","","","","","","届出","",""
"032000","fBiz00000581470000001840","島根県","松江市","","","⑫ 自動販売機による販売業（コップ式自動販売機（自動洗浄・屋内設置）及び営業許可の対象となる自動販売機を除く）","","","","","","","","","","","","","","","","届出","",""
"032000","fBiz00000581470000001844","島根県","松江市","","","⑫ 自動販売機による販売業（コップ式自動販売機（自動洗浄・屋内設置）及び営業許可の対象となる自動販売機を除く）","","","","","","","","","","","","","","","","届出","",""
"032000","fBiz00000581470000001857","島根県","松江市","","","⑫ 自動販売機による販売業（コップ式自動販売機（自動洗浄・屋内設置）及び営業許可の対象となる自動販売機を除く）","","","","","","","","","","","","","","","","届出","",""
"032000","fBiz00000581470000001858","島根県","松江市","","","⑫ 自動販売機による販売業（コップ式自動販売機（自動洗浄・屋内設置）及び営業許可の対象となる自動販売機を除く）","","","","","","","","","","","","","","","","届出","",""
"032000","fBiz00000581470000001862","島根県","松江市","","","⑫ 自動販売機による販売業（コップ式自動販売機（自動洗浄・屋内設置）及び営業許可の対象となる自動販売機を除く）","","","","","","","","","","","","","","","","届出","",""
"032000","fBiz00000581470000001863","島根県","松江市","","","⑫ 自動販売機による販売業（コップ式自動販売機（自動洗浄・屋内設置）及び営業許可の対象となる自動販売機を除く）","","","","","","","","","","","","","","","","届出","",""
"032000","fBiz00000581470000001868","島根県","松江市","","","⑫ 自動販売機による販売業（コップ式自動販売機（自動洗浄・屋内設置）及び営業許可の対象となる自動販売機を除く）","","","","","","","","","","","","","","","","届出","",""
"032000","fBiz00000581470000001870","島根県","松江市","","","⑫ 自動販売機による販売業（コップ式自動販売機（自動洗浄・屋内設置）及び営業許可の対象となる自動販売機を除く）","","","","","","","","","","","","","","","","届出","",""
"032000","fBiz00000581470000001871","島根県","松江市","","","⑫ 自動販売機による販売業（コップ式自動販売機（自動洗浄・屋内設置）及び営業許可の対象となる自動販売機を除く）","","","","","","","","","","","","","","","","届出","",""
"032000","fBiz00000581470000001879","島根県","松江市","","","⑫ 自動販売機による販売業（コップ式自動販売機（自動洗浄・屋内設置）及び営業許可の対象となる自動販売機を除く）","","","","","","","","","","","","","","","","届出","",""
"032000","fBiz00000581470000001880","島根県","松江市","","","⑫ 自動販売機による販売業（コップ式自動販売機（自動洗浄・屋内設置）及び営業許可の対象となる自動販売機を除く）","","","","","","","","","","","","","","","","届出","",""
"032000","fBiz00000581470000001895","島根県","松江市","","","⑫ 自動販売機による販売業（コップ式自動販売機（自動洗浄・屋内設置）及び営業許可の対象となる自動販売機を除く）","","","","","","","","","","","","","","","","届出","",""
"032000","fBiz00000581470000001905","島根県","松江市","","","⑫ 自動販売機による販売業（コップ式自動販売機（自動洗浄・屋内設置）及び営業許可の対象となる自動販売機を除く）","","","","","","","","","","","","","","","","届出","",""
"032000","fBiz00000581470000001921","島根県","松江市","","","⑫ 自動販売機による販売業（コップ式自動販売機（自動洗浄・屋内設置）及び営業許可の対象となる自動販売機を除く）","","","","","","","","","","","","","","","","届出","",""
"032000","fBiz00000581470000001934","島根県","松江市","","","⑫ 自動販売機による販売業（コップ式自動販売機（自動洗浄・屋内設置）及び営業許可の対象となる自動販売機を除く）","","","","","","","","","","","","","","","","届出","",""
"032000","fBiz00000581470000001935","島根県","松江市","","","⑫ 自動販売機による販売業（コップ式自動販売機（自動洗浄・屋内設置）及び営業許可の対象となる自動販売機を除く）","","","","","","","","","","","","","","","","届出","",""
"032000","fBiz00000581470000001948","島根県","松江市","","","⑫ 自動販売機による販売業（コップ式自動販売機（自動洗浄・屋内設置）及び営業許可の対象となる自動販売機を除く）","","","","","","","","","","","","","","","","届出","",""
"032000","fBiz00000581470000001969","島根県","松江市","","","⑫ 自動販売機による販売業（コップ式自動販売機（自動洗浄・屋内設置）及び営業許可の対象となる自動販売機を除く）","","","","","","","","","","","","","","","","届出","",""
"032000","fBiz00000581470000001975","島根県","松江市","","","⑫ 自動販売機による販売業（コップ式自動販売機（自動洗浄・屋内設置）及び営業許可の対象となる自動販売機を除く）","","","","","","","","","","","","","","","","届出","",""
"032000","fBiz00000581470000001996","島根県","松江市","","","⑫ 自動販売機による販売業（コップ式自動販売機（自動洗浄・屋内設置）及び営業許可の対象となる自動販売機を除く）","","","","","","","","","","","","","","","","届出","",""
"032000","fBiz00000581470000002046","島根県","松江市","","","⑫ 自動販売機による販売業（コップ式自動販売機（自動洗浄・屋内設置）及び営業許可の対象となる自動販売機を除く）","","","","","","","","","","","","","","","","届出","",""
"032000","fBiz00000581470000002146","島根県","松江市","","","⑫ 自動販売機による販売業（コップ式自動販売機（自動洗浄・屋内設置）及び営業許可の対象となる自動販売機を除く）","","","","","","","","","","","","","","","","届出","",""
"032000","fBiz00000581470000002150","島根県","松江市","","","⑫ 自動販売機による販売業（コップ式自動販売機（自動洗浄・屋内設置）及び営業許可の対象となる自動販売機を除く）","","","","","","","","","","","","","","","","届出","",""
"032000","fBiz00000581470000002151","島根県","松江市","","","⑫ 自動販売機による販売業（コップ式自動販売機（自動洗浄・屋内設置）及び営業許可の対象となる自動販売機を除く）","","","","","","","","","","","","","","","","届出","",""
"032000","fBiz00000581470000002152","島根県","松江市","","","⑫ 自動販売機による販売業（コップ式自動販売機（自動洗浄・屋内設置）及び営業許可の対象となる自動販売機を除く）","","","","","","","","","","","","","","","","届出","",""
"032000","fBiz00000581470000002196","島根県","松江市","","","⑫ 自動販売機による販売業（コップ式自動販売機（自動洗浄・屋内設置）及び営業許可の対象となる自動販売機を除く）","","","","","","","","","","","","","","","","届出","",""
"032000","fBiz00000581470000002216","島根県","松江市","","","⑫ 自動販売機による販売業（コップ式自動販売機（自動洗浄・屋内設置）及び営業許可の対象となる自動販売機を除く）","","","","","","","","","","","","","","","","届出","",""
"032000","fBiz00000581470000002221","島根県","松江市","","","⑫ 自動販売機による販売業（コップ式自動販売機（自動洗浄・屋内設置）及び営業許可の対象となる自動販売機を除く）","","","","","","","","","","","","","","","","届出","",""
"032000","fBiz00000581470000002224","島根県","松江市","","","⑫ 自動販売機による販売業（コップ式自動販売機（自動洗浄・屋内設置）及び営業許可の対象となる自動販売機を除く）","","","","","","","","","","","","","","","","届出","",""
"032000","fBiz00000581470000002225","島根県","松江市","","","⑫ 自動販売機による販売業（コップ式自動販売機（自動洗浄・屋内設置）及び営業許可の対象となる自動販売機を除く）","","","","","","","","","","","","","","","","届出","",""
"032000","fBiz00000581470000002236","島根県","松江市","","","⑫ 自動販売機による販売業（コップ式自動販売機（自動洗浄・屋内設置）及び営業許可の対象となる自動販売機を除く）","","","","","","","","","","","","","","","","届出","",""
"032000","fBiz00000581470000002240","島根県","松江市","","","⑫ 自動販売機による販売業（コップ式自動販売機（自動洗浄・屋内設置）及び営業許可の対象となる自動販売機を除く）","","","","","","","","","","","","","","","","届出","",""
"032000","fBiz00000581470000002243","島根県","松江市","","","⑫ 自動販売機による販売業（コップ式自動販売機（自動洗浄・屋内設置）及び営業許可の対象となる自動販売機を除く）","","","","","","","","","","","","","","","","届出","",""
"032000","fBiz00000581470000002307","島根県","松江市","","","⑫ 自動販売機による販売業（コップ式自動販売機（自動洗浄・屋内設置）及び営業許可の対象となる自動販売機を除く）","","","","","","","","","","","","","","","","届出","",""
"032000","fBiz00000581470000002322","島根県","松江市","","","⑫ 自動販売機による販売業（コップ式自動販売機（自動洗浄・屋内設置）及び営業許可の対象となる自動販売機を除く）","","","","","","","","","","","","","","","","届出","",""
"032000","fBiz00000581470000002332","島根県","松江市","","","⑫ 自動販売機による販売業（コップ式自動販売機（自動洗浄・屋内設置）及び営業許可の対象となる自動販売機を除く）","","","","","","","","","","","","","","","","届出","",""
"032000","fBiz00000581470000002333","島根県","松江市","","","⑫ 自動販売機による販売業（コップ式自動販売機（自動洗浄・屋内設置）及び営業許可の対象となる自動販売機を除く）","","","","","","","","","","","","","","","","届出","",""
"032000","fBiz00000581470000002335","島根県","松江市","","","⑫ 自動販売機による販売業（コップ式自動販売機（自動洗浄・屋内設置）及び営業許可の対象となる自動販売機を除く）","","","","","","","","","","","","","","","","届出","",""
"032000","fBiz00000581470000002364","島根県","松江市","","","⑫ 自動販売機による販売業（コップ式自動販売機（自動洗浄・屋内設置）及び営業許可の対象となる自動販売機を除く）","","","","","","","","","","","","","","","","届出","",""
"032000","fBiz00000581470000002367","島根県","松江市","","","⑫ 自動販売機による販売業（コップ式自動販売機（自動洗浄・屋内設置）及び営業許可の対象となる自動販売機を除く）","","","","","","","","","","","","","","","","届出","",""
"032000","fBiz00000581470000002368","島根県","松江市","","","⑫ 自動販売機による販売業（コップ式自動販売機（自動洗浄・屋内設置）及び営業許可の対象となる自動販売機を除く）","","","","","","","","","","","","","","","","届出","",""
"032000","fBiz00000581470000002387","島根県","松江市","","","⑫ 自動販売機による販売業（コップ式自動販売機（自動洗浄・屋内設置）及び営業許可の対象となる自動販売機を除く）","","","","","","","","","","","","","","","","届出","",""
"032000","fBiz00000584930000000001","島根県","松江市","日本製紙株式会社江津工場","ニッポンセイシカブシキガイシャゴウツコウジョウ","㉔ その他の食料品製造・加工業","","島根県江津市江津町1280","",35.015960,132.220385,"0855526017","日本製紙株式会社","8011501009422","東京都北区王子１丁目４番１号","","","","","","","届出","",""
"032000","fBiz00000586440000000001","島根県","松江市","","","㉖ 集団給食施設","","","","","","","","","","","","","","","","届出","",""
"032000","fBiz00000587730000000001","島根県","松江市","学校法人　島根信望愛学園　益田天使幼稚園","ガッコウホウジン　シマネシンボウアイガクエン　マスダテンシヨウチエン","㉖ 集団給食施設","","島根県益田市中吉田町269-1","",34.684943,131.838303,"0856221477","学校法人　島根信望愛学園　益田天使幼稚園","8280005005125","島根県益田市中吉田町269-1","","","","","","","届出","",""
"032000","fBiz00000595750000000001","島根県","松江市","奥出雲仁多米株式会社","オクイズモニタマイカブシキガイシャ","⑧ 米穀類販売業","","島根県仁多郡奥出雲町高尾1787-22","",35.166429,133.014251,"0854542248","","","","","","","","","","届出","",""
"032000","fBiz00000595750000000002","島根県","松江市","奥出雲仁多米株式会社","オクイズモニタマイカブシキガイシャ","⑧ 米穀類販売業","","島根県仁多郡奥出雲町高尾1787-22","",35.166429,133.014251,"0854542248","","","","","","","","","","届出","",""
"032000","fBiz00000595750000000002","島根県","松江市","奥出雲仁多米株式会社","オクイズモニタマイカブシキガイシャ","⑳ 精穀・製粉業","","島根県仁多郡奥出雲町高尾1787-22","",35.166429,133.014251,"0854542248","","","","","","","","","","届出","",""
"032000","fBiz00000634020000000001","島根県","松江市","ファミリーマート雲南三刀屋店","ファミリーマートウンナンミトヤテン","⑩ コンビニエンスストア","コンビニエンスストア","島根県雲南市三刀屋町下熊谷1308番地1","",35.301647,132.893645,"0854450146","佐藤昌己","","広島県三次市三次町1529番地9 クレール尾関山202","","","","","","","届出","",""
"032000","fBiz00000634490000000002","島根県","松江市","益田青果株式会社","マスダセイカカブシキガイシャ","⑦ 野菜果物販売業","野菜果物販売業","島根県益田市高津7丁目22番1号","",34.690867,131.815150,"0856-22-1500","","","島根県益田市高津7丁目22番-1号","","","","","","","届出","",""
"032000","fBiz00000654850000000001","島根県","松江市","隠岐モーモードーム","オキモーモードーム","② 食肉販売業（包装済みの食肉のみの販売）","","島根県隠岐郡隠岐の島町池田池田風呂前19番地","",36.224356,133.307954,"0851220787","一般社団法人隠岐の島町観光協会","5280005005763","島根県隠岐郡隠岐の島町隠岐郡隠岐の島町中町目貫ノ四61隠岐ジオゲートウェイ内","","","","","","","届出","",""
"032000","fBiz00000685030000000001","島根県","松江市","社会福祉法人さくら会","シャカイフクシホウジンサクラカイ","㉖ 集団給食施設","","島根県浜田市相生町1391-11","",34.898327,132.091646,"","社会福祉法人さくら会","1280005004083","島根県浜田市相生町1391－11","","","","","","","届出","",""
"032000","fBiz00000697970000000001","島根県","松江市","有限会社ダイノーエッグ","ユウゲンガイシャダイノーエッグ","㉓ 卵選別包装業","","島根県鹿足郡吉賀町鹿足郡吉賀町899-1","",34.386502,131.949407,"0856771654","有限会社ダイノーエッグ","8280002010672","島根県鹿足郡吉賀町田野原899-1","","","","","","","届出","",""
"032000","fBiz00000698620000000031","島根県","松江市","カリッジュキッチンカー","カリッジュキッチンカー","① 飲食店営業","キッチンカー ","島根県浜田市片庭町254広島市西区己斐上1丁目6-12　島根県県内一円","",34.897961,132.072923,"","株式会社Oasis Eats","4240001056583","広島県広島市西区己斐上1丁目6-12","070410002",2025/04/22,2025/04/22,2025/04/22,2030/05/31,"","許可","食品営業自動車とする。",""
"032000","fBiz00000698620000000033","島根県","松江市","ジラフキッチンカー","ジラフキッチンカー","① 飲食店営業","キッチンカー ","島根県浜田市片庭町254","広島市西区己斐上1丁目6-12　島根県県内一円",34.897794,132.070687,"","株式会社Oasis Eats","4240001056583","広島県広島市西区己斐上1丁目6-12","070410006",2025/06/04,2025/06/04,2025/06/04,2030/11/30,"","許可","",""
"032000","fBiz00001494420000000001","島根県","松江市","","","① 魚介類販売業（包装済みの魚介類のみの販売）","","","","","","","","","","","","","","","","届出","",""
"032000","fBiz00000700210000000001","島根県","松江市","特別養護老人ホーム「ますだ」ハイツ","トクベツヨウゴロウジンホーム　マスダハイツ","㉖ 集団給食施設","特別養護老人ホーム","島根県益田市高津四丁目6番40号","",34.686786,131.812326,"0856-22-8588","社会福祉法人　梅寿会","8280005005067","島根県益田市高津四丁目6番40号","","","","","","","届出","",""
"032000","fBiz00000700210000000002","島根県","松江市","軽費老人ホームコーポ「ますだ」","ケイヒロウジンホーム　コーポマスダ","㉖ 集団給食施設","軽費老人ホーム","島根県益田市高津四丁目27番7号","",34.685726,131.811089,"0856-23-1660","社会福祉法人　梅寿会","8280005005067","島根県益田市高津四丁目6番40号","","","","","","","届出","",""
"032000","fBiz00000700210000000003","島根県","松江市","特別養護老人ホームくしろ宝寿苑","トクベツヨウゴロウジンホーム　クシロホウジュエン","㉖ 集団給食施設","特別養護老人ホーム","島根県益田市久城町531番地","",34.701382,131.850025,"0856-31-2345","社会福祉法人　梅寿会","8280005005067","島根県益田市高津四丁目6番40号","","","","","","","届出","",""
"032000","fBiz00000703230000000031","島根県","松江市","","","① 飲食店営業","一般食堂","","","","","","コンパスグループ・ジャパン株式会社","1013301006291","東京都中央区築地五丁目5番12号","指令出保第０６０号の0033",2025/06/11,2025/06/11,2025/06/11,2030/11/30,"","許可","",""
"032000","fBiz00000703230000000032","島根県","松江市","","","① 飲食店営業","一般食堂","","","","","","コンパスグループ・ジャパン株式会社","1013301006291","東京都中央区築地五丁目5番12号","070410009",2025/06/16,2025/06/16,2025/06/16,2030/11/30,"","許可","",""
"032000","fBiz00000703230000000033","島根県","松江市","","","① 飲食店営業","一般食堂","","","","","","コンパスグループ・ジャパン株式会社","1013301006291","東京都中央区築地五丁目5番12号","指令出保第０６０号の0034",2025/06/11,2025/06/11,2025/06/11,2030/11/30,"","許可","",""
"032000","fBiz00000703230000000034","島根県","松江市","","","① 飲食店営業","一般食堂","","","","","","コンパスグループ・ジャパン株式会社","1013301006291","東京都中央区築地五丁目5番12号","070410012",2025/06/17,2025/06/17,2025/06/17,2030/11/30,"","許可","",""
"032000","fBiz00000726300000000005","島根県","松江市","社会福祉法人荘原福祉東部保育園","シャカイフクシホウジンショウバラフクシカイトウブホイクエン","㉖ 集団給食施設","","島根県出雲市斐川町荘原2300-1","",35.398113,132.854992,"0853721331","社会福祉法人荘原福祉会","7280005002643","島根県出雲市斐川町上庄原３０５－１","","","","","","","届出","",""
"032000","fBiz00000730550000000002","島根県","松江市","こばと保育園","コバトホイクエン","㉖ 集団給食施設","保育園の運営","島根県大田市大田市7-1","",35.182464,132.526440,"0854826884","社会福祉法人こばと保育園","8280005007187","島根県大田市長久町稲用7-1","","","","","","","届出","",""
"032000","fBiz00000738990000000002","島根県","松江市","","","⑫ 自動販売機による販売業（コップ式自動販売機（自動洗浄・屋内設置）及び営業許可の対象となる自動販売機を除く）","","","","","","","","","","","","","","","","届出","",""
"032000","fBiz00000741880000000022","島根県","松江市","ココカラファイン安来店","ココカラファインヤスギテン","⑬ その他の食料・飲料販売業","","島根県安来市黒井田町1-5","",35.425613,133.278571,"0854-23-8030","株式会社ココカラファインヘルスケア","8120001082605","神奈川県横浜市港北区新横浜３丁目１７番６号","","","","","","","届出","",""
"032000","fBiz00000759790000000001","島根県","松江市","奥出雲多根自然博物館体験交流施設","オクイズモタネシゼンハクブツカンタイケンコウリュウシセツ","① 魚介類販売業（包装済みの魚介類のみの販売）","","島根県仁多郡奥出雲町佐白335","",35.230902,132.989181,"0854-54-0003","公益財団法人奥出雲多根自然博物館","7280005006181","島根県仁多郡奥出雲町佐白236-1","","","","","","","届出","",""
"032000","fBiz00000759790000000002","島根県","松江市","奥出雲多根自然博物館体験交流施設","オクイズモタネシゼンハクブツカンタイケンコウリュウシセツ","② 食肉販売業（包装済みの食肉のみの販売）","","島根県仁多郡奥出雲町佐白335","",35.230902,132.989181,"0854-54-0003","公益財団法人奥出雲多根自然博物館","7280005006181","島根県仁多郡奥出雲町佐白236-1","","","","","","","届出","",""
"032000","fBiz00000790150000000003","島根県","松江市","特別養護老人ホームゆめあいの丘","トクベツヨウゴロウジンホームユメアイノオカ","㉖ 集団給食施設","","島根県邑智郡邑南町上亀谷2180-2","",34.844809,132.516175,"0855-83-1717","社会福祉法人おおなん福祉会","7280005004771","島根県邑智郡邑南町上亀谷2180-2","","","","","","","届出","",""
"032000","fBiz00000793700000000001","島根県","松江市","社会福祉法人寶林会  今福保育園","シャカイフクシホウジンホウリンカイ  イマフクホイクエン","㉖ 集団給食施設","","島根県浜田市金城町今福1422-3","",34.880099,132.192764,"0855421769","社会福祉法人寶林会　今福保育園","8280005004143","島根県浜田市金城町今福1422-3","","","","","","","届出","",""
"032000","fBiz00000799730000000002","島根県","松江市","有限会社小早川製粉","ユウゲンガイシャコバヤカワセイフン","⑳ 精穀・製粉業","精穀・製粉業","島根県雲南市大東町田中515番地","",35.330400,132.981251,"0854-43-2023","有限会社小早川製粉","4280002011328","島根県雲南市大東町田中５１５番地","","","","","","","届出","",""
"032000","fBiz00000832440000000001","島根県","松江市","","","⑨ 通信販売・訪問販売による販売業","小売業","","","","","","","","","","","","","","","届出","",""
"032000","fBiz00000835310000000088","島根県","松江市","花咲　丸合平田","ハナサキマルゴウヒラタ","① 飲食店営業","弁当惣菜製造業","島根県出雲市平田町1598 丸合平田店内","",35.429934,132.812683,"0853-82-5878","東洋食品株式会社","2290801005547","福岡県北九州市門司区黄金町6-28","指令出保第060号の8192",2023/11/24,2023/11/24,2023/12/01,2028/11/30,"","許可","特記事項なし",""
"032000","fBiz00000841410000000015","島根県","松江市","ゆめタウン出雲　菓匠将満","ユメタウンイズモ　カショウマサミツ","⑬ その他の食料・飲料販売業","","島根県出雲市大塚町650-1","ゆめタウン出雲　1階",35.376962,132.754940,"","悦野渉","","兵庫県明石市南貴崎町1-53","","","","","","","届出","",""
"032000","fBiz00000842720000000001","島根県","松江市","","","㉑ 製茶業","","","","","","","","","","","","","","","","届出","",""
"032000","fBiz00000842720000000002","島根県","松江市","野澤友裕","ノザワトモヒロ","⑱ 調味料製造・加工業","","島根県邑智郡川本町因原1144－21－111","",34.968244,132.475661,"09061871900","野澤友裕","","島根県邑智郡川本町因原１１４４－２１－１１１","","","","","","","届出","",""
"032000","fBiz00000842720000000004","島根県","松江市","","","㉑ 製茶業","","","","","","","","","","","","","","","","届出","",""
"032000","fBiz00000842720000000005","島根県","松江市","野澤友裕","ノザワトモヒロ","⑱ 調味料製造・加工業","","島根県邑智郡川本町川下1298","",34.977240,132.477673,"09061871900","野澤友裕","","島根県邑智郡川本町川下1298","","","","","","","届出","",""
"032000","fBiz00000859970000000001","島根県","松江市","ウエルシア浜田田町店","ウエルシアハマダタマチテン","⑪ 百貨店、総合スーパー","ドラックストア","島根県浜田市田町116-6","",34.899933,132.082750,"0855251285","ウエルシア薬局株式会社","3030001002411","東京都千代田区外神田二丁目2番15号","","","","","","","届出","",""
"032000","fBiz00000861480000000001","島根県","松江市","介護老人保健施設　サンホームみずほ","カイゴロジンホケンシセツ　サンホームミズホ","㉖ 集団給食施設","","島根県邑智郡邑南町高見821番地1","",34.899511,132.548230,"0855-84-0007","医療法人　徳祐会","7280005004739","島根県邑智郡邑南町山田33番地6","","","","","","","届出","",""
"032000","fBiz00000862050000000001","島根県","松江市","グリーンシティー","グリーンシティー","⑪ 百貨店、総合スーパー","","島根県雲南市大東町大東956-1","",35.325565,132.963512,"0854436321","株式会社グリーンシティー","6280005005944","島根県雲南市大東町大東956-1","","","","","","","届出","",""
"032000","fBiz00000863460000000003","島根県","松江市","独立行政法人国立病院機構浜田医療センターおおぞら保育園","ドクリツギョウセイホウジンコクリツビョウインキコウオオゾラホイクエン","㉖ 集団給食施設","","島根県浜田市浅井町777-12","",34.903447,132.087995,"0855-24-1811","さくらグループ株式会社","8260001019320","岡山県新見市新見714-3","","","","","","","届出","",""
"032000","fBiz00000863690000000001","島根県","松江市","","","㉒ 海藻製造・加工業","","","","","","","","","","","","","","","","届出","",""
"032000","fBiz00000863690000000002","島根県","松江市","","","㉒ 海藻製造・加工業","","","","","","","","","","","","","","","","届出","",""
"032000","fBiz00000863690000000003","島根県","松江市","","","㉒ 海藻製造・加工業","","","","","","","","","","","","","","","","届出","",""
"032000","fBiz00000890940000000001","島根県","松江市","ビラたかやま","ビラタカヤマ","㉖ 集団給食施設","","島根県大田市祖式町546-1","",35.067143,132.452928,"0854-85-2015","社会福祉法人　大田市社会福祉事業団","5280005003593","島根県大田市川合町川合1081-2","","","","","","","届出","",""
"032000","fBiz00000907580000000001","島根県","松江市","ヒラキ農園","ヒラキノウエン","⑰ 農産保存食料品製造・加工業","","島根県浜田市三隅町東平原1127-4","",34.802179,131.987805,"0855322338","平木正美","","島根県浜田市三隅町東平原1127-4","","","","","","","届出","",""
"032000","fBiz00000907960000000001","島根県","松江市","マキタ農園","マキタノウエン","⑰ 農産保存食料品製造・加工業","","島根県大田市祖式町１４００－１","",35.061864,132.443374,"0854852391","槙田明","","島根県大田市祖式町１４００－１","","","","","","","届出","",""
"032000","fBiz00000911270000000001","島根県","松江市","株式会社にちはら総合研究所","カブシキガイシャ  ニチハラソウゴウケンキュウジョ","⑰ 農産保存食料品製造・加工業","","島根県鹿足郡津和野町枕瀬151-1","",34.540574,131.837604,"0856741348","株式会社にちはら総合研究所","8280001005269","島根県鹿足郡津和野町枕瀬151-1","","","","","","","届出","",""
"032000","fBiz00000919470000000098","島根県","松江市","","","① 魚介類販売業（包装済みの魚介類のみの販売）","","","","","","","","","","","","","","","","届出","",""
"032000","fBiz00000920870000000004","島根県","松江市","JAL PLAZA 出雲空港ロビー店","ジャルプラザイズモクウコウロビーテン","⑬ その他の食料・飲料販売業","小売","島根県出雲市斐川町沖洲２６３３－１　","出雲空港ﾀｰﾐﾅﾙﾋﾞﾙ内",35.415898,132.888337,"0853726979","株式会社ＪＡＬＵＸエアポート","2010701007407","東京都港区港南１丁目２番７０号","","","","","","","届出","",""
"032000","fBiz00000920870000000005","島根県","松江市","JAL PLAZA 出雲空港店 ゲートショップ","ジャルプラザ イズモクウコウテン ゲートショップ","⑬ その他の食料・飲料販売業","小売","島根県出雲市斐川町沖洲２６３３－１　","出雲空港ﾀｰﾐﾅﾙﾋﾞﾙ内",35.415932,132.888325,"0853726979","株式会社ＪＡＬＵＸエアポート","2010701007407","東京都港区港南１丁目２番７０号","","","","","","","届出","",""
"032000","fBiz00000935730000000156","島根県","松江市","","","① 飲食店営業","給食","","","","","","","","","出保第060号の8074",2025/05/26,2025/05/26,2025/06/01,2030/05/31,"","許可","",""
"032000","fBiz00000942700000000002","島根県","松江市","島根県立出雲養護学校　寄宿舎","シマネケンリツイズモヨウゴガッコウ　キシュクシャ","㉖ 集団給食施設","集団給食施設","島根県出雲市神西沖町２４８５","島根県立出雲養護学校",35.341609,132.682286,"0853-43-2260","島根県立出雲養護学校","9999999999999","島根県出雲市神西沖町2485","","","","","","","届出","",""
"032000","fBiz00000945880000000001","島根県","松江市","坂根屋ゆめタウン斐川店","サカネヤユメタウンヒカワテン","⑬ その他の食料・飲料販売業","小売","島根県出雲市斐川町上直江1301-1","ゆめタウン斐川１F",35.387047,132.807908,"0853-72-7933","有限会社坂根屋","4280002005486","島根県出雲市今市町８９０番地","","","","","","","届出","",""
"032000","fBiz00000945880000000002","島根県","松江市","坂根屋ゆめタウン出雲店","サカネヤユメタウンイズモテン","⑬ その他の食料・飲料販売業","","島根県出雲市大塚町650-1","ゆめタウン出雲本館１F",35.376962,132.754940,"0853-31-6238","有限会社坂根屋","4280002005486","島根県出雲市今市町８９０番地","","","","","","","届出","",""
"032000","fBiz00000945880000000003","島根県","松江市","坂根屋ゆめマート神西店","サカネヤユメマートジンザイテン","⑬ その他の食料・飲料販売業","","島根県出雲市大島町24-1","ゆめマート神西１F",35.337372,132.702744,"0853-43-7173","有限会社坂根屋","4280002005486","島根県出雲市今市町８９０番地","","","","","","","届出","",""
"032000","fBiz00000945880000000004","島根県","松江市","坂根屋本店","サカネヤホンテン","⑬ その他の食料・飲料販売業","小売","島根県出雲市今市町890","",35.363028,132.754932,"0853240011","有限会社坂根屋","4280002005486","島根県出雲市今市町８９０番地","","","","","","","届出","",""
"032000","fBiz00000946780000000001","島根県","松江市","社会福祉法人　大田市社会福祉事業団　ビラあさやま","シャカイフクシホウジンオオダシシャカイフクシジギョウダンビラアサヤマ","㉖ 集団給食施設","集団給食施設","島根県大田市朝山町朝倉706-1","",35.245544,132.563215,"0854-85-8553","社会福祉法人　大田市社会福祉事業団　","5280005003593","島根県大田市川合町川合1081-2","","","","","","","届出","",""
"032000","fBiz00000961660000000001","島根県","松江市","社会福祉法人　おおつ保育園","シャカイフクシホウジン　オオツホイクエン","㉖ 集団給食施設","サービス業","島根県出雲市大津町2366-1","",35.363864,132.772400,"0853221124","社会福祉法人おおつ保育園","7280005002627","島根県出雲市大津町2366-1","","","","","","","届出","",""
"032000","fBiz00000979060000000001","島根県","松江市","株式会社吉田ふるさと村","カブシキガイシャヨシダフルサトムラ","⑰ 農産保存食料品製造・加工業","","島根県雲南市吉田町吉田1047-2","",35.167654,132.859434,"0854-74-0500","株式会社吉田ふるさと村","2280001005695","島根県雲南市吉田町吉田１０４７番地２","","","","","","","届出","",""
"032000","fBiz00000984640000000001","島根県","松江市","学校法人江の川学園　石見智翠館高等学校","ガッコウホウジンゴウノカワガクエン　イワミチスイカンコウトウガッコウ","㉖ 集団給食施設","","島根県江津市渡津町1904番地1","",35.022294,132.235742,"0855-52-2457","学校法人江の川学園","4280005004460","島根県江津市渡津町1904番地1","","","","","","","届出","",""
"032000","fBiz00001498140000000092","島根県","松江市","","","⑨ 通信販売・訪問販売による販売業","","","","","","","","","","","","","","","","届出","",""
"032000","fBiz00000998330000000001","島根県","松江市","ウエルシア益田駅前店","ウエルシアマスダエキマエテン","⑪ 百貨店、総合スーパー","ドラッグストア","島根県益田市駅前町17-1","EAGAビル1階",34.682305,131.836886,"0856-31-1255","ウエルシア薬局株式会社","3030001002411","東京都千代田区外神田2-2-15","","","","","","","届出","",""
"032000","fBiz00001001670000000001","島根県","松江市","ウエルシア邑智川本店","ウエルシアオオチカワモトテン","⑪ 百貨店、総合スーパー","ドラッグストア","島根県邑智郡川本町因原564-1","",34.964310,132.472074,"0855-72-3350","ウエルシア薬局株式会社","3030001002411","東京都千代田区外神田2-2-15","","","","","","","届出","",""
"032000","fBiz00001009540000000001","島根県","松江市","","","⑬ その他の食料・飲料販売業","","","","","","","","","","","","","","","","届出","",""
"032000","fBiz00001009590000002171","島根県","松江市","旭温泉 あさひ荘","アサヒオンセン　アサヒソウ","⑫ 自動販売機による販売業（コップ式自動販売機（自動洗浄・屋内設置）及び営業許可の対象となる自動販売機を除く）","","島根県浜田市旭町木田９５４－３","",34.885637,132.264452,"0855-45-0321","株式会社ロッテ","1011101044248","東京都新宿区西新宿3-20-1","","","","","","","届出","",""
"032000","fBiz00001009590000002172","島根県","松江市","温泉リゾート風の国","オンセンリゾートカゼノクニ","⑫ 自動販売機による販売業（コップ式自動販売機（自動洗浄・屋内設置）及び営業許可の対象となる自動販売機を除く）","","島根県江津市桜江町長谷２６９６","",34.924687,132.266911,"0855-92-0001","株式会社ロッテ","1011101044248","東京都新宿区西新宿3-20-1","","","","","","","届出","",""
"032000","fBiz00001015090000000002","島根県","松江市","株式会社JAアグリ島根","カブシキガイシャジェイエイアグリシマネ","⑦ 野菜果物販売業","卸売り","島根県出雲市斐川町直江4999番地","",35.392473,132.831416,"0853-73-9518","株式会社ＪＡアグリ島根","4280001003730","島根県出雲市斐川町直江４９９９番地","","","","","","","届出","",""
"032000","fBiz00001023700000000002","島根県","松江市","ともに号","トモニゴウ","① 魚介類販売業（包装済みの魚介類のみの販売）","移動マーケット","島根県仁多郡奥出雲町三沢501-1","",35.204993,132.975584,"0854540040","ＮＰＯ法人ともに","4280005007257","島根県仁多郡奥出雲町三沢５０３番地１","","","","","","","届出","",""
"032000","fBiz00001023700000000002","島根県","松江市","ともに号","トモニゴウ","② 食肉販売業（包装済みの食肉のみの販売）","移動マーケット","島根県仁多郡奥出雲町三沢501-1","",35.204993,132.975584,"0854540040","ＮＰＯ法人ともに","4280005007257","島根県仁多郡奥出雲町三沢５０３番地１","","","","","","","届出","",""
"032000","fBiz00001023700000000002","島根県","松江市","ともに号","トモニゴウ","③ 乳類販売業","移動マーケット","島根県仁多郡奥出雲町三沢501-1","",35.204993,132.975584,"0854540040","ＮＰＯ法人ともに","4280005007257","島根県仁多郡奥出雲町三沢５０３番地１","","","","","","","届出","",""
"032000","fBiz00001023700000000002","島根県","松江市","ともに号","トモニゴウ","㉕ 行商","移動マーケット","島根県仁多郡奥出雲町三沢501-1","",35.204993,132.975584,"0854540040","ＮＰＯ法人ともに","4280005007257","島根県仁多郡奥出雲町三沢５０３番地１","","","","","","","届出","",""
"032000","fBiz00001023700000000003","島根県","松江市","ともに号","トモニゴウ","① 魚介類販売業（包装済みの魚介類のみの販売）","移動マーケット","島根県仁多郡奥出雲町三沢503-1","",35.205307,132.975613,"0854-54-0040","ＮＰＯ法人ともに","4280005007257","島根県仁多郡奥出雲町三沢５０３番地１","","","","","","","届出","",""
"032000","fBiz00001023700000000003","島根県","松江市","ともに号","トモニゴウ","② 食肉販売業（包装済みの食肉のみの販売）","移動マーケット","島根県仁多郡奥出雲町三沢503-1","",35.205307,132.975613,"0854-54-0040","ＮＰＯ法人ともに","4280005007257","島根県仁多郡奥出雲町三沢５０３番地１","","","","","","","届出","",""
"032000","fBiz00001023700000000003","島根県","松江市","ともに号","トモニゴウ","③ 乳類販売業","移動マーケット","島根県仁多郡奥出雲町三沢503-1","",35.205307,132.975613,"0854-54-0040","ＮＰＯ法人ともに","4280005007257","島根県仁多郡奥出雲町三沢５０３番地１","","","","","","","届出","",""
"032000","fBiz00001023700000000003","島根県","松江市","ともに号","トモニゴウ","㉕ 行商","移動マーケット","島根県仁多郡奥出雲町三沢503-1","",35.205307,132.975613,"0854-54-0040","ＮＰＯ法人ともに","4280005007257","島根県仁多郡奥出雲町三沢５０３番地１","","","","","","","届出","",""
"032000","fBiz00001023700000000004","島根県","松江市","ともに食堂パスカル店","トモニショクドウパスカルテン","① 魚介類販売業（包装済みの魚介類のみの販売）","売店","島根県仁多郡奥出雲町三成1626","",35.195755,132.996231,"0854-54-2065","ＮＰＯ法人ともに","4280005007257","島根県仁多郡奥出雲町三沢５０３番地１","","","","","","","届出","",""
"032000","fBiz00001023700000000004","島根県","松江市","ともに食堂パスカル店","トモニショクドウパスカルテン","② 食肉販売業（包装済みの食肉のみの販売）","売店","島根県仁多郡奥出雲町三成1626","",35.195755,132.996231,"0854-54-2065","ＮＰＯ法人ともに","4280005007257","島根県仁多郡奥出雲町三沢５０３番地１","","","","","","","届出","",""
"032000","fBiz00001023700000000004","島根県","松江市","ともに食堂パスカル店","トモニショクドウパスカルテン","③ 乳類販売業","売店","島根県仁多郡奥出雲町三成1626","",35.195755,132.996231,"0854-54-2065","ＮＰＯ法人ともに","4280005007257","島根県仁多郡奥出雲町三沢５０３番地１","","","","","","","届出","",""
"032000","fBiz00001023700000000004","島根県","松江市","ともに食堂パスカル店","トモニショクドウパスカルテン","㉕ 行商","売店","島根県仁多郡奥出雲町三成1626","",35.195755,132.996231,"0854-54-2065","ＮＰＯ法人ともに","4280005007257","島根県仁多郡奥出雲町三沢５０３番地１","","","","","","","届出","",""
"032000","fBiz00001055830000000007","島根県","松江市","HOW　西川病院店","ハウ　ニシカワビョウインテン","⑩ コンビニエンスストア","","島根県浜田市港町293-2","",34.904040,132.067990,"0855221811","ワタキューセイモア株式会社","7130001037872","京都府綴喜郡井手町多賀小字茶臼塚12番地の2","","","","","","","届出","",""
"032000","fBiz00001055830000000008","島根県","松江市","HOW　松ヶ丘病院店","ハウ　マツガオカビョウインテン","⑩ コンビニエンスストア","","島根県益田市高津4丁目24-10","",34.685134,131.803043,"0856310002","ワタキューセイモア株式会社","7130001037872","京都府綴喜郡井手町多賀小字茶臼塚12番地の2","","","","","","","届出","",""
"032000","fBiz00001065020000000057","島根県","松江市","マックスバリュ西日本川跡店移動販売","マックスバリュニシニホンカワトテンイドウハンバイ","⑪ 百貨店、総合スーパー","移動販売（移動スーパー）","島根県出雲市稲岡町３７番地  （県下一円）","",35.388618,132.768386,"0853-24-7115","マックスバリュ西日本株式会社","3140001057907","広島県広島市南区段原南1丁目3-52","","","","","",2025/07/01,"届出(廃業)","",""
"032000","fBiz00001498140000000093","島根県","松江市","","","⑨ 通信販売・訪問販売による販売業","","","","","","","","","","","","","","","","届出","",""
"032000","fBiz00001065020000000058","島根県","松江市","マックスバリュ西日本川跡店移動販売","マックスバリュニシニホンカワトテンイドウハンバイ","⑪ 百貨店、総合スーパー","移動販売（移動スーパー）","島根県出雲市稲岡町３７番地  （県下一円）","",35.388618,132.768386,"0853-24-7115","マックスバリュ西日本株式会社","3140001057907","広島県広島市南区段原南1丁目3-52","","","","","",2025/07/01,"届出(廃業)","",""
"032000","fBiz00001069010000000001","島根県","松江市","柿壺","カキツボ","⑰ 農産保存食料品製造・加工業","","島根県出雲市野石谷町19-1","",35.473266,132.810155,"0853258066","柿壺株式会社","6280001007647","島根県出雲市野石谷町20-2","","","","","","","届出","",""
"032000","fBiz00001070020000000001","島根県","松江市","ウエルシア江津嘉久志店","ウエルシアゴウツカクシテン","⑪ 百貨店、総合スーパー","ドラッグストア","島根県江津市嘉久志町2425－19","",35.003951,132.207760,"0855540592","ウエルシア薬局株式会社","3030001002411","東京都千代田区外神田2-2-15","","","","","","","届出","",""
"032000","fBiz00001086610000000013","島根県","松江市","","","⑩ コンビニエンスストア","小売","","","","","","","","","","","","","","","届出","",""
"032000","fBiz00001087550000000001","島根県","松江市","木次酒造株式会社","キスキシュゾウカブシキカイシャ","⑬ その他の食料・飲料販売業","","島根県雲南市雲南市木次町477-1","",35.292627,132.900776,"0854420072","木次酒造株式会社","6280001005584","島根県雲南市木次町木次４７７番地内１","","","","","","","届出","",""
"032000","fBiz00001089510000000001","島根県","松江市","","","㉖ 集団給食施設","認定こども園","","","","","","","","","","","","","","","届出","",""
"032000","fBiz00001096770000000001","島根県","松江市","島根県立大社高等学校碧雲寮","シマネケンリツタイシャコウトウガッコウヘキウンリョウ","㉖ 集団給食施設","","島根県出雲市大社町北荒木５７２番地","",35.386861,132.693132,"0853-53-2002","島根県立大社高等学校","9999999999999","島根県出雲市大社町北荒木１４７３","","","","","","","届出","",""
"032000","fBiz00001100130000000001","島根県","松江市","いわみ西保育所","イワミニシホイクジョ","㉖ 集団給食施設","","島根県邑智郡邑南町矢上976-1","",34.893202,132.436387,"0855950267","石見さくら会","9280005004984","島根県邑智郡邑南町矢上347","","","","","","","届出","",""
"032000","fBiz00001107580000000001","島根県","松江市","香味園上領茶舗","コウミエンカミリョウチャホ","㉑ 製茶業","","島根県鹿足郡津和野町後田ロ519","",34.468944,131.775756,"","リコッタ瑠美","","島根県鹿足郡津和野町鹿足郡津和野町後田ロ519","","","","","","","届出","",""
"032000","fBiz00001123780000000001","島根県","松江市","株式会社アルプロン島根工場","カブシキガイシャアルプロンシマネコウジョウ","⑮ いわゆる健康食品の製造・加工業","","島根県雲南市加茂町南加茂1204-1","",35.327165,132.906485,"0854-49-8286","株式会社アルプロン","4010401054788","島根県雲南市加茂町南加茂1204-1","","","","","","","届出","",""
"032000","fBiz00001128140000000003","島根県","松江市","社会福祉法人明蓮会たまえ保育園","シャカイフクシホウジンミョウレンカイタマエホイクエン","㉖ 集団給食施設","集団給食施設","島根県江津市嘉久志町イ1050","",34.996451,132.221445,"0855-52-5280","社会福祉法人明蓮会","6280005004467","島根県江津市都野津町2325-3","","","","","","","届出","",""
"032000","fBiz00001133980000000013","島根県","松江市","","","⑩ コンビニエンスストア","","","","","","","","","","","","","","","","届出","",""
"032000","fBiz00001137840000000001","島根県","松江市","","","㉖ 集団給食施設","","","","","","","","","","","","","","","","届出","",""
"032000","fBiz00001143380000000001","島根県","松江市","認定こども園のぞみ保育園","ニンテイコドモエンノゾミホイクエン","㉖ 集団給食施設","","島根県江津市江津市2325番地3","",34.983603,132.190034,"0855532555","社会福祉法人明蓮会","6280005004467","島根県江津市都野津町2325番地3","","","","","","","届出","",""
"032000","fBiz00001145470000000002","島根県","松江市","雲南市立認定こども園木次こども園","ウンナンシリツニンテイコドモエンキスキコドモエン","㉖ 集団給食施設","","島根県雲南市木次町新市５３","",35.288868,132.896252,"0854-42-2173","雲南市役所","1000020322091","島根県雲南市木次町里方521-1","","","","","","","届出","",""
"032000","fBiz00001159590000000590","島根県","松江市","","","⑫ 自動販売機による販売業（コップ式自動販売機（自動洗浄・屋内設置）及び営業許可の対象となる自動販売機を除く）","","","","","","","","","","","","","","","","届出","",""
"032000","fBiz00001159590000002408","島根県","松江市","","","⑫ 自動販売機による販売業（コップ式自動販売機（自動洗浄・屋内設置）及び営業許可の対象となる自動販売機を除く）","","","","","","","","","","","","","","","","届出","",""
"032000","fBiz00001159590000002409","島根県","松江市","","","⑫ 自動販売機による販売業（コップ式自動販売機（自動洗浄・屋内設置）及び営業許可の対象となる自動販売機を除く）","","","","","","","","","","","","","","","","届出","",""
"032000","fBiz00001174300000000002","島根県","松江市","東保育所","ヒガシホイクショ","㉖ 集団給食施設","","島根県邑智郡邑南町中野2310","",34.900324,132.467202,"","石見さくら会","9280005004984","島根県邑智郡邑南町矢上347","","","","","","","届出","",""
"032000","fBiz00001195270000000001","島根県","松江市","","","⑬ その他の食料・飲料販売業","","","","","","","","","","","","","","","","届出","",""
"032000","fBiz00001196710000000001","島根県","松江市","","","⑬ その他の食料・飲料販売業","","","","","","","","","","","","","","","","届出","",""
"032000","fBiz00001203760000000004","島根県","松江市","社会福祉法人　大田市社会福祉事業団　福寿園","シャカイフクシホウジンオオダシシャカイフクシジギョウダンフクジュエン","㉖ 集団給食施設","集団給食施設","島根県大田市川合町川合2477-1","",35.146332,132.526440,"0854-82-0291","","","","","","","","","","届出","",""
"032000","fBiz00001203970000000001","島根県","松江市","養護老人ホーム　清松園","ヨウゴロウジンホーム　セイショウエン","㉖ 集団給食施設","","島根県隠岐郡隠岐の島町郡588-1","",36.283596,133.249499,"0851252183","社会福祉法人　愛宕会","7280005005613","島根県隠岐郡隠岐の島町郡425-5","","","","","","","届出","",""
"032000","fBiz00001205080000000001","島根県","松江市","まちがい梨ジャパン","マチガイナシジャパン","⑦ 野菜果物販売業","","島根県安来市久白町66","",35.417286,133.202236,"090-2290-4841","板持浩二","","島根県安来市久白町66","","","","","","","届出","",""
"032000","fBiz00001216100000000001","島根県","松江市","株式会社　永島青果","カブシキガイシャ　ナガシマセイカ","⑦ 野菜果物販売業","卸売、小売","島根県江津市都野津町2307-18","",34.993661,132.189791,"0855-53-3777","株式会社　永島青果","7280001004610","島根県江津市都野津町2307-18","","","","","","","届出","",""
"032000","fBiz00001216100000000002","島根県","松江市","ダイレックス益田店","ダイレックスマスダテン","⑦ 野菜果物販売業","小売","島根県益田市乙吉町27-1","",34.686069,131.843116,"","株式会社　永島青果","7280001004610","島根県江津市都野津町2307-18","","","","","","","届出","",""
"032000","fBiz00001498140000000095","島根県","松江市","","","⑨ 通信販売・訪問販売による販売業","","","","","","","","","","","","","","","","届出","",""
"032000","fBiz00001216100000000003","島根県","松江市","ダイレックス江津店","ダイレックスゴウツテン","⑦ 野菜果物販売業","小売","島根県江津市二宮町神主ハ187番地2","",34.981839,132.183007,"","株式会社　永島青果","7280001004610","島根県江津市都野津町2307-18","","","","","","","届出","",""
"032000","fBiz00001232270000000002","島根県","松江市","邑南町社協西部センター","オオナンチョウシャキョウセイブセンター","㉖ 集団給食施設","","島根県邑智郡邑南町中野3848-2","",34.896391,132.452775,"0855-95-0090","社会福祉法人　邑南町社会福祉協議会","7280005004994","島根県邑智郡邑南町高見485-1","","","","","","","届出","",""
"032000","fBiz00001251300000000001","島根県","松江市","あおい保育園","アオイホイクエン","㉖ 集団給食施設","","島根県浜田市大辻町87-1番地","",34.897130,132.070101,"0855235874","社会福祉法人 あおい福祉会","5280005004088","島根県浜田市大辻町87-1番地","","","","","","","届出","",""
"032000","fBiz00001269690000000001","島根県","松江市","ながせファーム","ナガセファーム","⑰ 農産保存食料品製造・加工業","","島根県出雲市斐川町学頭2280","",35.375452,132.877899,"09011882415","長瀬博","","島根県出雲市斐川町学頭2280","","","","","","","届出","",""
"032000","fBiz00001282160000000001","島根県","松江市","ぴたごらファーム","ピタゴラファーム","⑰ 農産保存食料品製造・加工業","","島根県仁多郡奥出雲町稲原1295-2","",35.166969,133.099895,"09091689850","古川恭祐","","島根県仁多郡奥出雲町稲原1295-2","","","","","","","届出","",""
"032000","fBiz00001293450000000001","島根県","松江市","邑南町社協　東部サービスセンター","オオナンチョウシャキョウ　トウブサービスセンター","㉖ 集団給食施設","","島根県邑智郡邑南町下口羽384番地","",34.880982,132.664976,"0855-87-0843","社会福祉法人　邑南町社会福祉協議会","7280005004994","島根県邑智郡邑南町高見485-1","","","","","","","届出","",""
"032000","fBiz00001302100000000002","島根県","松江市","","","⑬ その他の食料・飲料販売業","","","","","","","","","","","","","","","","届出","",""
"032000","fBiz00001302100000000003","島根県","松江市","","","⑬ その他の食料・飲料販売業","","","","","","","","","","","","","","","","届出","",""
"032000","fBiz00001302100000000008","島根県","松江市","","","⑬ その他の食料・飲料販売業","","","","","","","","","","","","","","","","届出","",""
"032000","fBiz00001326520000000001","島根県","松江市","いさとふぁーむ","イサトファーム","㉙ その他","農業","島根県安来市東赤江町1674","",35.447251,133.237962,"090-4305-4000","山下勇人","","島根県安来市汐手が丘７−２汐彩ハイツ１号棟１２３号室","","","","","","","届出","",""
"032000","fBiz00001326750000000001","島根県","松江市","真庭米穀店","マニワベイコクテン","⑧ 米穀類販売業","米穀類販売業","島根県益田市栄町1-9","",34.678360,131.834816,"","","","島根県益田市栄町1-9","","","","","","","届出","",""
"032000","fBiz00001340300000000002","島根県","松江市","社会福祉法人　大田市社会福祉事業団　ケアハウスビラおおだ","シャカイフクシホウジン　オオダシシャカイフクシジギョウダン　ケアハウスビラオオダ","㉖ 集団給食施設","集団給食施設","島根県大田市川合町川合1081-2","",35.151998,132.506712,"0854-82-7476","社会福祉法人　大田市社会福祉事業団","5280005003593","島根県大田市川合町川合1081-2","","","","","","","届出","",""
"032000","fBiz00001341520000000001","島根県","松江市","有限会社　ヤマオ酒舗","ユウゲンカイシャ　ヤマオシュホ","② 食肉販売業（包装済みの食肉のみの販売）","","島根県出雲市枝大津町３－６","",35.371963,132.764667,"0853214102","","","","","","","","","","届出","",""
"032000","fBiz00001355200000000015","島根県","松江市","すき家　191号益田店","スキヤ　ヒャクキュウジュウイチゴウマスダテン","⑬ その他の食料・飲料販売業","","島根県益田市あけぼの西町13-1","",34.680936,131.839215,"","株式会社すき家","2010401093920","東京都港区港南２丁目１８番１号","","","","","","","届出","",""
"032000","fBiz00001355200000000016","島根県","松江市","すき家　9号大田店","スキヤ　キュウゴウオオタテン","⑬ その他の食料・飲料販売業","","島根県大田市長久町土江103-3","",35.196804,132.479630,"","株式会社すき家","2010401093920","東京都港区港南２丁目１８番１号","","","","","","","届出","",""
"032000","fBiz00001355200000000023","島根県","松江市","すき家　9号安来店","スキヤ　キュウゴウヤスギテン","⑬ その他の食料・飲料販売業","","島根県安来市黒井田町452-17","",35.428566,133.263352,"","株式会社すき家","2010401093920","東京都港区港南２丁目１８番１号","","","","","","","届出","",""
"032000","fBiz00001355200000000024","島根県","松江市","すき家　9号浜田店","スキヤ　キュウゴウハマダテン","⑬ その他の食料・飲料販売業","","島根県浜田市熱田町1418-1","",34.868321,132.051381,"","株式会社すき家","2010401093920","東京都港区港南２丁目１８番１号","","","","","","","届出","",""
"032000","fBiz00001355200000000149","島根県","松江市","すき家　出雲高岡店","スキヤ　イズモタカオカテン","⑬ その他の食料・飲料販売業","","島根県出雲市高岡町540-1","",35.384443,132.752474,"","株式会社すき家","2010401093920","東京都港区港南２丁目１８番１号","","","","","","","届出","",""
"032000","fBiz00001355200000000150","島根県","松江市","すき家　出雲市駅南店","スキヤ　イズモシエキミナミテン","⑬ その他の食料・飲料販売業","","島根県出雲市駅南町2丁目5-1","",35.360129,132.759258,"","株式会社すき家","2010401093920","東京都港区港南２丁目１８番１号","","","","","","","届出","",""
"032000","fBiz00001355200000000151","島根県","松江市","すき家　ゆめタウン出雲店","スキヤ　ユメタウンイズモテン","⑬ その他の食料・飲料販売業","","島根県出雲市大塚町650-1","ゆめタウン出雲　東館2F",35.376962,132.754940,"","株式会社すき家","2010401093920","東京都港区港南２丁目１８番１号","","","","","","","届出","",""
"032000","fBiz00001355200000000239","島根県","松江市","すき家　191号益田店","スキヤ　ヒヤクキユウジユウイチゴウマスダテン","① 飲食店営業","牛丼屋","島根県益田市あけぼの西町13-1","",34.680936,131.839215,"","株式会社すき家","2010401093920","東京都港区港南２丁目１８番１号","050418080",2013/02/04,2023/05/24,2023/06/01,2028/05/31,"","許可","",""
"032000","fBiz00001355200000000249","島根県","松江市","すき家　9号江津店","スキヤ　キュウゴウゴウツテン","① 飲食店営業","牛丼屋","島根県江津市二宮町神主ハ200-2","",34.982191,132.182520,"","株式会社すき家","2010401093920","東京都港区港南２丁目１８番１号","050410024",2023/08/08,2023/08/08,2023/08/08,2028/11/30,"","許可","",""
"032000","fBiz00001355200000000252","島根県","松江市","すき家　9号江津店","スキヤ　キュウゴウゴウツテン","⑬ その他の食料・飲料販売業","牛丼屋","島根県江津市二宮町神主ハ200-2","",34.982191,132.182520,"","株式会社すき家","2010401093920","東京都港区港南２丁目１８番１号","","","","","","","届出","",""
"032000","fBiz00001355200000000265","島根県","松江市","すき家　9号安来店","スキヤ　キユウゴウヤスギテン","① 飲食店営業","牛丼屋","島根県安来市黒井田町452-17","",35.428566,133.263352,"","株式会社すき家","2010401093920","東京都港区港南２丁目１８番１号","松保第56号の8019",2023/11/20,2023/11/20,2023/12/01,2028/11/30,"","許可","特記事項なし",""
"032000","fBiz00001498140000000096","島根県","松江市","","","⑨ 通信販売・訪問販売による販売業","","","","","","","","","","","","","","","","届出","",""
"032000","fBiz00001355200000000269","島根県","松江市","すき家　出雲高岡店","スキヤ　イズモタカオカテン","① 飲食店営業","牛丼屋","島根県出雲市高岡町540-1","",35.384443,132.752474,"","株式会社すき家","2010401093920","東京都港区港南２丁目１８番１号","指令出保第060号の8149",2023/11/24,2023/11/24,2023/12/01,2029/11/30,"","許可","特記事項なし",""
"032000","fBiz00001355200000000283","島根県","松江市","すき家　9号浜田店","スキヤ　キュウゴウハマダテン","① 飲食店営業","牛丼屋","島根県浜田市熱田町1418-1","",34.868321,132.051381,"","株式会社すき家","2010401093920","東京都港区港南２丁目１８番１号","060418067",2014/02/13,2024/05/21,2024/06/01,2030/05/31,"","許可","",""
"032000","fBiz00001355200000000284","島根県","松江市","すき家　出雲市駅南店","スキヤ　イズモシエキミナミテン","① 飲食店営業","牛丼屋","島根県出雲市駅南町2丁目5-1","",35.360129,132.759258,"","株式会社すき家","2010401093920","東京都港区港南２丁目１８番１号","指令出保第060号の8065",2004/01/20,2024/05/24,2024/06/01,2029/05/31,"","許可","",""
"032000","fBiz00001355200000000313","島根県","松江市","すき家　54号雲南店","スキヤ　ゴジュウヨンゴウウンナンテン","① 飲食店営業","牛丼屋","島根県雲南市三刀屋町三刀屋22番地1","",35.295261,132.884324,"","株式会社すき家","2010401093920","東京都港区港南２丁目１８番１号","指令雲保第051号の0023",2024/11/07,2024/11/07,2024/11/07,2029/11/30,"","許可","特記事項なし",""
"032000","fBiz00001355200000000313","島根県","松江市","すき家　54号雲南店","スキヤ　ゴジュウヨンゴウウンナンテン","⑬ その他の食料・飲料販売業","牛丼屋","島根県雲南市三刀屋町三刀屋22番地1","",35.295261,132.884324,"","株式会社すき家","2010401093920","東京都港区港南２丁目１８番１号","","","","","","","届出","",""
"032000","fBiz00001356440000000002","島根県","松江市","西園保育園","ニシゾノホイクエン","㉖ 集団給食施設","","島根県出雲市出雲市329","",35.367044,132.754694,"0853280137","","","","","","","","","","届出","",""
"032000","fBiz00001373820000000287","島根県","松江市","ドラッグコスモス高岡店","ドラッグコスモスタカオカテン","⑪ 百貨店、総合スーパー","ドラッグストア","島根県出雲市高岡町649","",35.384655,132.748757,"0853-24-7600","株式会社コスモス薬品","9290001025414","福岡県福岡市博多区博多駅東２丁目１０番１号","","","","","","","届出","",""
"032000","fBiz00001373820000000288","島根県","松江市","ドラッグコスモス塩冶東店","ドラッグコスモスエンヤヒガシテン","⑪ 百貨店、総合スーパー","ドラッグストア","島根県出雲市上塩冶町2674","",35.356905,132.760934,"0853-24-8311","株式会社コスモス薬品","9290001025414","福岡県福岡市博多区博多駅東２丁目１０番１号","","","","","","","届出","",""
"032000","fBiz00001373820000000289","島根県","松江市","ドラッグコスモス白枝店","ドラッグコスモスシロエダテン","⑪ 百貨店、総合スーパー","ドラッグストア","島根県出雲市白枝町989-2","",35.368538,132.732870,"0853-24-8050","株式会社コスモス薬品","9290001025414","福岡県福岡市博多区博多駅東２丁目１０番１号","","","","","","","届出","",""
"032000","fBiz00001373820000000290","島根県","松江市","ドラッグコスモス斐川店","ドラッグコスモスヒカワテン","⑪ 百貨店、総合スーパー","ドラッグストア","島根県出雲市斐川町上庄原1486","",35.393592,132.841131,"0853-73-7100","株式会社コスモス薬品","9290001025414","福岡県福岡市博多区博多駅東２丁目１０番１号","","","","","","","届出","",""
"032000","fBiz00001373820000000291","島根県","松江市","ドラッグコスモス出雲平田店","ドラッグコスモスイズモヒラタテン","⑪ 百貨店、総合スーパー","ドラッグストア","島根県出雲市平田町1647-2","",35.429686,132.810841,"0853-63-7710","株式会社コスモス薬品","9290001025414","福岡県福岡市博多区博多駅東２丁目１０番１号","","","","","","","届出","",""
"032000","fBiz00001373820000000292","島根県","松江市","ドラッグコスモス神門店","ドラッグコスモスカンドテン","⑪ 百貨店、総合スーパー","ドラッグストア","島根県出雲市神門町１３６７－４","",35.338233,132.709825,"0853-24-7117","株式会社コスモス薬品","9290001025414","福岡県福岡市博多区博多駅東２丁目１０番１号","","","","","","","届出","",""
"032000","fBiz00001373820000000293","島根県","松江市","ドラッグコスモス大津新崎店","ドラッグコスモスオオツシンザキテン","⑪ 百貨店、総合スーパー","ドラッグストア","島根県出雲市大津新崎町５丁目９","",35.368711,132.769817,"0853-24-8007","株式会社コスモス薬品","9290001025414","福岡県福岡市博多区博多駅東２丁目１０番１号","","","","","","","届出","",""
"032000","fBiz00001373820000000294","島根県","松江市","ドラッグコスモス木次店","ドラッグコスモスキスキテン","⑪ 百貨店、総合スーパー","ドラッグストア","島根県雲南市木次町下熊谷1476-1","",35.300527,132.896739,"0854-42-8045","株式会社コスモス薬品","9290001025414","福岡県福岡市博多区博多駅東２丁目１０番１号","","","","","","","届出","",""
"032000","fBiz00001373820000000295","島根県","松江市","ドラッグコスモス大東店","ドラッグコスモスダイトウテン","⑪ 百貨店、総合スーパー","ドラッグストア","島根県雲南市大東町大東899-5","",35.326439,132.964589,"0854-43-8015","株式会社コスモス薬品","9290001025414","福岡県福岡市博多区博多駅東２丁目１０番１号","","","","","","","届出","",""
"032000","fBiz00001373820000000296","島根県","松江市","ドラッグコスモス中吉田店","ドラッグコスモスナカヨシダテン","⑪ 百貨店、総合スーパー","ドラッグストア","島根県益田市中吉田町1093-9","",34.689307,131.842423,"0856-31-1241","株式会社コスモス薬品","9290001025414","福岡県福岡市博多区博多駅東２丁目１０番１号","","","","","","","届出","",""
"032000","fBiz00001373820000000297","島根県","松江市","ドラッグコスモス大田店","ドラッグコスモスオオダテン","⑪ 百貨店、総合スーパー","ドラッグストア","島根県大田市長久町長久イ588-1","",35.199409,132.487186,"0854-84-0003","株式会社コスモス薬品","9290001025414","福岡県福岡市博多区博多駅東２丁目１０番１号","","","","","","","届出","",""
"032000","fBiz00001373820000000298","島根県","松江市","ドラッグコスモス大田駅南店","ドラッグコスモスオオダエキナンテン","⑪ 百貨店、総合スーパー","ドラッグストア","島根県大田市大田町大田イ２５－１","",35.191494,132.526440,"0854-84-0770","株式会社コスモス薬品","9290001025414","福岡県福岡市博多区博多駅東２丁目１０番１号","","","","","","","届出","",""
"032000","fBiz00001373820000000299","島根県","松江市","ドラッグコスモス敬川店","ドラッグコスモスウヤガワテン","⑪ 百貨店、総合スーパー","ドラッグストア","島根県江津市敬川町1307-13","",34.979635,132.179436,"0855-54-3008","株式会社コスモス薬品","9290001025414","福岡県福岡市博多区博多駅東２丁目１０番１号","","","","","","","届出","",""
"032000","fBiz00001373820000000300","島根県","松江市","ドラッグコスモス熱田店","ドラッグコスモスアツタテン","⑪ 百貨店、総合スーパー","ドラッグストア","島根県浜田市熱田町１６８９－１","",34.882717,132.059919,"0855-24-7190","株式会社コスモス薬品","9290001025414","福岡県福岡市博多区博多駅東２丁目１０番１号","","","","","","","届出","",""
"032000","fBiz00001373820000000304","島根県","松江市","ドラッグコスモス安来店","ドラッグコスモスヤスギテン","⑪ 百貨店、総合スーパー","ドラッグストア","島根県安来市安来町７５１－１","",35.424596,133.246003,"0854-23-3555","株式会社コスモス薬品","9290001025414","福岡県福岡市博多区博多駅東２丁目１０番１号","","","","","","","届出","",""
"032000","fBiz00001373820000000305","島根県","松江市","ドラッグコスモス安来赤江店","ドラッグコスモスヤスギアカエテン","⑪ 百貨店、総合スーパー","ドラッグストア","島根県安来市赤江町1033","",35.432650,133.220329,"0854-28-9112","株式会社コスモス薬品","9290001025414","福岡県福岡市博多区博多駅東２丁目１０番１号","","","","","","","届出","",""
"032000","fBiz00001373820000000631","島根県","松江市","ドラッグコスモス高津店","ドラッグコスモスタカツテン","⑪ 百貨店、総合スーパー","ドラッグストア","島根県益田市高津町７丁目１５－６","",34.678518,131.792981,"","株式会社コスモス薬品","9290001025414","福岡県福岡市博多区博多駅東２丁目１０番１号","","","","","","","届出","",""
"032000","fBiz00001373820000001111","島根県","松江市","ドラッグコスモス渡橋店","ドラッグコスモスワタリハシテン","⑪ 百貨店、総合スーパー","ドラッグストア","島根県出雲市渡橋町472","",35.366167,132.748607,"0853-24-8088","株式会社コスモス薬品","9290001025414","福岡県福岡市博多区博多駅東２丁目１０番１号","","","","","","","届出","",""
"032000","fBiz00001373820000001123","島根県","松江市","ドラッグコスモス嘉久志店","ドラッグコスモスカクシテン","⑪ 百貨店、総合スーパー","ドラッグストア","島根県江津市嘉久志町1860-1","",35.005232,132.208020,"0855-54-1230","株式会社コスモス薬品","9290001025414","福岡県福岡市博多区博多駅東２丁目１０番１号","","","","","","","届出","",""
"032000","fBiz00001373820000001314","島根県","松江市","ドラッグコスモス大社店","ドラッグコスモスタイシャテン","⑪ 百貨店、総合スーパー","ドラッグストア","島根県出雲市大社町北荒木608-5","",35.387023,132.694483,"0853-53-0075","株式会社コスモス薬品","9290001025414","福岡県福岡市博多区博多駅東２丁目１０番１号","","","","","","","届出","",""
"032000","fBiz00001373820000001431","島根県","松江市","ドラッグコスモス斐川西店","ドラッグコスモスヒカワニシテン","⑪ 百貨店、総合スーパー","ドラッグストア","島根県出雲市斐川町富村804-1","",35.385160,132.800118,"0853-31-4994","株式会社コスモス薬品","9290001025414","福岡県福岡市博多区博多駅東２丁目１０番１号","","","","","","","届出","",""
"032000","fBiz00001386300000000001","島根県","松江市","産直市よってごしな菜","サンチョクイチヨッテゴシナサイ","⑦ 野菜果物販売業","販売業","島根県雲南市吉田町吉田４３７８－３１","",35.166945,132.830305,"0854749345","有限会社木村有機農園","2280002011973","島根県雲南市吉田町民谷５４４番地","","","","","","","届出","",""
"032000","fBiz00001386300000000002","島根県","松江市","うんなん産直特産館","ウンナンサンチョクトクサンカン","⑦ 野菜果物販売業","販売業","島根県雲南市三刀屋町三刀屋72－2","",35.285007,132.875968,"0854452311","有限会社木村有機農園","2280002011973","島根県雲南市吉田町民谷５４４番地","","","","","","","届出","",""
"032000","fBiz00001387710000000001","島根県","松江市","株式会社穀物創庫","カブシキガイシャコクモツソウコ","㉔ その他の食料品製造・加工業","加工品の袋詰め作業","島根県飯石郡飯南町頓原207","",35.092653,132.822609,"0854-72-1995","株式会社　穀物創庫","6280001005774","島根県飯石郡飯南町頓原207","","","","","","","届出","",""
"032000","fBiz00001397580000000001","島根県","松江市","稲わら工房","イナワラコウボウ","⑬ その他の食料・飲料販売業","","島根県雲南市吉田町吉田2725","",35.165551,132.848516,"0854740223","株式会社吉田ふるさと村","2280001005695","島根県雲南市吉田町吉田1047-2","","","","","","","届出","",""
"032000","fBiz00001405390000000010","島根県","松江市","マルイ浜山通り店","マルイハマヤマドオリテン","⑪ 百貨店、総合スーパー","スーパーマーケット","島根県出雲市渡橋町1158","",35.371933,132.735516,"0853-25-8866","株式会社サンインマルイ","1270002000862","鳥取県鳥取市湖山町東１丁目１２２番地の１","","","","","","","届出","",""
"032000","fBiz00001430800000000012","島根県","松江市","","","③ 乳類販売業","","","","","","","","","","","","","","","","届出","",""
"032000","fBiz00001430800000000012","島根県","松江市","","","⑥ 弁当販売業","","","","","","","","","","","","","","","","届出","",""
"032000","fBiz00001430800000000012","島根県","松江市","","","⑦ 野菜果物販売業","","","","","","","","","","","","","","","","届出","",""
"032000","fBiz00001430800000000012","島根県","松江市","","","⑬ その他の食料・飲料販売業","","","","","","","","","","","","","","","","届出","",""
"032000","fBiz00001445630000000001","島根県","松江市","サンガーデン輝らら☆","サンガーデンキララ","㉖ 集団給食施設","","島根県浜田市金城町今福1473-1","",34.891664,132.211577,"0855423201","有限会社高村","8280002010111","島根県浜田市三隅町古市場1402-2","","","","","","","届出","",""
"032000","fBiz00001458710000000001","島根県","松江市","社会福祉法人敬川保育所","シャカイフクシホウジンウヤガワホイクショ","㉖ 集団給食施設","集団給食","島根県江津市敬川町1119-13","",34.974517,132.167790,"0855532233","社会福祉法人敬川保育所","6280005004450","島根県江津市敬川町1119-13","","","","","","","届出","",""
"032000","fBiz00001466380000000001","島根県","松江市","ホシザキ株式会社　島根本社工場","ホシザキカブシキカイシャ　シマネホンシャコウジョウ","㉗ 器具、容器包装の製造・加工業（合成樹脂が使用された器具又は容器包装の製造、加工に限る。）","","島根県雲南市木次町山方271-13","",35.314356,132.915690,"","","","愛知県豊明市栄町南舘3-16","","","","","","","届出","",""
"032000","fBiz00001466380000000002","島根県","松江市","ホシザキカブシキカガシャ　島根横田工場","ホシザキカブシキガイシャ　シマネヨコタコウジョウ","㉗ 器具、容器包装の製造・加工業（合成樹脂が使用された器具又は容器包装の製造、加工に限る。）","","島根県仁多郡奥出雲町中村2525-1","",35.187765,133.109743,"","","","愛知県豊明市栄町南舘3-16","","","","","","","届出","",""
"032000","fBiz00001475510000000001","島根県","松江市","サンセイ電機株式会社","サンセイデンキカブシキガイシャ","㉗ 器具、容器包装の製造・加工業（合成樹脂が使用された器具又は容器包装の製造、加工に限る。）","","島根県雲南市木次町東日登425番地2","",35.276742,132.926337,"0854420116","","","島根県雲南市木次町東日登４２５番地２","","","","","","","届出","",""
"032000","fBiz00001484640000000002","島根県","松江市","有限会社篠原商店","ユウゲンガイシャシノハラショウテン","⑬ その他の食料・飲料販売業","卸売業","島根県出雲市平田町594-32","",35.436038,132.816004,"0853637288","有限会社篠原商店","2280002007146","島根県出雲市平田町５９４番地３２","","","","","","","届出","",""
"032000","fBiz00001486620000000001","島根県","松江市","安藤ガス設備","アンドウガスセツビ","⑧ 米穀類販売業","","島根県大田市大田市久手町波根西2047","",35.230844,132.505535,"","","","","","","","","","","届出","",""
"032000","fBiz00001498140000000097","島根県","松江市","","","⑨ 通信販売・訪問販売による販売業","","","","","","","","","","","","","","","","届出","",""
"032000","fBiz00001504810000000001","島根県","松江市","ＪＡしまねデイサービスセンターつつじ園","ジェイエイシマネデイサービスセンターツツジエン","㉖ 集団給食施設","","島根県出雲市斐川町直江885番地","",35.389338,132.816366,"0853-73-7314","島根県農業協同組合","2280005007044","島根県松江市殿町19番地1","","","","","","","届出","",""
"032000","fBiz00001509780000000001","島根県","松江市","","","㉔ その他の食料品製造・加工業","その他の食品製造・加工業","","","","","","","","","","","","","","","届出","",""
"032000","fBiz00001511320000000002","島根県","松江市","今井書店出雲店","イマイショテンイズモテン","⑬ その他の食料・飲料販売業","小売業","島根県出雲市高岡町1237-1","",35.383524,132.762112,"0853-22-8181","株式会社今井書店","5270001003994","島根県松江市殿町６３番地","","","","","","","届出","",""
"032000","fBiz00001513350000000002","島根県","松江市","養護老人ホーム銀杏寮","ヨウゴロウジンホームギンナンリョウ","㉖ 集団給食施設","集団給食施設","島根県鹿足郡吉賀町六日市263番地","",34.356663,131.938299,"0856770234","鹿足郡養護老人ホーム組合","8000020328421","島根県鹿足郡吉賀町六日市263番地","","","","","","","届出","",""
"032000","fBiz00001517080000000007","島根県","松江市","渡部絹枝","ワタナベキヌエ","㉔ その他の食料品製造・加工業","","島根県雲南市大東町養賀226-4","",35.328420,132.941414,"0854433317","渡部絹枝","","島根県雲南市大東町養賀226-4","","","","","","","届出","",""
"032000","fBiz00001524620000000001","島根県","松江市","社会福祉法人えんや福祉会えんや保育園","シャカイフクシホウジンエンヤフクシカイエンヤホイクエン","㉖ 集団給食施設","","島根県出雲市上塩冶町1751-4","",35.352511,132.762460,"0853-22-6528","社会福祉法人えんや福祉会 ","9280005002625","島根県出雲市上塩冶町1751-4","","","","","","","届出","",""
"032000","fBiz00001524900000000002","島根県","松江市","","","⑦ 野菜果物販売業","","","","","","","","","","","","","","","","届出","",""
"032000","fBiz00001524900000000002","島根県","松江市","","","㉔ その他の食料品製造・加工業","","","","","","","","","","","","","","","","届出","",""
"032000","fBiz00001526930000000020","島根県","松江市","エム・オー・エー商事　うんなん店","エムオーエーショウジ　ウンナンテン","⑬ その他の食料・飲料販売業","","島根県雲南市三刀屋町三刀屋189番地","",35.285007,132.875968,"0854454873","株式会社エム・オー・エー商事","6080101012600","静岡県熱海市田原本町9番1号","","","","","","","届出","",""
"032000","fBiz00001526930000000021","島根県","松江市","エム・オー・エー商事　出雲店","エムオーエーショウジ　イズモテン","⑬ その他の食料・飲料販売業","","島根県出雲市姫原2丁目9-9","",35.372631,132.757813,"0853225560","株式会社エム・オー・エー商事","6080101012600","静岡県熱海市田原本町9番1号","","","","","","","届出","",""
"032000","fBiz00001533610000000001","島根県","松江市","株式会社藤原茶問屋","カブシキガイシャフジハラチャドンヤ","㉑ 製茶業","","島根県雲南市大東町大東1677-1","",35.323924,132.972156,"0854432113","株式会社藤原茶問屋","9280001005821","島根県雲南市大東町大東１６７７番地１","","","","","","","届出","",""
"032000","fBiz00001565640000000001","島根県","松江市","デイサービスセンター共楽苑","デイサービスセンターキョウラクエン","㉖ 集団給食施設","","島根県益田市桂平町107番地3","",34.601176,131.726937,"0856290085","社会福祉法人わかくさ福祉会","6280005005069","島根県益田市上黒谷町５２６番地５","","","","","","","届出","",""
"032000","fBiz00001573270000000033","島根県","松江市","ケンタッキーフライドチキンゆめタウン益田店","マスダテン","⑬ その他の食料・飲料販売業","","島根県益田市高津町7-21-22","",34.689626,131.816945,"","株式会社 TANABEグローバルキッチン","6280001008166","島根県雲南市吉田町吉田2407","","","","","","","届出","",""
"032000","fBiz00001573270000000034","島根県","松江市","ケンタッキーフライドチキン出雲店","イズモテン","⑬ その他の食料・飲料販売業","","島根県出雲市渡橋町95-1","",35.368588,132.753246,"","株式会社 TANABEグローバルキッチン","6280001008166","島根県雲南市吉田町吉田2407","","","","","","","届出","",""
"032000","fBiz00001573270000000035","島根県","松江市","ケンタッキーフライドチキンイオンタウン大田店","オオダテン","⑬ その他の食料・飲料販売業","","島根県大田市長久町土江97","",35.194010,132.476140,"0854840018","株式会社 TANABEグローバルキッチン","6280001008166","島根県雲南市吉田町吉田2407","","","","","","","届出","",""
"032000","fBiz00001575150000000001","島根県","松江市","","","㉖ 集団給食施設","","","","","","","","","","","","","","","","届出","",""
"032000","fBiz00001583250000000002","島根県","松江市","雲南市立病院","ウンナンシリツビョウイン","㉖ 集団給食施設","","島根県雲南市大東町飯田96番地1","",35.324077,132.959940,"0854-47-7500","雲南市","1000020322091","島根県雲南市木次町里方521-1","","","","","","","届出","",""
"032000","fBiz00001584610000000001","島根県","松江市","有限会社日登工業","ユウゲンガイシャヒノボリコウギョウ","㉗ 器具、容器包装の製造・加工業（合成樹脂が使用された器具又は容器包装の製造、加工に限る。）","","島根県雲南市木次町東日登505-1","",35.277836,132.926676,"0854425447","","","島根県雲南市木次町505-1","","","","","","","届出","",""
"032000","fBiz00001586310000000001","島根県","松江市","海士御塩司所","アマオンシオツカサドコロ","⑱ 調味料製造・加工業","","島根県隠岐郡海士町隠岐郡海士町1003-3","",36.096609,133.098673,"08514-2-1185","㈱ふるさと海士","2280001005472","島根県隠岐郡海士町福井1524-1","","","","","","","届出","",""
"032000","fBiz00001590980000000002","島根県","松江市","全日食　島根チルドセンター","ゼンニッショク　シマネチルドセンター","⑬ その他の食料・飲料販売業","","島根県安来市吉佐町1054-1","",35.410355,133.316799,"0854-23-2677","全日本食品株式会社","9011801009121","東京都足立区入谷6-2-2","","","","","","","届出","",""
"032000","fBiz00001600580000000001","島根県","松江市","桃源　出雲店","トウゲン　イズモテン","① 魚介類販売業（包装済みの魚介類のみの販売）","小売業","島根県出雲市下古志町656","",35.342514,132.739238,"0853201470","株式会社桃源","8280001004898","島根県出雲市下古志町６５６番地","","","","","","","届出","",""
"032000","fBiz00001600580000000001","島根県","松江市","桃源　出雲店","トウゲン　イズモテン","② 食肉販売業（包装済みの食肉のみの販売）","小売業","島根県出雲市下古志町656","",35.342514,132.739238,"0853201470","株式会社桃源","8280001004898","島根県出雲市下古志町６５６番地","","","","","","","届出","",""
"032000","fBiz00001600580000000001","島根県","松江市","桃源　出雲店","トウゲン　イズモテン","③ 乳類販売業","小売業","島根県出雲市下古志町656","",35.342514,132.739238,"0853201470","株式会社桃源","8280001004898","島根県出雲市下古志町６５６番地","","","","","","","届出","",""
"032000","fBiz00001600580000000001","島根県","松江市","桃源　出雲店","トウゲン　イズモテン","⑥ 弁当販売業","小売業","島根県出雲市下古志町656","",35.342514,132.739238,"0853201470","株式会社桃源","8280001004898","島根県出雲市下古志町６５６番地","","","","","","","届出","",""
"032000","fBiz00001600580000000001","島根県","松江市","桃源　出雲店","トウゲン　イズモテン","⑦ 野菜果物販売業","小売業","島根県出雲市下古志町656","",35.342514,132.739238,"0853201470","株式会社桃源","8280001004898","島根県出雲市下古志町６５６番地","","","","","","","届出","",""
"032000","fBiz00001600580000000001","島根県","松江市","桃源　出雲店","トウゲン　イズモテン","⑧ 米穀類販売業","小売業","島根県出雲市下古志町656","",35.342514,132.739238,"0853201470","株式会社桃源","8280001004898","島根県出雲市下古志町６５６番地","","","","","","","届出","",""
"032000","fBiz00001600580000000001","島根県","松江市","桃源　出雲店","トウゲン　イズモテン","⑨ 通信販売・訪問販売による販売業","小売業","島根県出雲市下古志町656","",35.342514,132.739238,"0853201470","株式会社桃源","8280001004898","島根県出雲市下古志町６５６番地","","","","","","","届出","",""
"032000","fBiz00001600580000000001","島根県","松江市","桃源　出雲店","トウゲン　イズモテン","⑬ その他の食料・飲料販売業","小売業","島根県出雲市下古志町656","",35.342514,132.739238,"0853201470","株式会社桃源","8280001004898","島根県出雲市下古志町６５６番地","","","","","","","届出","",""
"032000","fBiz00001600580000000002","島根県","松江市","桃源　ドーム店","トウゲン　ドームテン","① 魚介類販売業（包装済みの魚介類のみの販売）","","島根県出雲市矢野町920-1","",35.380386,132.739887,"0853238600","株式会社桃源","8280001004898","島根県出雲市下古志町６５６番地","","","","","","","届出","",""
"032000","fBiz00001600580000000002","島根県","松江市","桃源　ドーム店","トウゲン　ドームテン","② 食肉販売業（包装済みの食肉のみの販売）","","島根県出雲市矢野町920-1","",35.380386,132.739887,"0853238600","株式会社桃源","8280001004898","島根県出雲市下古志町６５６番地","","","","","","","届出","",""
"032000","fBiz00001600580000000002","島根県","松江市","桃源　ドーム店","トウゲン　ドームテン","③ 乳類販売業","","島根県出雲市矢野町920-1","",35.380386,132.739887,"0853238600","株式会社桃源","8280001004898","島根県出雲市下古志町６５６番地","","","","","","","届出","",""
"032000","fBiz00001600580000000002","島根県","松江市","桃源　ドーム店","トウゲン　ドームテン","⑥ 弁当販売業","","島根県出雲市矢野町920-1","",35.380386,132.739887,"0853238600","株式会社桃源","8280001004898","島根県出雲市下古志町６５６番地","","","","","","","届出","",""
"032000","fBiz00001600580000000002","島根県","松江市","桃源　ドーム店","トウゲン　ドームテン","⑦ 野菜果物販売業","","島根県出雲市矢野町920-1","",35.380386,132.739887,"0853238600","株式会社桃源","8280001004898","島根県出雲市下古志町６５６番地","","","","","","","届出","",""
"032000","fBiz00001600580000000002","島根県","松江市","桃源　ドーム店","トウゲン　ドームテン","⑧ 米穀類販売業","","島根県出雲市矢野町920-1","",35.380386,132.739887,"0853238600","株式会社桃源","8280001004898","島根県出雲市下古志町６５６番地","","","","","","","届出","",""
"032000","fBiz00001600580000000002","島根県","松江市","桃源　ドーム店","トウゲン　ドームテン","⑨ 通信販売・訪問販売による販売業","","島根県出雲市矢野町920-1","",35.380386,132.739887,"0853238600","株式会社桃源","8280001004898","島根県出雲市下古志町６５６番地","","","","","","","届出","",""
"032000","fBiz00001600580000000002","島根県","松江市","桃源　ドーム店","トウゲン　ドームテン","⑬ その他の食料・飲料販売業","","島根県出雲市矢野町920-1","",35.380386,132.739887,"0853238600","株式会社桃源","8280001004898","島根県出雲市下古志町６５６番地","","","","","","","届出","",""
"032000","fBiz00001602850000000001","島根県","松江市","ローソン移動販売車","ローソンイドウハンバイシャ","⑩ コンビニエンスストア","","島根県飯石郡飯南町下赤名３０４－１","",35.010083,132.719742,"0854-76-9290","株式会社ローソン","2010701019195","東京都品川区大崎1丁目11-2ゲートシティ大崎","","","","","","","届出","",""
"032000","fBiz00001613890000000002","島根県","松江市","株式会社ネスター　島根工場","カブシキガイシャネスター　シマネコウジョウ","㉗ 器具、容器包装の製造・加工業（合成樹脂が使用された器具又は容器包装の製造、加工に限る。）","","島根県雲南市加茂町南加茂706-5","",35.333333,132.906181,"","","","島根県雲南市加茂町南加茂706-5","","","","","","","届出","",""
"032000","fBiz00001627470000000002","島根県","松江市","介護老人保健施設ナーシングセンターひまわり","カイゴロウジンホケンシセツナーシングセンターヒマワリ","㉖ 集団給食施設","","島根県出雲市古志町2236-1","",35.333103,132.744180,"0853217954","","","","","","","","","","届出","",""
"032000","fBiz00001630240000000002","島根県","松江市","障がい者支援センターひまわり","ショウガイシャシエンセンターヒマワリ","㉖ 集団給食施設","集団給食施設","島根県大田市大田町吉永1453-15","",35.180382,132.501105,"0854825315","社会福祉法人昇陽会","1280005003944","島根県大田市大田町吉永1453-15","","","","","","","届出","",""
"032000","fBiz00001632040000000007","島根県","松江市","ミスタードーナツ　ゆめタウン出雲ショップ","ミスタードーナツユメタウンイズモショップ","⑬ その他の食料・飲料販売業","","島根県出雲市大塚町650-1","ゆめタウン出雲内",35.376962,132.754940,"0853316820","㈱ウッドベル","6280001003472","島根県出雲市大社町杵築西2671-1","","","","","","","届出","",""
"032000","fBiz00001632040000000008","島根県","松江市","ミスタードーナツ　出雲ショップ","ミスタードーナツイズモショップ","⑬ その他の食料・飲料販売業","","島根県出雲市渡橋町626-8","",35.365620,132.744370,"0853232341","㈱ウッドベル","6280001003472","島根県出雲市大社町杵築西2671-1","","","","","","","届出","",""
"032000","fBiz00001638140000000001","島根県","松江市","丸源ラーメン出雲店","マルゲンラーメンイズモテン","⑬ その他の食料・飲料販売業","","島根県出雲市渡橋町778-1","",35.365644,132.742875,"0853223354","株式会社ウッドベル","6280001003472","島根県出雲市大社町杵築西２６７１番地１","","","","","","","届出","",""
"032000","fBiz00001646060000000001","島根県","松江市","株式会社ハーバック化成","ハーバックカセイ","㉗ 器具、容器包装の製造・加工業（合成樹脂が使用された器具又は容器包装の製造、加工に限る。）","","島根県益田市市原町イ５５９－１","",34.666877,131.788008,"0856-31-1785","株式会社ハ－バック化成","5280001005313","島根県益田市市原町イ559-1","","","","","","","届出","",""
"032000","fBiz00001654200000000001","島根県","松江市","","","㉑ 製茶業","茶製造販売","","","","","","","","","","","","","","","届出","",""
"032000","fBiz00001660040000000001","島根県","松江市","学校法人島根信望愛学園　夕日ヶ丘聖母幼稚園","ガッコウホウジンシマネシンボウアイガクエン　ユウヒガオカセイボヨウチエン","㉖ 集団給食施設","集団給食施設","島根県浜田市殿町55-1","",34.902249,132.076981,"0855223328","学校法人　島根信望愛学園　","9999999999999","島根県益田市中吉田町269-1","","","","","","","届出","",""
"032000","fBiz00005190110000000574","島根県","松江市","","","⑫ 自動販売機による販売業（コップ式自動販売機（自動洗浄・屋内設置）及び営業許可の対象となる自動販売機を除く）","","","","","","","","","","","","","","","","届出","",""
"032000","fBiz00001670130000000002","島根県","松江市","彩雲堂　神門通りAel店","サイウンドウシンモンドオリアエルテン","⑬ その他の食料・飲料販売業","","島根県出雲市大社町杵築南774-2","",35.395759,132.686693,"0853259261","株式会社彩雲堂","7280001000287","島根県松江市天神町１２４番地","","","","","","","届出","",""
"032000","fBiz00001670130000000007","島根県","松江市","彩雲堂　安来プラーナ店","サイウンドウヤスギプラーナテン","⑬ その他の食料・飲料販売業","","島根県安来市安来町761-4","安来プラーナ内",35.426695,133.247503,"0854232807","株式会社彩雲堂","7280001000287","島根県松江市天神町１２４番地","","","","","","","届出","",""
"032000","fBiz00001683760000000381","島根県","松江市","ホームプラザナフコ　益田店","ホームプラザ　ナフコ　マスダテン","⑬ その他の食料・飲料販売業","ホームセンター","島根県益田市乙吉町イ－３５２","",34.683681,131.848900,"0856-23-3151","","","","","","","","","","届出","",""
"032000","fBiz00001683760000000584","島根県","松江市","ホームプラザナフコ　大田店","ホームプラザナフコ　オオダテン","⑬ その他の食料・飲料販売業","ホームセンター","島根県大田市長久町長久イ２１２－２","",35.199409,132.487186,"0854-84-0431","","","","","","","","","","届出","",""
"032000","fBiz00001683760000000586","島根県","松江市","ホームプラザナフコ　雲南店","ホームプラザナフコ　ウンナンテン","⑧ 米穀類販売業","ホームセンター","島根県雲南市木次町下熊谷１５３１－１","",35.299858,132.895605,"0854-42-8061","","","","","","","","","","届出","",""
"032000","fBiz00001683760000000602","島根県","松江市","ホームプラザナフコ　湖陵店","ホームプラザナフコ　コリョウテン","⑬ その他の食料・飲料販売業","ホームセンター","島根県出雲市湖陵町差海４０９番１","",35.328377,132.675600,"0853-43-8161","","","","","","","","","","届出","",""
"032000","fBiz00001683760000000604","島根県","松江市","ホームプラザナフコ益田北店","ホームプラザナフコマスダキタテン","⑬ その他の食料・飲料販売業","ホームセンター","島根県益田市久城町３０－１","",34.692275,131.840458,"0856-31-1761","","","","","","","","","","届出","",""
"032000","fBiz00001687000000000001","島根県","松江市","無印良品ゆめタウン出雲店","ムジルシリョウヒンユメタウンイズモテン","⑬ その他の食料・飲料販売業","","島根県出雲市大塚町６５０－１","",35.376962,132.754940,"0853246050","(株)ヘンミ","3470001003704","香川県高松市丸亀町９ー１　STEP","","","","","","","届出","",""
"032000","fBiz00001687000000000002","島根県","松江市","無印良品ゆめタウン出雲店","ムジルシリョウヒンユメタウンイズモテン","⑬ その他の食料・飲料販売業","","島根県出雲市大塚町６５０－１","",35.376962,132.754940,"0853246050","(株)ヘンミ","3470001003704","香川県高松市丸亀町９ー１　STEP","","","","","","","届出","",""
"032000","fBiz00001739460000000009","島根県","松江市","デリバリースイーツ","デリバリースイーツ","⑬ その他の食料・飲料販売業","","島根県出雲市今市町901(島根県内一円)","",35.363146,132.755249,"","株式会社Ｄｏ　ｉｔ","3180001145138","愛知県名古屋市中区古渡町14番16号明和ビル４階","","","","","","","届出","",""
"032000","fBiz00001750140000000001","島根県","松江市","株式会社蒼馬","カブシキガイシャソウマ","⑬ その他の食料・飲料販売業","卸業、小売業","島根県出雲市斐川町求院1344","",35.367720,132.794760,"0853258353","株式会社蒼馬","9280001007784","島根県出雲市斐川町求院１３４４番地","","","","","","","届出","",""
"032000","fBiz00001750140000000002","島根県","松江市","株式会社蒼馬","カブシキガイシャソウマ","⑰ 農産保存食料品製造・加工業","","島根県出雲市斐川町求院1344番地","",35.367720,132.794760,"","株式会社蒼馬","9280001007784","島根県出雲市斐川町求院１３４４番地","","","","","","","届出","",""
"032000","fBiz00001823430000000001","島根県","松江市","","","㉔ その他の食料品製造・加工業","","","","","","","","","","","","","","","","届出","",""
"032000","fBiz00001837250000000001","島根県","松江市","LI株式会社","エルアイカブシキガイシャ","⑬ その他の食料・飲料販売業","","島根県出雲市斐川町荘原2896-2","",35.396070,132.851926,"","LI株式会社","4210001016086","島根県出雲市斐川町荘原2896-2","","","","","","","届出","",""
"032000","fBiz00001841170000000001","島根県","松江市","","","⑦ 野菜果物販売業","","","","","","","","","","","","","","","","届出","",""
"032000","fBiz00001841170000000001","島根県","松江市","","","㉔ その他の食料品製造・加工業","","","","","","","","","","","","","","","","届出","",""
"032000","fBiz00001895420000000022","島根県","松江市","かつ庵　出雲姫原店","カツアン　イズモヒメバラテン","① 飲食店営業","","島根県出雲市姫原町292","",35.373954,132.752909,"","株式会社かつ庵","2010401125806","東京都港区港南2丁目18-1","指令出保第060号の8019",2019/01/24,2024/05/24,2024/06/01,2029/05/31,"","許可","",""
"032000","fBiz00001908100000000022","島根県","松江市","丸亀製麺出雲","マルガメセイメンイズモ","① 飲食店営業","","島根県出雲市渡橋町90-9","",35.367653,132.752689,"0853-21-5020","株式会社丸亀製麺","3140001101540","東京都渋谷区道玄坂１丁目２１番１号","指令出保第060号の8186",2023/11/24,2023/11/24,2023/12/01,2028/11/30,"","許可","特記事項なし",""
"032000","fBiz00001997350000000001","島根県","松江市","有限会社飯塚豊市商店","ユウゲンガイシャイイツカトヨイチショウテン","⑧ 米穀類販売業","","島根県出雲市平田町2316-1","",35.434107,132.825664,"0853623161","","","","","","","","","","届出","",""
"032000","fBiz00002012570000000012","島根県","松江市","タリーズコーヒーイオンモール出雲店","タリーズコーヒーイオンモールイズモテン","⑬ その他の食料・飲料販売業","","島根県出雲市渡橋町１０６６","イオンモール出雲1F",35.367588,132.739067,"0853-24-7321","内外美装株式会社","5120901024915","大阪府豊中市末広町一丁目４番１１号","","","","","","","届出","",""
"032000","fBiz00002073200000000001","島根県","松江市","喜楽館","キラクカン","⑳ 精穀・製粉業","","島根県益田市上黒谷町186-2","",34.609429,131.728293,"05035775944","","","","","","","","","","届出","",""
"032000","fBiz00002073200000000002","島根県","松江市","喜楽館","キラクカン","⑰ 農産保存食料品製造・加工業","","島根県益田市上黒谷町186-2","",34.609429,131.728293,"09041049097","","","","","","","","","","届出","",""
"032000","fBiz00002073200000000005","島根県","松江市","","","⑰ 農産保存食料品製造・加工業","","","","","","","","","","","","","","","","届出","",""
"032000","fBiz00002073200000000005","島根県","松江市","","","㉔ その他の食料品製造・加工業","","","","","","","","","","","","","","","","届出","",""
"032000","fBiz00002083080000000001","島根県","松江市","ウエルシア出雲塩冶原町店","ウエルシアイズモエンヤハラマチテン","⑪ 百貨店、総合スーパー","ドラッグストア","島根県出雲市塩冶原町1丁目5番35号","",35.348315,132.746565,"0853-24-8880","ウエルシア薬局株式会社","3030001002411","東京都千代田区外神田2丁目2番15号","","","","","","","届出","",""
"032000","fBiz00002242680000000001","島根県","松江市","zui coffee","ズイコーヒー","⑯ コーヒー製造・加工業（飲料の製造を除く。）","小売り","島根県益田市高津5丁目30－15","エルモア高津",34.689304,131.819064,"07044845365","水津颯太","","島根県益田市高津5丁目30−15","","","","","","","届出","",""
"032000","fBiz00002365350000000002","島根県","松江市","","","⑬ その他の食料・飲料販売業","食料品販売","","","","","","","","","","","","","","","届出","",""
"032000","fBiz00002083080000000001","島根県","松江市","ウエルシア出雲塩冶原町店","ウエルシアイズモエンヤハラマチテン","⑫ 自動販売機による販売業（コップ式自動販売機（自動洗浄・屋内設置）及び営業許可の対象となる自動販売機を除く）","ドラッグストア","島根県出雲市塩冶原町1丁目5番35号","",35.348315,132.746565,"0853-24-8880","ウエルシア薬局株式会社","3030001002411","東京都千代田区外神田2丁目2番15号","","","","","","","届出","",""
"032000","fBiz00002096670000000002","島根県","松江市","","","⑫ 自動販売機による販売業（コップ式自動販売機（自動洗浄・屋内設置）及び営業許可の対象となる自動販売機を除く）","フィットネスジム","","","","","","","","","","","","","","","届出","",""
"032000","fBiz00002115690000000214","島根県","松江市","雲南市立病院内レストランビアンモール","ウンナンシリツビョウインナイレストランビアンモール","① 飲食店営業","レストラン　飲食店","島根県雲南市大東町飯田96-1","",35.323932,132.959631,"","株式会社光洋","5020001029800","神奈川県横浜市西区みなとみらい４丁目４番２号横浜ブルーアベニュー４Ｆ","指令雲保第051号0037",2025/03/24,2025/03/24,2025/03/24,2030/05/31,"","許可","",""
"032000","fBiz00002115690000000220","島根県","松江市","浜田医療センター売店","ハマダイリョウセンターバイテン","⑩ コンビニエンスストア","病院内売店（コンビニエンスストア）","島根県浜田市浅井町７７７－１２","",34.903505,132.087783,"","株式会社光洋","5020001029800","神奈川県横浜市西区みなとみらい４丁目４番２号横浜ブルーアベニュー４Ｆ","","","","","","","届出","",""
"032000","fBiz00002115690000000222","島根県","松江市","浜田医療センター売店内焼き立てパン工房","ハマダイリョウセンターバイテンナイヤキタテパンコウボウ","⑪ 菓子製造業","ベーカリー","島根県浜田市浅井町777-12","浜田医療センター2F売店内",34.903505,132.087783,"0855-23-0054","株式会社光洋","5020001029800","神奈川県横浜市西区みなとみらい４丁目４番２号横浜ブルーアベニュー４Ｆ","070510004",2025/04/30,2025/04/30,2025/04/30,2030/05/31,"","許可","",""
"032000","fBiz00002143050000000003","島根県","松江市","ほっともっと益田あけぼの西町店","ホットモットカスダアケボノニシマチテン","① 飲食店営業","仕出し屋又は弁当屋","島根県益田市あけぼの西町8-10","",34.681086,131.838144,"0856-31-1015","株式会社晴香","4250001005003","山口県防府市岸津１丁目６番１号","指令益保第001号の0008",2019/06/01,2019/06/01,2019/06/01,2024/05/31,"","許可","",""
"032000","fBiz00002144690000000001","島根県","松江市","成行屋","ナリユキヤ","㉓ 卵選別包装業","","島根県鹿足郡津和野町名賀1167-2","",34.445078,131.724511,"08061188273","上田裕貴","","島根県鹿足郡津和野町名賀1167-2","","","","","","","届出","",""
"032000","fBiz00002158750000000001","島根県","松江市","","","① 魚介類販売業（包装済みの魚介類のみの販売）","移動販売","","","","","","","","","","","","","","","届出","",""
"032000","fBiz00002158750000000001","島根県","松江市","","","② 食肉販売業（包装済みの食肉のみの販売）","移動販売","","","","","","","","","","","","","","","届出","",""
"032000","fBiz00002158750000000001","島根県","松江市","","","③ 乳類販売業","移動販売","","","","","","","","","","","","","","","届出","",""
"032000","fBiz00002158750000000001","島根県","松江市","","","⑥ 弁当販売業","移動販売","","","","","","","","","","","","","","","届出","",""
"032000","fBiz00002195960000000184","島根県","松江市","","","① 飲食店営業","給食施設","","","","","","","","","040410055",2023/03/24,2023/03/24,2023/03/24,2028/05/31,"","許可","飲食店営業",""
"032000","fBiz00002195960000000185","島根県","松江市","","","① 飲食店営業","飲食店営業","","","","","","","","","040410056",2023/03/24,2023/03/24,2023/03/24,2028/05/31,"","許可","飲食店営業",""
"032000","fBiz00002195960000000186","島根県","松江市","","","① 飲食店営業","飲食店営業","","","","","","","","","指令雲保第051号の0027",2023/03/24,2023/03/24,2023/03/24,2028/05/31,"","許可","特記事項なし",""
"032000","fBiz00002229630000000002","島根県","松江市","移動販売車だんだん号","イドウハンバイシャダンダンゴウ","① 魚介類販売業（包装済みの魚介類のみの販売）","","島根県雲南市木次町新市39","",35.289423,132.897108,"0854477108","鳥谷秀和","","島根県雲南市大東町飯田１０９－２","","","","","","","届出","",""
"032000","fBiz00002229630000000002","島根県","松江市","移動販売車だんだん号","イドウハンバイシャダンダンゴウ","② 食肉販売業（包装済みの食肉のみの販売）","","島根県雲南市木次町新市39","",35.289423,132.897108,"0854477108","鳥谷秀和","","島根県雲南市大東町飯田１０９－２","","","","","","","届出","",""
"032000","fBiz00002229630000000002","島根県","松江市","移動販売車だんだん号","イドウハンバイシャダンダンゴウ","③ 乳類販売業","","島根県雲南市木次町新市39","",35.289423,132.897108,"0854477108","鳥谷秀和","","島根県雲南市大東町飯田１０９－２","","","","","","","届出","",""
"032000","fBiz00002229630000000002","島根県","松江市","移動販売車だんだん号","イドウハンバイシャダンダンゴウ","⑨ 通信販売・訪問販売による販売業","","島根県雲南市木次町新市39","",35.289423,132.897108,"0854477108","鳥谷秀和","","島根県雲南市大東町飯田１０９－２","","","","","","","届出","",""
"032000","fBiz00002229630000000002","島根県","松江市","移動販売車だんだん号","イドウハンバイシャダンダンゴウ","㉕ 行商","","島根県雲南市木次町新市39","",35.289423,132.897108,"0854477108","鳥谷秀和","","島根県雲南市大東町飯田１０９－２","","","","","","","届出","",""
"032000","fBiz00002229630000000003","島根県","松江市","移動販売車だんだん号","イドウハンバイシャダンダンゴウ","① 魚介類販売業（包装済みの魚介類のみの販売）","訪問販売業","島根県雲南市木次町新市39","",35.289423,132.897108,"0854-47-7108","鳥谷秀和","","島根県雲南市大東町飯田１０９－２","","","","","","","届出","",""
"032000","fBiz00002229630000000003","島根県","松江市","移動販売車だんだん号","イドウハンバイシャダンダンゴウ","② 食肉販売業（包装済みの食肉のみの販売）","訪問販売業","島根県雲南市木次町新市39","",35.289423,132.897108,"0854-47-7108","鳥谷秀和","","島根県雲南市大東町飯田１０９－２","","","","","","","届出","",""
"032000","fBiz00002229630000000003","島根県","松江市","移動販売車だんだん号","イドウハンバイシャダンダンゴウ","③ 乳類販売業","訪問販売業","島根県雲南市木次町新市39","",35.289423,132.897108,"0854-47-7108","鳥谷秀和","","島根県雲南市大東町飯田１０９－２","","","","","","","届出","",""
"032000","fBiz00002229630000000003","島根県","松江市","移動販売車だんだん号","イドウハンバイシャダンダンゴウ","⑨ 通信販売・訪問販売による販売業","訪問販売業","島根県雲南市木次町新市39","",35.289423,132.897108,"0854-47-7108","鳥谷秀和","","島根県雲南市大東町飯田１０９－２","","","","","","","届出","",""
"032000","fBiz00002229630000000003","島根県","松江市","移動販売車だんだん号","イドウハンバイシャダンダンゴウ","㉕ 行商","訪問販売業","島根県雲南市木次町新市39","",35.289423,132.897108,"0854-47-7108","鳥谷秀和","","島根県雲南市大東町飯田１０９－２","","","","","","","届出","",""
"032000","fBiz00003770050000000001","島根県","松江市","","","⑦ 野菜果物販売業","飲食店","","","","","","","","","","","","","","","届出","",""
"032000","fBiz00003770050000000001","島根県","松江市","","","⑬ その他の食料・飲料販売業","飲食店","","","","","","","","","","","","","","","届出","",""
"032000","fBiz00002382330000000001","島根県","松江市","朔のカンパーニュ","ツイタチノカンパーニュ","⑯ コーヒー製造・加工業（飲料の製造を除く。）","","島根県出雲市所原町3310","",35.278150,132.762913,"","今若久美子","","島根県出雲市所原町３３１０","","","","","","","届出","",""
"032000","fBiz00002396410000000052","島根県","松江市","","","⑫ 自動販売機による販売業（コップ式自動販売機（自動洗浄・屋内設置）及び営業許可の対象となる自動販売機を除く）","水の自動販売機","","","","","","","","","","","","","","","届出","",""
"032000","fBiz00002396410000000053","島根県","松江市","","","⑫ 自動販売機による販売業（コップ式自動販売機（自動洗浄・屋内設置）及び営業許可の対象となる自動販売機を除く）","水の自動販売機","","","","","","","","","","","","","","","届出","",""
"032000","fBiz00002396410000000054","島根県","松江市","","","⑫ 自動販売機による販売業（コップ式自動販売機（自動洗浄・屋内設置）及び営業許可の対象となる自動販売機を除く）","水の自動販売機","","","","","","","","","","","","","","","届出","",""
"032000","fBiz00002396410000000069","島根県","松江市","","","⑫ 自動販売機による販売業（コップ式自動販売機（自動洗浄・屋内設置）及び営業許可の対象となる自動販売機を除く）","水の自動販売機","","","","","","","","","","","","","","","届出","",""
"032000","fBiz00002396410000000070","島根県","松江市","","","⑫ 自動販売機による販売業（コップ式自動販売機（自動洗浄・屋内設置）及び営業許可の対象となる自動販売機を除く）","水の自動販売機","","","","","","","","","","","","","","","届出","",""
"032000","fBiz00002519120000000001","島根県","松江市","","","⑯ コーヒー製造・加工業（飲料の製造を除く。）","","","","","","","","","","","","","","","","届出","",""
"032000","fBiz00002539620000000020","島根県","松江市","マルイ浜山通り店","マルイハマヤマドオリテン","⑫ 自動販売機による販売業（コップ式自動販売機（自動洗浄・屋内設置）及び営業許可の対象となる自動販売機を除く）","自動販売機","島根県出雲市渡橋町1158","",35.371893,132.735479,"0853-25-8866","アクアネット株式会社","4120901045904","大阪府池田市畑3-2-3","","","","","","","届出","",""
"032000","fBiz00002734440000000001","島根県","松江市","タンバリンコーヒーロースターズ","タンバリンコーヒーロースターズ","⑯ コーヒー製造・加工業（飲料の製造を除く。）","","島根県安来市飯梨町405-1","",35.392738,133.202501,"08019475792","池田絢哉","","島根県安来市飯梨町405-1","","","","","","","届出","",""
"032000","fBiz00002819850000000002","島根県","松江市","やすぎアグリ合同会社","ヤスギアグリゴウドウガイシャ","⑰ 農産保存食料品製造・加工業","","","","","","070-6610-3238","やすぎアグリ合同会社","6280003001549","島根県安来市下坂田町９７７－１","","","","","","","届出","",""
"032000","fBiz00002858570000000001","島根県","松江市","ブランコの家","ブランコノイエ","㉔ その他の食料品製造・加工業","パン屋","","","","","","","","","","","","","","","届出","",""
"032000","fBiz00002892710000000025","島根県","松江市","サンマッシュKitchen","サンマッシュキッチン","① 飲食店営業","","島根県大田市(島根県内一円)","",35.192081,132.499283,"0282821100","株式会社北研","2060001017309","栃木県下都賀郡壬生町中央町１３番１号","050410015",2023/08/01,2023/08/01,2023/08/01,2028/11/30,"","許可","",""
"032000","fBiz00002968120000000001","島根県","松江市","THE COFFEE STAND","ザ コーヒースタンド","⑯ コーヒー製造・加工業（飲料の製造を除く。）","","","","","","","","","","","","","","","","届出","",""
"032000","fBiz00003042590000000001","島根県","松江市","発酵菓子カヌカ","ハッコウガシカヌカ","⑬ その他の食料・飲料販売業","","島根県雲南市木次町里方86−3","",35.295590,132.904184,"08044379798","鹿糠さやか","","島根県雲南市木次町里方86−３","","","","","","","届出","",""
"032000","fBiz00003104820000000004","島根県","松江市","松浦笑店","マツウラショウテン","⑨ 通信販売・訪問販売による販売業","移動スーパー","島根県出雲市平田町581-11","",35.441104,132.827226,"08016473603","松浦麻美","","島根県出雲市平田町581-11","","","","","","","届出","",""
"032000","fBiz00003115350000000054","島根県","松江市","アカチャンホンポ　ゆめタウン出雲店","アカチャンホンポ　ユメタウンイズモテン","⑬ その他の食料・飲料販売業","小売業","島根県出雲市大塚町650-1","ゆめタウン出雲2F",35.376962,132.754940,"0853-24-8450","株式会社赤ちゃん本舗","6120001077342","大阪府大阪市中央区南本町3-3-21","","","","","","","届出","",""
"032000","fBiz00003212420000000001","島根県","松江市","えーひだカンパニー株式会社","エーヒダカンパニーカブシキガイシャ","⑬ その他の食料・飲料販売業","自動車","島根県安来市広瀬町梶福留1268(県内一円)","",35.239878,133.135177,"0854264010","えーひだカンパニー株式会社","9280001007413","島根県安来市広瀬町梶福留１２６８番地","","","","","","","届出","",""
"032000","fBiz00003219430000000118","島根県","松江市","","","⑬ その他の食料・飲料販売業","短期イベント出店（6/27-7/2）","","","","","","","","","","","","","","","届出","",""
"032000","fBiz00003237220000000003","島根県","松江市","","","⑰ 農産保存食料品製造・加工業","","","","","","","高橋健一郎","","","","","","","","","届出","",""
"032000","fBiz00003237220000000003","島根県","松江市","","","⑳ 精穀・製粉業","","","","","","","高橋健一郎","","","","","","","","","届出","",""
"032000","fBiz00003237220000000003","島根県","松江市","","","㉑ 製茶業","","","","","","","高橋健一郎","","","","","","","","","届出","",""
"032000","fBiz00003237770000000001","島根県","松江市","LOACH","ローチ","⑯ コーヒー製造・加工業（飲料の製造を除く。）","","島根県安来市黒井田町３２７－５","",35.428062,133.268619,"0854224334","株式会社ハウジングランド丸永","7280001002440","島根県安来市黒井田町３２７番地５","","","","","","","届出","",""
"032000","fBiz00003270770000000002","島根県","松江市","SUNRISE COFFEE","サンライズコーヒー","⑯ コーヒー製造・加工業（飲料の製造を除く。）","","島根県隠岐郡隠岐の島町都万2229-2","",36.189590,133.230380,"09052673989","池田晃大","","島根県隠岐郡隠岐の島町都万2229-2","","","","","","","届出","",""
"032000","fBiz00003270770000000003","島根県","松江市","SUNRISE COFFEE","サンライズコーヒー","⑯ コーヒー製造・加工業（飲料の製造を除く。）","","島根県隠岐郡隠岐の島町都万2229-2","",36.189590,133.230380,"09052673989","池田晃大","","島根県隠岐郡隠岐の島町都万2229-2","","","","","","","届出","",""
"032000","fBiz00003386530000000010","島根県","松江市","","","① 飲食店営業","","","","","","","","","","指令出保第060号の8180",2023/11/24,2023/11/24,2023/12/01,2028/11/30,"","許可","特記事項なし",""
"032000","fBiz00003451220000000001","島根県","松江市","川口珈琲焙煎","カワグチコーヒーバイセン","⑯ コーヒー製造・加工業（飲料の製造を除く。）","","島根県雲南市木次町宇谷434-2","",35.297168,132.946956,"08025872694","川口仙太郎","","島根県雲南市木次町宇谷434-2","","","","","","","届出","",""
"032000","fBiz00003465650000000007","島根県","松江市","空と小さな屋根の農園　いちご狩りカフェ","ソラトチイサナヤネノノウエンイチゴガリカフェ","① 飲食店営業","","島根県益田市美都町三谷2137","",34.677897,131.958397,"090-9976-1141","藤原大巌","","島根県益田市美都町仙道６４６－１","060410031",2024/12/25,2024/12/25,2024/12/25,2030/05/31,"","許可","",""
"032000","fBiz00003530790000000296","島根県","松江市","ジョリーパスタ　出雲姫原店","ジョリーパスタ　イズモヒメバラテン","① 飲食店営業","レストラン","島根県出雲市姫原町291-1","",35.373697,132.752969,"0853-27-9866","株式会社ジョリーパスタ","6010401073811","東京都港区港南２丁目１８番１号","指令出保第060号の8176",2023/11/24,2023/11/24,2023/12/01,2029/11/30,"","許可","特記事項なし",""
"032000","fBiz00003530790000000296","島根県","松江市","ジョリーパスタ　出雲姫原店","ジョリーパスタ　イズモヒメバラテン","⑬ その他の食料・飲料販売業","レストラン","島根県出雲市姫原町291-1","",35.373697,132.752969,"0853-27-9866","株式会社ジョリーパスタ","6010401073811","東京都港区港南２丁目１８番１号","","","","","","","届出","",""
"032000","fBiz00003532030000000001","島根県","松江市","ファミリーマートＪＡいずも大社店","ファミリーマートジェイエイイズモタイシャテン","⑩ コンビニエンスストア","コンビニエンスストア","島根県出雲市大社町北荒木940-1","",35.386099,132.694972,"0853-53-8666","有限会社ＪＡいずもアグリマート","9280002007387","島根県出雲市江田町５５番地１","","","","","","","届出","",""
"032000","fBiz00003532030000000002","島根県","松江市","ファミリーマートＪＡいずも湖陵店","ファミリーマートジェイエイイズモコリョウテン","⑩ コンビニエンスストア","コンビニエンスストア","島根県出雲市湖陵町差海710-1","",35.329801,132.675924,"0853-43-7660","有限会社ＪＡいずもアグリマート","9280002007387","島根県出雲市江田町５５番地１","","","","","","","届出","",""
"032000","fBiz00003532030000000003","島根県","松江市","ファミリーマートＪＡいずも大津店","ファミリーマートジェイエイイズモオオツテン","⑩ コンビニエンスストア","コンビニエンスストア","島根県出雲市大津町1697-27","",35.364976,132.777226,"0853-20-1501","有限会社ＪＡいずもアグリマート","9280002007387","島根県出雲市江田町５５番地１","","","","","","","届出","",""
"032000","fBiz00003532030000000004","島根県","松江市","ファミリーマートＪＡいずもドーム北店","ファミリーマートジェイエイイズモドームキタテン","⑩ コンビニエンスストア","コンビニエンスストア","島根県出雲市平野町458-1","",35.385172,132.741716,"0853-20-1340","有限会社ＪＡいずもアグリマート","9280002007387","島根県出雲市江田町５５番地１","","","","","","","届出","",""
"032000","fBiz00003532030000000005","島根県","松江市","ファミリーマートＪＡいずも長浜店","ファミリーマートジェイエイイズモナガハマテン","⑩ コンビニエンスストア","コンビニエンスストア","島根県出雲市西園町267-1","",35.349243,132.698302,"0853-28-8300","有限会社ＪＡいずもアグリマート","9280002007387","島根県出雲市江田町５５番地１","","","","","","","届出","",""
"032000","fBiz00003532030000000006","島根県","松江市","ファミリーマートＪＡいずも平田店","ファミリーマートジェイエイイズモヒラタテン","⑩ コンビニエンスストア","コンビニエンスストア","島根県出雲市平田町7698","",35.441104,132.827226,"0853-63-7172","有限会社ＪＡいずもアグリマート","9280002007387","島根県出雲市江田町５５番地１","","","","","","","届出","",""
"032000","fBiz00003532030000000007","島根県","松江市","ファミリーマートラピタ中央病院店","ファミリーマートラピタチュウオウビョウインテン","⑩ コンビニエンスストア","コンビニエンスストア","島根県出雲市姫原4丁目1-1","",35.375091,132.754559,"0853-20-7037","有限会社ＪＡいずもアグリマート","9280002007387","島根県出雲市江田町５５番地１","","","","","","","届出","",""
"032000","fBiz00003532030000000008","島根県","松江市","ファミリーマートＪＡいずも塩冶東店","ファミリーマートジェイエイイズモエンヤヒガシテン","⑩ コンビニエンスストア","コンビニエンスストア","島根県出雲市上塩冶町2646-1","",35.356151,132.762457,"0853-24-7703","有限会社ＪＡいずもアグリマート","9280002007387","島根県出雲市江田町５５番地１","","","","","","","届出","",""
"032000","fBiz00003532030000000009","島根県","松江市","ファミリーマートＪＡいずも稲岡店","ファミリーマートジェイエイイズモイナオカテン","⑩ コンビニエンスストア","コンビニエンスストア","島根県出雲市稲岡町347-2","",35.393354,132.767260,"0853-24-7385","有限会社ＪＡいずもアグリマート","9280002007387","島根県出雲市江田町５５番地１","","","","","","","届出","",""
"032000","fBiz00003532030000000011","島根県","松江市","ファミリーマートＪＡいずも西出雲店","ファミリーマートジェイエイイズモニシイズモテン","⑩ コンビニエンスストア","コンビニエンスストア","島根県出雲市西新町2丁目2458-3","",35.333881,132.727521,"0853-24-7507","有限会社ＪＡいずもアグリマート","9280002007387","島根県出雲市江田町５５番地１","","","","","","","届出","",""
"032000","fBiz00003532030000000012","島根県","松江市","ファミリーマートＪＡいずも高岡店","ファミリーマートジェイエイイズモタカオカテン","⑩ コンビニエンスストア","コンビニエンスストア","島根県出雲市高岡町410-1","",35.382463,132.759622,"0853-24-8520","有限会社ＪＡいずもアグリマート","9280002007387","島根県出雲市江田町５５番地１","","","","","","","届出","",""
"032000","fBiz00003532030000000013","島根県","松江市","ファミリーマートＪＡいずも大社東店","ファミリーマートジェイエイイズモタイシャヒガシテン","⑩ コンビニエンスストア","コンビニエンスストア","島根県出雲市大社町杵築東40","",35.408594,132.685610,"0853-53-8015","有限会社ＪＡいずもアグリマート","9280002007387","島根県出雲市江田町５５番地１","","","","","","","届出","",""
"032000","fBiz00003640410000000002","島根県","松江市","","","㉖ 集団給食施設","","","","","","","","","","","","","","","","届出","",""
"032000","fBiz00003665290000000001","島根県","松江市","","","① 魚介類販売業（包装済みの魚介類のみの販売）","移動販売","","","","","","","","","","","","","","","届出","",""
"032000","fBiz00003665290000000001","島根県","松江市","","","② 食肉販売業（包装済みの食肉のみの販売）","移動販売","","","","","","","","","","","","","","","届出","",""
"032000","fBiz00003665290000000001","島根県","松江市","","","③ 乳類販売業","移動販売","","","","","","","","","","","","","","","届出","",""
"032000","fBiz00003665290000000001","島根県","松江市","","","⑥ 弁当販売業","移動販売","","","","","","","","","","","","","","","届出","",""
"032000","fBiz00003665290000000001","島根県","松江市","","","⑦ 野菜果物販売業","移動販売","","","","","","","","","","","","","","","届出","",""
"032000","fBiz00003665290000000001","島根県","松江市","","","⑧ 米穀類販売業","移動販売","","","","","","","","","","","","","","","届出","",""
"032000","fBiz00003665290000000001","島根県","松江市","","","⑬ その他の食料・飲料販売業","移動販売","","","","","","","","","","","","","","","届出","",""
"032000","fBiz00003740720000000074","島根県","松江市","","","⑬ その他の食料・飲料販売業","催事業（令和7年5月23日～6月1日出店）","","","","","","","","","","","","","","","届出","",""
"032000","fBiz00003750900000000003","島根県","松江市","株式会社クロレラサプライ","カブシキガイシャクロレラサプライ","⑮ いわゆる健康食品の製造・加工業","製造業","島根県出雲市長浜町1372-17","",35.367044,132.754694,"0853-28-2780","株式会社エポラ","3500001003279","愛媛県松山市来住町1383番1","","","","","","","届出","",""
"032000","fBiz00003842930000000039","島根県","松江市","イオンモール出雲　花ごころ　1月13日～21日","イオンモールイヅモ","⑬ その他の食料・飲料販売業","移動催事販売","島根県出雲市渡橋町1066","",35.367588,132.739067,"","株式会社Tグループ","8290001068802","福岡県福岡市中央区清川3－27－16","","","","","","","届出","",""
"032000","fBiz00003857850000000001","島根県","松江市","新宅","シンタク","⑧ 米穀類販売業","卸、小売","島根県出雲市湖陵町二部１９","",35.306150,132.678141,"09021916103","妹尾満善","","島根県出雲市湖陵町二部１９","","","","","","","届出","",""
"032000","fBiz00003874020000000001","島根県","松江市","","","⑦ 野菜果物販売業","小売り及び卸売","","","","","","","","","","","","","","","届出","",""
"032000","fBiz00003874020000000001","島根県","松江市","","","⑧ 米穀類販売業","小売り及び卸売","","","","","","","","","","","","","","","届出","",""
"032000","fBiz00003984030000000002","島根県","松江市","永谷農園","ナガタニノウエン","⑦ 野菜果物販売業","農産物直売所","島根県安来市上坂田町１５番地","",35.413921,133.215887,"0854-28-8643","永谷宏俊","","島根県安来市上坂田町１５番地","","","","","","","届出","",""
"032000","fBiz00004072670000000069","島根県","松江市","","","⑬ その他の食料・飲料販売業","スイーツ専門の24時間営業無人販売所","","","","","","","","","","","","","","","届出","",""
"032000","fBiz00004112860000000002","島根県","松江市","さつだや","サツダヤ","⑫ 自動販売機による販売業（コップ式自動販売機（自動洗浄・屋内設置）及び営業許可の対象となる自動販売機を除く）","","島根県大田市大田町大田イ660-13","はたのビル１階",35.199989,132.499782,"","","","","","","","","","","届出","",""
"032000","fBiz00004151360000000004","島根県","松江市","PEACEMAKER COFFEE ROASTERY","ピースメイカーコーヒーロースタリー","⑯ コーヒー製造・加工業（飲料の製造を除く。）","オンラインストア販売","","","","","","","","","","","","","","","届出","",""
"032000","fBiz00004159180000000003","島根県","松江市","ringtime","リングタイム","① 飲食店営業","キッチンカー","島根県安来市（島根県内一円）　保管場所：鳥取県西伯郡大山町末長２９６－３６","","","","090-5266-7103","合同会社LOT","1270003001389","","松保第056号の0051",2024/03/29,2024/03/29,2024/03/29,2029/05/31,2025/07/24,"許可(廃業)","食品営業自動車とする。",""
"032000","fBiz00004206000000000002","島根県","松江市","","","㉔ その他の食料品製造・加工業","","","","","","","","","","","","","","","","届出","",""
"032000","fBiz00004247770000000001","島根県","松江市","","","⑰ 農産保存食料品製造・加工業","通信販売","","","","","","","","","","","","","","","届出","",""
"032000","fBiz00004254650000000001","島根県","松江市","有限会社堀江薬局","ユウゲンガイシャホリエヤッキョク","㉔ その他の食料品製造・加工業","薬局","島根県出雲市大社町杵築南1370-2","",35.393892,132.686747,"0853532226","有限会社堀江薬局","7280002006622","島根県出雲市大社町杵築南１３７０番地の２","","","","","","","届出","",""
"032000","fBiz00004410870000000001","島根県","松江市","ザ・クロドリコーヒー","ザ・クロドリコーヒー","⑯ コーヒー製造・加工業（飲料の製造を除く。）","","島根県安来市黒井田町1032","",35.424891,133.274228,"","","","","","","","","","","届出","",""
"032000","fBiz00004453280000000001","島根県","松江市","焼き芋店　こいもや","ヤキイモテン　コイモヤ","㉔ その他の食料品製造・加工業","テイクアウト販売","島根県出雲市平田町2756-3","",35.437401,132.826045,"0853-63-2675","岡晃子","","島根県出雲市平田町2756－3","","","","","","","届出","",""
"032000","fBiz00004453280000000007","島根県","松江市","焼き芋店こいもや","ヤキイモテンコイモヤ","㉔ その他の食料品製造・加工業","テイクアウト","島根県出雲市上島町4235-6","",35.340523,132.816471,"090-4802-1269","岡晃子","","島根県出雲市平田町2756－3","","","","","","","届出","",""
"032000","fBiz00004549490000000009","島根県","松江市","イオンモール出雲","イオンモールイズモ","⑬ その他の食料・飲料販売業","","島根県出雲市渡橋町1066","",35.367588,132.739067,"","合同会社　ライジング","6290003012660","福岡県福岡市中央区警固3-5-1ユニヴ桜坂3F","","","","","","","届出","",""
"032000","fBiz00004551610000000001","島根県","松江市","","","⑯ コーヒー製造・加工業（飲料の製造を除く。）","","","","","","","","","","","","","","","","届出","",""
"032000","fBiz00004551610000000002","島根県","松江市","","","① 飲食店営業","コーヒースタンド","","","","","","","","","指令雲保第051号の0023",2024/03/26,2024/03/26,2024/03/26,2029/05/31,"","許可","露店（以下のもの）とする。飲み物",""
"032000","fBiz00004572000000000001","島根県","松江市","ヤマノ株式会社","ヤマノカブシキガイシャ","⑮ いわゆる健康食品の製造・加工業","","島根県安来市西恵乃島町837-30","",35.431394,133.278250,"0854-22-2165","ヤマノ株式会社","2280001002461","島根県安来市西恵乃島町８３７番地３０","","","","","","","届出","",""
"032000","fBiz00004572000000000002","島根県","松江市","ヤマノ株式会社","ヤマノカブシキガイシャ","⑱ 調味料製造・加工業","","島根県安来市西恵乃島町837-30","",35.431381,133.278235,"0854-22-2165","ヤマノ株式会社","2280001002461","島根県安来市西恵乃島町８３７番地３０","","","","","","","届出","",""
"032000","fBiz00004650650000000001","島根県","松江市","宏榮産業有限会社","コウエイサンギョウユウゲンガイシャ","㉔ その他の食料品製造・加工業","原材料の加工","島根県浜田市原井町3050-26","",34.885820,132.060205,"0855-22-6993","宏榮産業有限会社","7280002008263","島根県浜田市原井町３０５０番地２６","","","","","","","届出","",""
"032000","fBiz00004651300000000110","島根県","松江市","","","⑬ その他の食料・飲料販売業","移動催事販売","","","","","","","","","","","","","","","届出","",""
"032000","fBiz00004677370000000001","島根県","松江市","COZY MUSIC OFFICE","コージーミュージックオフィス","① 飲食店営業","カフェ","島根県邑智郡川本町川本555-4","",34.994124,132.494107,"080-4018-4180","永田正彰","","島根県邑智郡川本町大字川本６３６番地４　川本団地２０号棟２３８号室","060410005",2024/04/24,2024/04/24,2024/04/24,2029/05/31,"","許可","",""
"032000","fBiz00004704370000000223","島根県","松江市","ダイレックス益田店","ダイレックスマスダテン","⑪ 百貨店、総合スーパー","ﾃﾞｨｽｶｳﾝﾄｽﾄｱ","島根県益田市乙吉町イ22番地2","",34.686135,131.844999,"0856-32-9000","ダイレックス株式会社","6300001004245","佐賀県佐賀市高木瀬町大字長瀬９３０番地","","","","","","","届出","",""
"032000","fBiz00004704370000000294","島根県","松江市","ダイレックス出雲店","ダイレックスイズモテン","⑪ 百貨店、総合スーパー","ﾃﾞｨｽｶｳﾝﾄｽﾄｱ","島根県出雲市渡橋町12-3","",35.366714,132.751314,"0853-25-9422","ダイレックス株式会社","6300001004245","佐賀県佐賀市高木瀬町大字長瀬９３０番地","","","","","","","届出","",""
"032000","fBiz00004704370000000386","島根県","松江市","ダイレックス江津店","ダイレックスゴウヅテン","⑪ 百貨店、総合スーパー","ﾃﾞｨｽｶｳﾝﾄｽﾄｱ","島根県江津市二宮町神主ハ187番地2","",34.972748,132.191835,"0855-52-7237","ダイレックス株式会社","6300001004245","佐賀県佐賀市高木瀬町大字長瀬９３０番地","","","","","","","届出","",""
"032000","fBiz00005190110000000326","島根県","松江市","","","⑫ 自動販売機による販売業（コップ式自動販売機（自動洗浄・屋内設置）及び営業許可の対象となる自動販売機を除く）","","","","","","","","","","","","","","","","届出","",""
"032000","fBiz00004704370000000401","島根県","松江市","ダイレックス出雲平田店","ダイレックスイズモヒラタテン","⑪ 百貨店、総合スーパー","ディスカウントストア","島根県出雲市平田町1864番地1","",35.430109,132.818020,"0853-31-5720","ダイレックス株式会社","6300001004245","佐賀県佐賀市高木瀬町大字長瀬９３０番地","","","","","","","届出","",""
"032000","fBiz00004704370000000427","島根県","松江市","ダイレックス大田店","ダイレックスオオダテン","⑪ 百貨店、総合スーパー","ﾃﾞｨｽｶｳﾝﾄｽﾄｱ","島根県大田市大田町大田ロ1179番地5","",35.184535,132.505545,"0854-86-8216","ダイレックス株式会社","6300001004245","佐賀県佐賀市高木瀬町大字長瀬９３０番地","","","","","","","届出","",""
"032000","fBiz00004729570000000001","島根県","松江市","株式会社ＭＥＴＳ","カブシキガイシャメッツ","㉗ 器具、容器包装の製造・加工業（合成樹脂が使用された器具又は容器包装の製造、加工に限る。）","製造・販売","島根県出雲市斐川町坂田1664-18","",35.422563,132.833546,"0853-27-9118","株式会社ＭＥＴＳ","5280001007912","島根県出雲市斐川町坂田１６６４番地１８","","","","","","","届出","",""
"032000","fBiz00004739800000000084","島根県","松江市","マックスバリュ西日本川跡店移動販売","マックスバリュニシニホンカワアトテンイドウハンバイ","① 魚介類販売業（包装済みの魚介類のみの販売）","移動販売（移動スーパー）","島根県出雲市稲岡町37番地","",35.388618,132.768386,"0853-24-7115","株式会社フジ","9500001003505","愛媛県松山市宮西１丁目２番１号","","","","","","","届出","",""
"032000","fBiz00004739800000000084","島根県","松江市","マックスバリュ西日本川跡店移動販売","マックスバリュニシニホンカワアトテンイドウハンバイ","② 食肉販売業（包装済みの食肉のみの販売）","移動販売（移動スーパー）","島根県出雲市稲岡町37番地","",35.388618,132.768386,"0853-24-7115","株式会社フジ","9500001003505","愛媛県松山市宮西１丁目２番１号","","","","","","","届出","",""
"032000","fBiz00004739800000000084","島根県","松江市","マックスバリュ西日本川跡店移動販売","マックスバリュニシニホンカワアトテンイドウハンバイ","③ 乳類販売業","移動販売（移動スーパー）","島根県出雲市稲岡町37番地","",35.388618,132.768386,"0853-24-7115","株式会社フジ","9500001003505","愛媛県松山市宮西１丁目２番１号","","","","","","","届出","",""
"032000","fBiz00004739800000000084","島根県","松江市","マックスバリュ西日本川跡店移動販売","マックスバリュニシニホンカワアトテンイドウハンバイ","⑥ 弁当販売業","移動販売（移動スーパー）","島根県出雲市稲岡町37番地","",35.388618,132.768386,"0853-24-7115","株式会社フジ","9500001003505","愛媛県松山市宮西１丁目２番１号","","","","","","","届出","",""
"032000","fBiz00004739800000000084","島根県","松江市","マックスバリュ西日本川跡店移動販売","マックスバリュニシニホンカワアトテンイドウハンバイ","⑦ 野菜果物販売業","移動販売（移動スーパー）","島根県出雲市稲岡町37番地","",35.388618,132.768386,"0853-24-7115","株式会社フジ","9500001003505","愛媛県松山市宮西１丁目２番１号","","","","","","","届出","",""
"032000","fBiz00004739800000000084","島根県","松江市","マックスバリュ西日本川跡店移動販売","マックスバリュニシニホンカワアトテンイドウハンバイ","⑧ 米穀類販売業","移動販売（移動スーパー）","島根県出雲市稲岡町37番地","",35.388618,132.768386,"0853-24-7115","株式会社フジ","9500001003505","愛媛県松山市宮西１丁目２番１号","","","","","","","届出","",""
"032000","fBiz00004739800000000084","島根県","松江市","マックスバリュ西日本川跡店移動販売","マックスバリュニシニホンカワアトテンイドウハンバイ","⑬ その他の食料・飲料販売業","移動販売（移動スーパー）","島根県出雲市稲岡町37番地","",35.388618,132.768386,"0853-24-7115","株式会社フジ","9500001003505","愛媛県松山市宮西１丁目２番１号","","","","","","","届出","",""
"032000","fBiz00004739800000000110","島根県","松江市","マックスバリュ川跡店移動スーパー","マックスバリュカワトテンイドウスーパー","⑪ 百貨店、総合スーパー","移動販売（移動スーパー）","島根県出雲市稲岡町37番地（県下一円）","",35.388618,132.768386,"0853-24-7115","株式会社フジ","9500001003505","愛媛県松山市宮西１丁目２番１号","","","","","","","届出","",""
"032000","fBiz00004739800000000111","島根県","松江市","マックスバリュ川跡店移動スーパー","マックスバリュカワトテンイドウスーパー","⑪ 百貨店、総合スーパー","移動スーパー","島根県出雲市稲岡町37番地（県下一円）","",35.388618,132.768386,"0853-24-7115","株式会社フジ","9500001003505","愛媛県松山市宮西１丁目２番１号","","","","","","","届出","",""
"032000","fBiz00004803010000000002","島根県","松江市","匹見峡温泉やすらぎの湯","ヒキミキョウオンセンヤスラギノユ","⑬ その他の食料・飲料販売業","入浴施設、売店、飲食店","島根県益田市匹見町匹見イ713番地","",34.567218,132.022506,"0856-56-1126","三光ビル管理株式会社","6280001005015","島根県益田市乙吉町イ202番地1","","","","","","","届出","",""
"032000","fBiz00004849860000000003","島根県","松江市","株式会社豊栄工業　安来工場","ホウエイコウギョウ　ヤスギコウジョウ","㉗ 器具、容器包装の製造・加工業（合成樹脂が使用された器具又は容器包装の製造、加工に限る。）","","","","","","","","","","","","","","","","届出","",""
"032000","fBiz00004893250000000012","島根県","松江市","Aコープかわもと","エーコープカワモト","⑪ 百貨店、総合スーパー","","島根県邑智郡川本町川本525-7","",34.992330,132.494036,"0854-72-0322","ＪＡ全農Ａコープ株式会社","5140001023997","神奈川県横浜市港北区新横浜３丁目２番地３","","","","","","","届出","",""
"032000","fBiz00004893250000000013","島根県","松江市","Aコープおおち","エーコープオオチ","⑪ 百貨店、総合スーパー","","島根県邑智郡美郷町粕渕81-1","",35.076506,132.588474,"0854-75-0037","ＪＡ全農Ａコープ株式会社","5140001023997","神奈川県横浜市港北区新横浜３丁目２番地３","","","","","","","届出","",""
"032000","fBiz00004893250000000014","島根県","松江市","Aコープいわみ","エーコープイワミ","⑪ 百貨店、総合スーパー","","島根県邑智郡邑南町矢上54-3","",34.878382,132.423333,"0854-95-1045","ＪＡ全農Ａコープ株式会社","5140001023997","神奈川県横浜市港北区新横浜３丁目２番地３","","","","","","","届出","",""
"032000","fBiz00004893250000000067","島根県","松江市","Aコープさくらえ","エーコープサクラエ","⑪ 百貨店、総合スーパー","","島根県江津市桜江町川戸16-3","",34.957674,132.335125,"0855-92-1138","ＪＡ全農Ａコープ株式会社","5140001023997","神奈川県横浜市港北区新横浜３丁目２番地３","","","","","","","届出","",""
"032000","fBiz00004893250000000068","島根県","松江市","Aコープみすみ","エーコープミスミ","⑪ 百貨店、総合スーパー","","島根県浜田市三隅町三隅1225","",34.776813,131.963832,"0855-32-2400","ＪＡ全農Ａコープ株式会社","5140001023997","神奈川県横浜市港北区新横浜３丁目２番地３","","","","","","","届出","",""
"032000","fBiz00004893250000000069","島根県","松江市","Aコープごうつ","エーコープゴウツ","⑪ 百貨店、総合スーパー","","島根県江津市江津町1140-5","",35.011385,132.219411,"0855-52-0222","ＪＡ全農Ａコープ株式会社","5140001023997","神奈川県横浜市港北区新横浜３丁目２番地３","","","","","","","届出","",""
"032000","fBiz00004893250000000070","島根県","松江市","Aコープあさひ","エーコープアサヒ","⑪ 百貨店、総合スーパー","","島根県浜田市旭町今市627-1","",34.860094,132.259163,"0855-45-1260","ＪＡ全農Ａコープ株式会社","5140001023997","神奈川県横浜市港北区新横浜３丁目２番地３","","","","","","","届出","",""
"032000","fBiz00004893250000000071","島根県","松江市","Aコープやさか","エーコープヤサカ","⑪ 百貨店、総合スーパー","","島根県浜田市弥栄町長安本郷544-7","",34.776704,132.107362,"0855-48-2222","ＪＡ全農Ａコープ株式会社","5140001023997","神奈川県横浜市港北区新横浜３丁目２番地３","","","","","","","届出","",""
"032000","fBiz00004893250000000093","島根県","松江市","Aコープきすき","エーコープキスキ","⑪ 百貨店、総合スーパー","","島根県雲南市木次町里方614-1","",35.306707,132.901920,"0854-42-3535","ＪＡ全農Ａコープ株式会社","5140001023997","神奈川県横浜市港北区新横浜３丁目２番地３","","","","","","","届出","",""
"032000","fBiz00004893250000000094","島根県","松江市","Aコープあかな","エーコープアカナ","⑪ 百貨店、総合スーパー","","島根県飯石郡飯南町上赤名1664","",34.996782,132.715093,"0854-76-2782","ＪＡ全農Ａコープ株式会社","5140001023997","神奈川県横浜市港北区新横浜３丁目２番地３","","","","","","","届出","",""
"032000","fBiz00004893250000000095","島根県","松江市","Aコープよこた","エーコープヨコタ","⑪ 百貨店、総合スーパー","","島根県仁多郡奥出雲町横田1094-10","",35.179193,133.094087,"0854-52-1215","ＪＡ全農Ａコープ株式会社","5140001023997","神奈川県横浜市港北区新横浜３丁目２番地３","","","","","","","届出","",""
"032000","fBiz00004893250000000096","島根県","松江市","Aコープだいとう","エーコープダイトウ","⑪ 百貨店、総合スーパー","","島根県雲南市大東町大東2427-1","",35.322592,132.966844,"0854-43-2033","ＪＡ全農Ａコープ株式会社","5140001023997","神奈川県横浜市港北区新横浜３丁目２番地３","","","","","","","届出","",""
"032000","fBiz00004893250000000097","島根県","松江市","Aコープかも","エーコープカモ","⑪ 百貨店、総合スーパー","","島根県雲南市加茂町加茂中882-1","",35.348167,132.904355,"0854-49-8074","ＪＡ全農Ａコープ株式会社","5140001023997","神奈川県横浜市港北区新横浜３丁目２番地３","","","","","","","届出","",""
"032000","fBiz00004893250000000098","島根県","松江市","Aコープよしだ","エーコープヨシダ","⑪ 百貨店、総合スーパー","","島根県雲南市吉田町吉田1046-1","",35.166942,132.858959,"0854-74-0135","ＪＡ全農Ａコープ株式会社","5140001023997","神奈川県横浜市港北区新横浜３丁目２番地３","","","","","","","届出","",""
"032000","fBiz00004893250000000099","島根県","松江市","Aコープエルシィー","エーコープエルシィー","⑪ 百貨店、総合スーパー","","島根県飯石郡飯南町頓原2103-1","",35.080433,132.785097,"0854-72-1221","ＪＡ全農Ａコープ株式会社","5140001023997","神奈川県横浜市港北区新横浜３丁目２番地３","","","","","","","届出","",""
"032000","fBiz00004893250000000100","島根県","松江市","Aコープきじま","エーコープキジマ","⑪ 百貨店、総合スーパー","","島根県飯石郡飯南町野萱311-1","",35.034641,132.743128,"0854-76-2319","ＪＡ全農Ａコープ株式会社","5140001023997","神奈川県横浜市港北区新横浜３丁目２番地３","","","","","","","届出","",""
"032000","fBiz00004909150000000080","島根県","松江市","ビッグボーイ出雲今市店","ビッグボーイイズモイマイチテン","⑬ その他の食料・飲料販売業","","島根県出雲市今市町北本町5丁目1-1","",35.368123,132.763061,"","株式会社西日本ビッグボーイ","7010401181464","東京都港区港南２丁目１８番１号","","","","","","","届出","",""
"032000","fBiz00004961010000000002","島根県","松江市","安穏珈琲","アンノンコーヒー","⑯ コーヒー製造・加工業（飲料の製造を除く。）","ネット販売","島根県出雲市知井宮町741","",35.338125,132.719313,"0853235018","大野雅和","","島根県出雲市知井宮町741","","","","","","","届出","",""
"032000","fBiz00005014040000000001","島根県","松江市","虹のホール久利","ニジノホールクリ","⑥ 弁当販売業","葬祭会館","島根県大田市久利町松代53-1","",35.166444,132.483980,"0854-84-9088","島根県農業協同組合","8250005008485","島根県松江市殿町19-1","","","","","","","届出","",""
"032000","fBiz00005014040000000002","島根県","松江市","虹のホールおおだ","ニジノホールオオダ","⑥ 弁当販売業","葬祭会館","島根県大田市大田町大田イ2759-1","",35.191494,132.526440,"0854-84-9071","島根県農業協同組合","8250005008485","島根県松江市殿町19-1","","","","","","","届出","",""
"032000","fBiz00005055190000000002","島根県","松江市","coffee buff‘s roastery","コーヒーバフズロースタリー","⑯ コーヒー製造・加工業（飲料の製造を除く。）","","島根県出雲市斐川町富村","",35.382049,132.797958,"","石原栄治","","島根県出雲市斐川町富村","","","","","","","届出","",""
"032000","fBiz00005073400000000001","島根県","松江市","","","① 魚介類販売業（包装済みの魚介類のみの販売）","食品卸","","","","","","","","","","","","","","","届出","",""
"032000","fBiz00005073400000000001","島根県","松江市","","","⑦ 野菜果物販売業","食品卸","","","","","","","","","","","","","","","届出","",""
"032000","fBiz00005095240000000001","島根県","松江市","やすぎアグリ合同会社","ヤスギアグリゴウドウガイシャ","⑦ 野菜果物販売業","","島根県安来市下坂田町977-1","",35.436382,133.231593,"","やすぎアグリ合同会社","6280003001549","島根県安来市下坂田町９７７－１","","","","","","","届出","",""
"032000","fBiz00005169420000000001","島根県","松江市","株式会社アルプロン","カブシキガイシャアルプロン","⑧ 米穀類販売業","飲食料品小売業","島根県雲南市加茂町南加茂1204番地1","株式会社アルプロン　島根工場",35.327180,132.906371,"0854-49-8286","株式会社アルプロン","4010401054788","島根県雲南市加茂町南加茂1204番地1","","","","","","","届出","",""
"032000","fBiz00005169420000000002","島根県","松江市","株式会社アルプロン","カブシキガイシャアルプロン","⑳ 精穀・製粉業","","島根県雲南市加茂町南加茂1204番地1","株式会社アルプロン　島根工場",35.327180,132.906371,"0854-49-8286","株式会社アルプロン","4010401054788","島根県雲南市加茂町南加茂1204番地1","","","","","","","届出","",""
"032000","fBiz00005190110000000002","島根県","松江市","","","㉔ その他の食料品製造・加工業","","","","","","","","","","","","","","","","届出","",""
"032000","fBiz00005190110000000039","島根県","松江市","","","⑫ 自動販売機による販売業（コップ式自動販売機（自動洗浄・屋内設置）及び営業許可の対象となる自動販売機を除く）","","","","","","","","","","","","","","","","届出","",""
"032000","fBiz00005190110000000288","島根県","松江市","","","⑫ 自動販売機による販売業（コップ式自動販売機（自動洗浄・屋内設置）及び営業許可の対象となる自動販売機を除く）","","","","","","","","","","","","","","","","届出","",""
"032000","fBiz00005190110000000605","島根県","松江市","","","⑫ 自動販売機による販売業（コップ式自動販売機（自動洗浄・屋内設置）及び営業許可の対象となる自動販売機を除く）","","","","","","","","","","","","","","","","届出","",""
"032000","fBiz00005224680000000001","島根県","松江市","カオコイコーヒー","カオコイコーヒー","⑯ コーヒー製造・加工業（飲料の製造を除く。）","","島根県隠岐郡海士町大字海士5006-2","",36.108071,133.110139,"09061713918","ロドリゲス拓海","","島根県隠岐郡海士町大字海士5006-2","","","","","","","届出","",""
"032000","fBiz00005227500000000001","島根県","松江市","上の台緑の村","ウエノダイミドリノムラ","① 飲食店営業","バーベキュー","島根県安来市伯太町高江寸次844-4","",35.313505,133.269073,"0854-38-0022","合同会社ラベンダーヒルズ上の台","9280003001884","島根県安来市伯太町高江寸次８４４番地４","松保第056号の0034",2024/10/08,2024/10/08,2024/10/08,2030/11/30,"","許可","特記事項なし",""
"032000","fBiz00005285440000000001","島根県","松江市","second coffee","セカンド　コーヒー","⑯ コーヒー製造・加工業（飲料の製造を除く。）","","","","","","","福田淳","","","","","","","","","届出","",""
"032000","fBiz00005294070000000011","島根県","松江市","","","⑦ 野菜果物販売業","焼き芋の移動販売","","","","","","","","","","","","","","","届出","",""
"032000","fBiz00005294070000000011","島根県","松江市","","","㉕ 行商","焼き芋の移動販売","","","","","","","","","","","","","","","届出","",""
"032000","fBiz00005326120000000001","島根県","松江市","ともにい","トモニイ","⑯ コーヒー製造・加工業（飲料の製造を除く。）","","島根県安来市汐手が丘７−４","汐彩ハイツ２１２",35.430023,133.270735,"09041437432","宇畑智之","","島根県安来市汐手が丘７−４汐彩ハイツ２１２","","","","","","","届出","",""
"032000","fBiz00005415620000000001","島根県","松江市","株式会社大東農産加工場","カブシキガイシャダイトウノウサンカコウジョウ","⑳ 精穀・製粉業","製粉業","島根県雲南市大東町飯田41012","",35.322241,132.957509,"0854436686","株式会社大東農産加工場","6280001005816","島根県雲南市大東町飯田４１番地１２","","","","","","","届出","",""
"032000","fBiz00005434750000000001","島根県","松江市","middle coffee","ミドルコーヒー","⑯ コーヒー製造・加工業（飲料の製造を除く。）","","島根県出雲市平野町638-4","",35.386216,132.737647,"","","","","","","","","","","届出","",""
"032000","fBiz00005438030000000001","島根県","松江市","","","③ 乳類販売業","","","","","","","","","","","","","","","","届出","",""
"032000","fBiz00005438030000000002","島根県","松江市","無人コンビニ勝馬屋栄町","ムジンコンビニカツマヤサカエマチ","③ 乳類販売業","","島根県隠岐郡隠岐の島町栄町214","",36.210794,133.330465,"","株式会社前川商会","3280001005430","島根県隠岐郡隠岐の島町有木月無４番地２７","","","","","","","届出","",""
"032000","fBiz00005500800000000002","島根県","松江市","slide珈琲焙煎","スライドコーヒーバイセン","⑯ コーヒー製造・加工業（飲料の製造を除く。）","自家焙煎珈琲豆販売","","","","","","","","","","","","","","","届出","",""
"032000","fBiz00005535480000000001","島根県","松江市","Qzouコーヒー","キューゾウコーヒー","⑯ コーヒー製造・加工業（飲料の製造を除く。）","ネットショップ","島根県益田市三宅町12-16","",34.677867,131.858676,"090-3748-1408","田中敏光","","島根県益田市三宅町12-16","","","","","","","届出","",""
"032000","fBiz00005669500000000002","島根県","松江市","GOGOファーム","ゴーゴーファーム","⑦ 野菜果物販売業","野菜販売","島根県江津市二宮町神主イ81","",34.972728,132.189396,"080-6234-5050","佐々木真紀","","島根県江津市二宮町神主イ4","","","","","","","届出","",""
"032000","fBiz00005682860000000004","島根県","松江市","Hamlet Coffee","ハムレットコーヒー","⑯ コーヒー製造・加工業（飲料の製造を除く。）","","島根県出雲市西代町394","",35.419398,132.805448,"08019067260","森山良太","","島根県出雲市西代町394","","","","","","","届出","",""
"032000","fBiz00005716390000000001","島根県","松江市","杉ノ内　孝太","スギノウチ　コウタ","⑦ 野菜果物販売業","個人販売","","","","","","","","","","","","","","","届出","",""
"032000","fBiz00005716390000000001","島根県","松江市","杉ノ内　孝太","スギノウチ　コウタ","⑧ 米穀類販売業","個人販売","","","","","","","","","","","","","","","届出","",""
"032000","fBiz00005782220000000008","島根県","松江市","九州惣菜　祇園　かも店","キュウシュウソウザイ　ギオン　カモテン","① 飲食店営業","","島根県雲南市加茂町加茂中882－1","",35.348167,132.904355,"0854498587","九州惣菜株式会社","5290801005255","福岡県北九州市門司区黄金町６番２８号","07-051-8042",2025/05/23,2025/05/23,2025/06/01,2030/05/31,"","許可","",""
"032000","fBiz00005782220000000010","島根県","松江市","九州惣菜　祇園　きじま店","キュウシュウソウザイ　ギオン　キジマテン","① 飲食店営業","","島根県飯石郡飯南町野萱311‐1","",35.034641,132.743128,"0854762577","九州惣菜株式会社","5290801005255","福岡県北九州市門司区黄金町６番２８号","07-051-8027",2025/05/23,2025/05/23,2025/06/01,2030/05/31,"","許可","",""
"032000","fBiz00005815310000000005","島根県","松江市","森田 祐次","モリタユウジ","㉔ その他の食料品製造・加工業","","島根県大田市仁摩町馬路432-3","",35.125789,132.386682,"07039815505","森田祐次","","島根県大田市仁摩町馬路432-3","","","","","","","届出","",""
"032000","fBiz00005853360000000213","島根県","松江市","出雲下沢営業所","イズモシモザワエイギョウショ","㉖ 集団給食施設","集団給食施設(デイサービス)","島根県出雲市上塩冶町２６５５－２","",35.356435,132.761413,"0853-20-1120","株式会社ツクイ","1020001136162","神奈川県横浜市港南区上大岡西1丁目6番1号","","","","","","","届出","",""
"032000","fBiz00005904100000000003","島根県","松江市","川崎","カワサキ","㉔ その他の食料品製造・加工業","採種業、その他の食品製造・加工業","島根県隠岐郡知夫村仁夫2274","",36.013922,133.039530,"08023794576","橋谷潤","","島根県隠岐郡知夫村２２７４　川崎","","","","","","","届出","",""
"032000","fBiz00005975860000000001","島根県","松江市","つなかけ","ツナカケ","③ 乳類販売業","","島根県隠岐郡海士町大字海士1521-1","",36.097596,133.099019,"0851420717","株式会社隠岐桜風舎","9280001007116","島根県隠岐郡海士町大字海士１７８４番地","","","","","","","届出","",""
"032000","fBiz00005996190000000002","島根県","松江市","","","① 飲食店営業","","","","","","","","","","070510014",2025/07/23,2025/07/23,2025/07/23,2030/11/30,"","許可","",""
"032000","fBiz00006024890000000158","島根県","松江市","コメリハードアンドグリーン江津店","コメリハードアンドグリーンゴウツテン","⑧ 米穀類販売業","ホームセンター","島根県江津市敬川町１２６４番１","",34.977848,132.176021,"0855-54-3250","株式会社コメリ","9110001002050","新潟県新潟市南区清水４５０１番地１","","","","","","","届出","",""
"032000","fBiz00006024890000000168","島根県","松江市","コメリハードアンドグリーン西益田店","コメリハードアンドグリーンニシマスダテン","⑧ 米穀類販売業","ホームセンター","島根県益田市横田町２５４３番地","",34.635470,131.797938,"0856-31-5088","株式会社コメリ","9110001002050","新潟県新潟市南区清水４５０１番地１","","","","","","","届出","",""
"032000","fBiz00006024890000000202","島根県","松江市","コメリハードアンドグリーン出雲大東店","コメリハードアンドグリーンイズモダイトウテン","⑧ 米穀類販売業","ホームセンター","島根県雲南市大東町大東１３街区４－１","",35.327718,132.967080,"0854-43-8060","株式会社コメリ","9110001002050","新潟県新潟市南区清水４５０１番地１","","","","","","","届出","",""
"032000","fBiz00006024890000000205","島根県","松江市","コメリハードアンドグリーン古志店","コメリハードアンドグリーンコシテン","⑧ 米穀類販売業","ホームセンター","島根県出雲市古志町１０５１－１","",35.342481,132.739757,"0853-20-0541","株式会社コメリ","9110001002050","新潟県新潟市南区清水４５０１番地１","","","","","","","届出","",""
"032000","fBiz00006024890000000247","島根県","松江市","コメリハードアンドグリーン掛合店","コメリハードアンドグリーンカケヤテン","⑧ 米穀類販売業","ホームセンター","島根県雲南市掛合町掛合８３９番３","",35.194941,132.818906,"0854-62-9505","株式会社コメリ","9110001002050","新潟県新潟市南区清水４５０１番地１","","","","","","","届出","",""
"032000","fBiz00006024890000000249","島根県","松江市","コメリハードアンドグリーン広瀬店","コメリハードアンドグリーンヒロセテン","⑧ 米穀類販売業","ホームセンター","島根県安来市広瀬町石原４７８番１","",35.378166,133.187575,"0854-32-9111","株式会社コメリ","9110001002050","新潟県新潟市南区清水４５０１番地１","","","","","","","届出","",""
"032000","fBiz00006026570000000001","島根県","松江市","ケンタウル珈琲焙煎所","ケンタウルコーヒーバイセンジョ","⑯ コーヒー製造・加工業（飲料の製造を除く。）","","島根県出雲市高岡町90","嘉儀アパート1",35.379159,132.759632,"","太田貴之","","","","","","","","","届出","",""
