"自治体コード","行番号","都道府県名","市区町村名","営業施設名称、屋号又は商号","営業施設名称、屋号又は商号（フリガナ）","営業の種類","業態","営業施設所在地","営業施設方書","緯度","経度","営業施設電話番号","法人名","法人番号","法人住所","許可番号","初回許可年月日","許可年月日","許可開始日","許可満了日","廃業年月日","申請区分","許可条件","備考"
"043100","fBiz00000105600000000011","熊本県","熊本市中央区","","","③ 乳類販売業","","","","","","","","","","","","","","","","届出","",""
"043100","fBiz00000105600000000018","熊本県","熊本市中央区","","","③ 乳類販売業","ドラッグストア","熊本県熊本市北区龍田九丁目4番39号","",32.844886,130.762574,"","","","","","","","","","","届出","",""
"043100","fBiz00000105600000000018","熊本県","熊本市中央区","","","⑬ その他の食料・飲料販売業","ドラッグストア","熊本県熊本市北区龍田九丁目4番39号","",32.844886,130.762574,"","","","","","","","","","","届出","",""
"043100","fBiz00000105600000000024","熊本県","熊本市中央区","","","⑫ 自動販売機による販売業（コップ式自動販売機（自動洗浄・屋内設置）及び営業許可の対象となる自動販売機を除く）","ドラッグストア","","","","","","","","","","","","","","","届出","",""
"043100","fBiz00000105600000000026","熊本県","熊本市中央区","","","② 食肉販売業（包装済みの食肉のみの販売）","ドラッグストア","","","","","","","","","","","","","","","届出","",""
"043100","fBiz00000105600000000039","熊本県","熊本市中央区","","","⑪ 百貨店、総合スーパー","ドラッグストア","","","","","","","","","","","","","","","届出","",""
"043100","fBiz00000105600000000058","熊本県","熊本市中央区","","","⑪ 百貨店、総合スーパー","ドラッグストア","","","","","","","","","","","","","","","届出","",""
"043100","fBiz00000105600000000064","熊本県","熊本市中央区","","","⑪ 百貨店、総合スーパー","ドラッグストア","","","","","","","","","","","","","","","届出","",""
"043100","fBiz00000108410000000314","熊本県","熊本市中央区","24H Fitness Gym Fit Clear","ニジュウヨンエイチ フィットネスジム フィットクリア","⑤ コップ式自動販売機（自動洗浄・屋内設置）","","熊本県熊本市北区高平3丁目39-20","",32.838725,130.716490,"096-245-7688","株式会社朋コーポレーション","1010601025096","東京都墨田区錦糸１丁目２番１号アルカセントラル５階","","","","","","","届出","",""
"043100","fBiz00000108410000000872","熊本県","熊本市中央区","ホットヨガスタジオLAVA熊本上通り","ホットヨガスタジオラバクマモトカミドオリ","⑫ 自動販売機による販売業（コップ式自動販売機（自動洗浄・屋内設置）及び営業許可の対象となる自動販売機を除く）","","熊本県熊本市中央区城東町2-18　","求人案内通町ビル3階",32.803715,130.709736,"096-312-2286","株式会社朋コーポレーション","1010601025096","東京都墨田区錦糸１丁目２番１号アルカセントラル５階","","","","","","","届出","",""
"043100","fBiz00000108410000000985","熊本県","熊本市中央区","マシンピラティススタジオRintosullゆめタウンサンピアン","マシンピラティススタジオリントスルユメタウンサンピアン","⑫ 自動販売機による販売業（コップ式自動販売機（自動洗浄・屋内設置）及び営業許可の対象となる自動販売機を除く）","","熊本県熊本市東区上南部2-2-2","ゆめタウンサンピアン2F",32.827176,130.763524,"","株式会社朋コーポレーション","1010601025096","東京都墨田区錦糸１丁目２番１号アルカセントラル５階","","","","","","","届出","",""
"043100","fBiz00000108410000001429","熊本県","熊本市中央区","ドン・キホーテ南熊本","ドン・キホーテクマモトミナミ","⑤ コップ式自動販売機（自動洗浄・屋内設置）","","熊本県熊本市中央区南熊本1-9-25 ","",32.790040,130.710955,"","株式会社朋コーポレーション","1010601025096","東京都墨田区錦糸１丁目２番１号アルカセントラル５階","","","","","","","届出","",""
"043100","fBiz00000108410000001634","熊本県","熊本市中央区","フィットプレイス熊本中野","フィットプレイスクマモトナカノ","⑫ 自動販売機による販売業（コップ式自動販売機（自動洗浄・屋内設置）及び営業許可の対象となる自動販売機を除く）","水素水サーバー","熊本県熊本市西区野中1-8-10","",32.776042,130.679197,"","株式会社朋コーポレーション","1010601025096","東京都墨田区錦糸１丁目２番１号アルカセントラル５階","","","","","","","届出","",""
"043100","fBiz00000108900000000002","熊本県","熊本市中央区","","","② 食肉販売業（包装済みの食肉のみの販売）","食品販売","","","","","","","","","","","","","","","届出","",""
"043100","fBiz00000108900000000002","熊本県","熊本市中央区","","","⑬ その他の食料・飲料販売業","食品販売","","","","","","","","","","","","","","","届出","",""
"043100","fBiz00000110450000000001","熊本県","熊本市中央区","日本ストロー株式会社　熊本工場","ニッポンストローカブシキガイシャ　クマモトコウジョウ","㉗ 器具、容器包装の製造・加工業（合成樹脂が使用された器具又は容器包装の製造、加工に限る。）","","熊本県熊本市東区戸島西７丁目４番８号","",32.803455,130.785973,"0963670001","日本ストロー株式会社","3010701026307","東京都品川区大崎５丁目１番１１号","","","","","","","届出","",""
"043100","fBiz00000110900000000035","熊本県","熊本市中央区","KITANO ACE　アミュプラザくまもと店","キタノエース　アミュプラザクマモトテン","⑬ その他の食料・飲料販売業","スーパーマーケット","熊本県熊本市西区春日3-15-26","アミュプラザくまもと1階",32.788826,130.688761,"0963426384","株式会社エース","9140001078096","兵庫県伊丹市中央四丁目6番24号","","","","","","","届出","",""
"043100","fBiz00000111530000000001","熊本県","熊本市中央区","","","⑬ その他の食料・飲料販売業","販売業","","","","","","","","","","","","","","","届出","",""
"043100","fBiz00000111530000000001","熊本県","熊本市中央区","","","⑭ 添加物製造・加工業（法第13 条第１項の規定により規格が定められた添加物の製造を除く。）","販売業","","","","","","","","","","","","","","","届出","",""
"043100","fBiz00000115920000000104","熊本県","熊本市中央区","カルディコーヒーファーム　ゆめタウンはません店","カルディコーヒーファーム　ユメタウンハマセンテン","⑬ その他の食料・飲料販売業","食品販売","熊本県熊本市南区田井島1-2-1　","ゆめタウンはません　1Ｆ",32.770108,130.727817,"096-377-5255","株式会社キャメル珈琲","6010901003292","東京都世田谷区代田2-31-8","","","","","","","届出","",""
"043100","fBiz00000115920000000107","熊本県","熊本市中央区","カルディコーヒーファーム　サクラマチ店","カルディコーヒーファーム　サクラマチテン","⑬ その他の食料・飲料販売業","食品販売","熊本県熊本市中央区桜町3-10 ","SAKURA MACHI Kumamoto B1F",32.800526,130.703635,"096-312-5770","株式会社キャメル珈琲","6010901003292","東京都世田谷区代田2-31-8","","","","","","","届出","",""
"043100","fBiz00000116300000000001","熊本県","熊本市中央区","","","㉖ 集団給食施設","","","","","","","","","","","","","","","","届出","",""
"043100","fBiz00000116300000000003","熊本県","熊本市中央区","","","㉖ 集団給食施設","","","","","","","","","","","","","","","","届出","",""
"043100","fBiz00000116300000000004","熊本県","熊本市中央区","","","㉖ 集団給食施設","","","","","","","","","","","","","","","","届出","",""
"043100","fBiz00000116300000000006","熊本県","熊本市中央区","","","㉖ 集団給食施設","","","","","","","","","","","","","","","","届出","",""
"043100","fBiz00000116300000000007","熊本県","熊本市中央区","M's BAR 301","エムズ　バー　サンマルイチ","① 飲食店営業","","熊本県熊本市中央区水前寺1丁目11-21","水前寺望星ビル3階",32.794343,130.729812,"096-372-0008","株式会社望星","5330001004210","熊本県熊本市中央区大江１丁目１０番２５号","指令（食保）第51297号",2022/02/28,2022/02/28,2022/03/01,2028/02/29,"","許可","なし",""
"043100","fBiz00000116300000000008","熊本県","熊本市中央区","フードバー　エムズ","フードバー　エムズ","① 飲食店営業","","熊本県熊本市中央区水前寺1丁目11-21","",32.794343,130.729812,"096-213-1118","株式会社望星","5330001004210","熊本県熊本市中央区大江１丁目１０番２５号","指令（食保）第51067号",2024/02/20,2024/02/20,2024/03/01,2030/02/28,"","許可","",""
"043100","fBiz00000121220000000002","熊本県","熊本市中央区","MONARIO","モナリオ","① 飲食店営業","","熊本県熊本市中央区熊本県内一円","",32.802657,130.725995,"096-288-4777","株式会社ＭＯＮＡＲＩＯキャピタルフーズ","7330001014430","熊本県葦北郡芦北町大字花岡３０９番地５４","指令（食保）第50333号",2022/11/16,2022/11/16,2022/12/01,2027/11/30,"","許可","簡易な営業の飲食店(仮設)営業",""
"043100","fBiz00000123210000000001","熊本県","熊本市中央区","LAUGH Fit","ラフィット","⑬ その他の食料・飲料販売業","冷凍販売業","熊本県熊本市南区野口3丁目18ー46","グランベージェ２F",32.765361,130.668830,"0962402532","宮本兼成","","熊本県熊本市南区野口3丁目18-46","","","","","","","届出","",""
"043100","fBiz00000128780000000002","熊本県","熊本市中央区","日吉こめ蔵　こめよし","ヒヨシコメクラ　コメヨシ","⑧ 米穀類販売業","米穀小売業","熊本県熊本市南区日吉1丁目7番26号","",32.760354,130.687451,"0963584859","藤木米穀株式会社","3330001004063","熊本県熊本市西区田崎３丁目３番２０号","","","","","","","届出","",""
"043100","fBiz00000129180000001175","熊本県","熊本市中央区","ダイソー　熊本麻生田店","ダイソー　クマモトアソウダテン","⑬ その他の食料・飲料販売業","","熊本県熊本市北区麻生田１丁目２－１０","",32.846787,130.741850,"","株式会社大創産業","7240001022681","広島県東広島市西条吉行東一丁目4番14号","","","","","","","届出","",""
"043100","fBiz00000129180000001182","熊本県","熊本市中央区","ダイソー　熊本帯山店","ダイソー　クマモトオビヤマテン","⑬ その他の食料・飲料販売業","","熊本県熊本市中央区帯山７丁目８６６－６","",32.805397,130.758608,"","株式会社大創産業","7240001022681","広島県東広島市西条吉行東一丁目4番14号","","","","","","","届出","",""
"043100","fBiz00000129180000001622","熊本県","熊本市中央区","ダイソー　健軍店","ダイソー　ケングンテン","⑬ その他の食料・飲料販売業","","熊本県熊本市東区若葉１丁目３６－１９","",32.777382,130.761356,"","株式会社大創産業","7240001022681","広島県東広島市西条吉行東一丁目４番１４号","","","","","","","届出","",""
"043100","fBiz00000129180000001624","熊本県","熊本市中央区","ダイソー　熊本花立店","ダイソー　クマモトハナダテン","⑬ その他の食料・飲料販売業","","熊本県熊本市東区花立３丁目１６－１３","",32.782776,130.773939,"","株式会社大創産業","7240001022681","広島県東広島市西条吉行東一丁目4番14号","","","","","","","届出","",""
"043100","fBiz00000129180000001625","熊本県","熊本市中央区","ダイソー　フレスポくまもく店","ダイソー　フレスポクマモクテン","⑬ その他の食料・飲料販売業","","熊本県熊本市中央区萩原町２－９","フレスポくまもく店内",32.783701,130.710205,"","株式会社大創産業","7240001022681","広島県東広島市西条吉行東一丁目4番14号","","","","","","","届出","",""
"043100","fBiz00000129180000001628","熊本県","熊本市中央区","ダイソー　熊本城南店","ダイソー　クマモトジョウナンテン","⑬ その他の食料・飲料販売業","","熊本県熊本市南区城南町阿高３１５－１","",32.699480,130.728609,"","株式会社大創産業","7240001022681","広島県東広島市西条吉行東一丁目4番14号","","","","","","","届出","",""
"043100","fBiz00000129180000001629","熊本県","熊本市中央区","ダイソー　熊本新託麻店","ダイソー　クマモトシンタクマテン","⑬ その他の食料・飲料販売業","","熊本県熊本市東区小山２丁目６１２－１","",32.828851,130.788054,"","株式会社大創産業","7240001022681","広島県東広島市西条吉行東一丁目４番１４号","","","","","","","届出","",""
"043100","fBiz00000129180000001630","熊本県","熊本市中央区","ダイソー　熊本駕町通り店","ダイソー　クマモトカゴマチトオリテン","⑬ その他の食料・飲料販売業","","熊本県熊本市中央区安政町１－６","",32.802104,130.710021,"","株式会社大創産業","7240001022681","広島県東広島市西条吉行東一丁目４番１４号","","","","","","","届出","",""
"043100","fBiz00000129180000001634","熊本県","熊本市中央区","ダイソー　イオンタウン熊本田崎店","ダイソー　イオンタウンクマモトタサキテン","⑬ その他の食料・飲料販売業","","熊本県熊本市西区田崎町字下寄３８０番","",32.782356,130.677187,"","株式会社大創産業","7240001022681","広島県東広島市西条吉行東一丁目4番14号","","","","","","","届出","",""
"043100","fBiz00000129180000001636","熊本県","熊本市中央区","ダイソー　ＳＡＫＵＲＡ　ＭＡＣＨＩ　Ｋｕｍａｍｏｔｏ店","ダイソー　サクラマチクマモトテン","⑬ その他の食料・飲料販売業","","熊本県熊本市中央区桜町３番１３号","サクラマチクマモト店３階",32.800591,130.703498,"","株式会社大創産業","7240001022681","広島県東広島市西条吉行東一丁目4番14号","","","","","","","届出","",""
"043100","fBiz00000129320000000001","熊本県","熊本市中央区","昆虫食のガチャガチャ　ムシガチャ","コンチュウショクノガチャガチャ　ムシガチャ","㉙ その他","","熊本県熊本市中央区帯山3丁目38-15","アメニティハイツ1階",32.797369,130.748955,"096-288-6677","澤口信政","","熊本県熊本市中央区帯山3丁目38-15 アメニティハイツ京塚1階","","","","","","","届出","",""
"043100","fBiz00000131540000000002","熊本県","熊本市中央区","","","⑨ 通信販売・訪問販売による販売業","","","","","","","","","","","","","","","","届出","",""
"043100","fBiz00000131540000000002","熊本県","熊本市中央区","","","⑬ その他の食料・飲料販売業","","","","","","","","","","","","","","","","届出","",""
"043100","fBiz00000131540000000002","熊本県","熊本市中央区","","","⑳ 精穀・製粉業","","","","","","","","","","","","","","","","届出","",""
"043100","fBiz00000131540000000002","熊本県","熊本市中央区","","","㉔ その他の食料品製造・加工業","","","","","","","","","","","","","","","","届出","",""
"043100","fBiz00000132720000000006","熊本県","熊本市中央区","(株)九州フードサプライセンター","キュウシュウフードサプライセンター","⑬ その他の食料・飲料販売業","小売業","熊本県熊本市北区貢町780-10","",32.844938,130.695607,"096-215-9901","株式会社九州フードサプライセンター","7330001001197","熊本県熊本市北区貢町780-10","","","","","","","届出","",""
"043100","fBiz00000139870000000213","熊本県","熊本市中央区","快活CLUB　FiT24熊本長嶺店","カイカツクラブ　フィットニジュウヨンナガミネテン","⑫ 自動販売機による販売業（コップ式自動販売機（自動洗浄・屋内設置）及び営業許可の対象となる自動販売機を除く）","","熊本県熊本市東区長嶺南3丁目9-1","","","","","株式会社ドクターズ・マン","5010401058417","神奈川県横浜市青葉区美しが丘２丁目１４番地５","","","","","","","届出","",""
"043100","fBiz00000153730000000001","熊本県","熊本市中央区","くまでんショップ","クマデンショップ","⑬ その他の食料・飲料販売業","小売業","熊本県熊本市北区室園町1-1","くまでんＳＨＯＰ",32.825308,130.722198,"0963433838","熊本電気鉄道株式会社","1330001001517","熊本県熊本市中央区黒髪3-7-29","","","","","","","届出","",""
"043100","fBiz00000139870000000241","熊本県","熊本市中央区","FiT24　熊本近見店","フィットニジュウヨンクマモトチカミテン","⑫ 自動販売機による販売業（コップ式自動販売機（自動洗浄・屋内設置）及び営業許可の対象となる自動販売機を除く）","","熊本県熊本市南区近見6-20-55","",32.762965,130.694504,"","株式会社ドクターズ・マン","5010401058417","神奈川県横浜市青葉区美しが丘２丁目１４番地５","","","","","","","届出","",""
"043100","fBiz00000139870000000798","熊本県","熊本市中央区","ECO FIT24熊本戸島","エコフィットニジュウヨンクマモトトシマ","⑫ 自動販売機による販売業（コップ式自動販売機（自動洗浄・屋内設置）及び営業許可の対象となる自動販売機を除く）","","熊本県熊本市東区戸島西5丁目1-10　3階","",32.813016,130.790296,"","株式会社ドクターズ・マン","5010401058417","神奈川県横浜市青葉区美しが丘２丁目１４番地５","","","","","","","届出","",""
"043100","fBiz00000139870000000998","熊本県","熊本市中央区","FiT24ﾜﾝﾀﾞｰｼﾃｨ南熊本店","フィットニジュウヨンワンダーシティミナミクマモトテン","⑫ 自動販売機による販売業（コップ式自動販売機（自動洗浄・屋内設置）及び営業許可の対象となる自動販売機を除く）","","熊本県熊本市中央区九品寺6丁目9-43","",32.787430,130.715136,"","株式会社ドクターズ・マン","5010401058417","神奈川県横浜市青葉区美しが丘2-14-5","","","","","","","届出","",""
"043100","fBiz00000141890000000308","熊本県","熊本市中央区","ダイナム植木店","ダイナムウエキテン","⑤ コップ式自動販売機（自動洗浄・屋内設置）","","熊本県熊本市北区植木町岩野字福天神1793番地","",32.907692,130.698034,"03-3802-8141","株式会社日本ヒュウマップ","4011501008097","東京都荒川区西日暮里5丁目15番7","","","","","","","届出","",""
"043100","fBiz00000141890000000312","熊本県","熊本市中央区","ダイナム熊本二本木店","ダイナムクマモトニホンギテン","⑤ コップ式自動販売機（自動洗浄・屋内設置）","","熊本県熊本市西区二本木1丁目3番15号","",32.787938,130.691673,"03-3802-8141","株式会社日本ヒュウマップ","4011501008097","東京都荒川区西日暮里5丁目15番7","","","","","","","届出","",""
"043100","fBiz00000141890000000319","熊本県","熊本市中央区","ダイナム熊本戸島店","ダイナムクマモトトシマテン","⑤ コップ式自動販売機（自動洗浄・屋内設置）","","熊本県熊本市東区戸島西五丁目1番20号","",32.813998,130.791283,"070-1455-6410","株式会社日本ヒュウマップ","4011501008097","東京都荒川区西日暮里5丁目15番7","","","","","","","届出","",""
"043100","fBiz00000141890000000320","熊本県","熊本市中央区","ダイナム熊本戸島店","ダイナムクマモトトシマテン","⑤ コップ式自動販売機（自動洗浄・屋内設置）","","熊本県熊本市東区戸島西五丁目1番20号","",32.813998,130.791283,"070-1455-6410","株式会社日本ヒュウマップ","4011501008097","東京都荒川区西日暮里5丁目15番7","","","","","","","届出","",""
"043100","fBiz00000141890000000524","熊本県","熊本市中央区","めん六や熊本戸島店","メンロクヤクマモトトシマテン","① 飲食店営業","一般食堂A","熊本県熊本市東区戸島西五丁目1番20号","",32.813998,130.791283,"070-1455-6410","株式会社日本ヒュウマップ","4011501008097","東京都荒川区西日暮里5丁目15番7","指令（食保）第51496号",2024/07/24,2024/07/24,2024/09/01,2030/08/31,"","許可","",""
"043100","fBiz00000142350000000005","熊本県","熊本市中央区","フレッシュフルーツメイト植木店","フレッシュフルーツメイトウエキテン","⑦ 野菜果物販売業","","熊本県熊本市北区植木町滴水13-1","",32.893772,130.676553,"0962-88-5513","有限会社フレッシュフルーツメイト","5290002050992","福岡県久留米市御井旗崎4-2-26","","","","","","","届出","",""
"043100","fBiz00000145420000000484","熊本県","熊本市中央区","アタックス龍田店　清流物語","アタックスタツタテン　セイリュウモノガタリ","⑫ 自動販売機による販売業（コップ式自動販売機（自動洗浄・屋内設置）及び営業許可の対象となる自動販売機を除く）","水の量り売り自動販売機","熊本県熊本市北区龍田１丁目2-16","",32.829385,130.755235,"","ビーエスエス株式会社","3010001122467","東京都江東区有明3丁目6番11号","","","","","","","届出","",""
"043100","fBiz00000146310000000796","熊本県","熊本市中央区","スターバックスコーヒー熊本インターチェンジ店","スターバックスコーヒークマモトインターチェンジテン","⑬ その他の食料・飲料販売業","喫茶店","熊本県熊本市東区神園1-1-6","",32.837191,130.778794,"096-388-5311","スターバックスコーヒージャパン株式会社","7011001031943","東京都品川区上大崎2-25-2","","","","","","","届出","",""
"043100","fBiz00000146310000000812","熊本県","熊本市中央区","スターバックスコーヒーゆめタウンはません店","スターバックスコーヒーユメタウンハマセンテン","⑬ その他の食料・飲料販売業","喫茶店","熊本県熊本市南区田井島1-2-1","",32.771653,130.726312,"096-214-3011","スターバックスコーヒージャパン株式会社","7011001031943","東京都品川区上大崎2-25-2","","","","","","","届出","",""
"043100","fBiz00000146310000000822","熊本県","熊本市中央区","スターバックスコーヒー熊本Ｎｅｗ－Ｓ店","スターバックスコーヒークマモトニューズテン","⑬ その他の食料・飲料販売業","喫茶店","熊本県熊本市中央区上通町2-2","びぷれす熊日会館New-S店",32.803359,130.710724,"096-327-5077","スターバックスコーヒージャパン株式会社","7011001031943","東京都品川区上大崎2-25-2","","","","","","","届出","",""
"043100","fBiz00000146310000000840","熊本県","熊本市中央区","スターバックスコーヒー熊本大江店","スターバックスコーヒークマモトオオエテン","⑬ その他の食料・飲料販売業","喫茶店","熊本県熊本市中央区大江3-2-33","",32.804210,130.725899,"096-366-2177","スターバックスコーヒージャパン株式会社","7011001031943","東京都品川区上大崎2-25-2","","","","","","","届出","",""
"043100","fBiz00000146310000000865","熊本県","熊本市中央区","スターバックスコーヒー熊本シャワー通り店","スターバックスコーヒークマモトシャワードオリテン","⑬ その他の食料・飲料販売業","喫茶店","熊本県熊本市中央区下通2-3-1","エスキュービック1F",32.798672,130.707588,"096-327-5755","スターバックスコーヒージャパン株式会社","7011001031943","東京都品川区上大崎2-25-2","","","","","","","届出","",""
"043100","fBiz00000146310000000935","熊本県","熊本市中央区","スターバックスコーヒー熊本帯山店","スターバックスコーヒークマモトオビヤマテン","⑬ その他の食料・飲料販売業","喫茶店","熊本県熊本市中央区帯山9-2-5","",32.804879,130.760103,"096-273-9580","スターバックスコーヒージャパン株式会社","7011001031943","東京都品川区上大崎2-25-2","","","","","","","届出","",""
"043100","fBiz00000146310000000941","熊本県","熊本市中央区","スターバックスコーヒーサクラマチ 熊本店","スターバックスコーヒーサクラマチクマモトテン","⑬ その他の食料・飲料販売業","喫茶店","熊本県熊本市中央区桜町3-10","SAKURA MACHI Kumamoto 2F",32.800370,130.703729,"096-285-1211","スターバックスコーヒージャパン株式会社","7011001031943","東京都品川区上大崎2-25-2","","","","","","","届出","",""
"043100","fBiz00000146310000001723","熊本県","熊本市中央区","スターバックスコーヒー熊本益城インターチェンジ店","スターバックスコーヒークマモトマシキインターチェンジテン","⑬ その他の食料・飲料販売業","喫茶店","熊本県熊本市東区佐土原2丁目4-160","",32.790738,130.779263,"096-273-9234","スターバックスコーヒージャパン株式会社","7011001031943","東京都品川区上大崎2-25-2","","","","","","","届出","",""
"043100","fBiz00000146310000002050","熊本県","熊本市中央区","スターバックスコーヒー熊本清水店","スターバックスコーヒークマモトシミズテン","① 飲食店営業","","熊本県熊本市北区高平2丁目25番39号","",32.835897,130.719583,"096-288-2632","スターバックスコーヒージャパン株式会社","7011001031943","東京都品川区上大崎2-25-2","指令（食保）第51004号",2024/01/30,2024/01/30,2024/01/30,2030/02/28,"","許可","なし",""
"043100","fBiz00000146310000002051","熊本県","熊本市中央区","スターバックスコーヒー熊本清水店","スターバックスコーヒークマモトシミズテン","⑬ その他の食料・飲料販売業","喫茶店","熊本県熊本市北区高平2丁目25番39号","",32.835897,130.719583,"096-288-2632","スターバックスコーヒージャパン株式会社","7011001031943","東京都品川区上大崎2-25-2","","","","","","","届出","",""
"043100","fBiz00000146310000002352","熊本県","熊本市中央区","スターバックスコーヒー北熊本サービスエリア(上り線)店","スターバックスコーヒーキタクマモトサービスエリアノボリセンテン","① 飲食店営業","カフェ","熊本県熊本市北区改寄町1199","九州自動車道 北熊本サービスエリア （上り線）",32.894930,130.718026,"096-247-6866","スターバックスコーヒージャパン株式会社","7011001031943","東京都品川区上大崎2-25-2","指令（食保）第51699号",2024/12/05,2024/12/05,2024/12/05,2032/02/29,"","許可","",""
"043100","fBiz00000146310000002354","熊本県","熊本市中央区","スターバックスコーヒー北熊本サービスエリア(上り線)店","スターバックスコーヒーキタクマモトサービスエリアノボリセンテン","⑬ その他の食料・飲料販売業","喫茶店","熊本県熊本市北区改寄町1199","九州自動車道 北熊本サービスエリア （上り線）",32.894930,130.718026,"096-247-6866","スターバックスコーヒージャパン株式会社","7011001031943","東京都品川区上大崎2-25-2","","","","","","","届出","",""
"043100","fBiz00000147300000000021","熊本県","熊本市中央区","","","⑬ その他の食料・飲料販売業","","","","","","","","","","","","","","","","届出","",""
"043100","fBiz00000149710000000100","熊本県","熊本市中央区","ジュピター　HAB@熊本店","ジュピター　ハブアットクマモトテン","⑪ 百貨店、総合スーパー","","熊本県熊本市中央区手取本町5-1","HAB@熊本　102区画",32.802792,130.710067,"096-276-6151","","","","","","","","","","届出","",""
"043100","fBiz00000150610000000001","熊本県","熊本市中央区","株式会社杉養蜂園","カブシキガイシャスギヨウホウエン","㉔ その他の食料品製造・加工業","はちみつ等の製造・加工","熊本県熊本市北区貢町571-15","",32.848823,130.693942,"096-245-5538","株式会社杉養蜂園","5330001002478","熊本県熊本市北区貢町571番地15","","","","","","","届出","",""
"043100","fBiz00000150610000000002","熊本県","熊本市中央区","杉養蜂園　鶴屋プロパー店","スギヨウホウエン　ツルヤプロパーテン","⑬ その他の食料・飲料販売業","小売業","熊本県熊本市中央区手取本町6-1地下1階","鶴屋百貨店内",32.802375,130.711039,"096-327-3218","株式会社杉養蜂園","5330001002478","熊本県熊本市北区貢町571番地15","","","","","","","届出","",""
"043100","fBiz00000150610000000003","熊本県","熊本市中央区","杉養蜂園　熊本駅肥後よかモン市場店","スギヨウホウエン　クマモトエキヒゴヨカモンイチバテン","⑬ その他の食料・飲料販売業","小売業","熊本県熊本市西区春日3-15-30","",32.789875,130.688258,"096-355-8238","株式会社杉養蜂園","5330001002478","熊本県熊本市北区貢町571番地15","","","","","","","届出","",""
"043100","fBiz00000150610000000004","熊本県","熊本市中央区","杉養蜂園　SAKURAMACHIKumamoto店","スギヨウホウエン　サクラマチクマモトテン","⑬ その他の食料・飲料販売業","小売業","熊本県熊本市中央区桜町3-10地下1階","SAKURAMACHI Kumamoto",32.800370,130.703729,"096-322-6588","株式会社杉養蜂園","5330001002478","熊本県熊本市北区貢町571番地15","","","","","","","届出","",""
"043100","fBiz00000150610000000008","熊本県","熊本市中央区","杉養蜂園　水前寺公園店","スギヨウホウエン　スイゼンジコウエンテン","⑬ その他の食料・飲料販売業","小売業","熊本県熊本市中央区水前寺公園7-2","",32.791050,130.733004,"096-385-8538","株式会社杉養蜂園","5330001002478","熊本県熊本市北区貢町571番地15","","","","","","","届出","",""
"043100","fBiz00000150610000000009","熊本県","熊本市中央区","杉養蜂園　SUBACO HONEY SHOP","スギヨウホウエン　スバコ　ハニー　ショップ","⑬ その他の食料・飲料販売業","小売業","熊本県熊本市北区貢町571-15","",32.848823,130.693942,"096-245-4538","株式会社杉養蜂園","5330001002478","熊本県熊本市北区貢町571番地15","","","","","","","届出","",""
"043100","fBiz00000150610000000010","熊本県","熊本市中央区","杉養蜂園　熊本城桜の馬場城彩苑店","スギヨウホウエン　クマモトジョウサクラノババジョウサイエンテン","⑬ その他の食料・飲料販売業","小売業","熊本県熊本市中央区二の丸1-1　城彩苑内","",32.803428,130.703601,"096-351-3838","株式会社杉養蜂園","5330001002478","熊本県熊本市北区貢町571番地15","","","","","","","届出","",""
"043100","fBiz00000150610000000013","熊本県","熊本市中央区","杉養蜂園　ゆめタウンはません店","スギヨウホウエン　ユメタウンハマセンテン","⑬ その他の食料・飲料販売業","小売業","熊本県熊本市南区田井島1-2-1　ゆめタウンはません店内1F","",32.771739,130.726642,"096-379-0038","株式会社杉養蜂園","5330001002478","熊本県熊本市北区貢町571番地15","","","","","","","届出","",""
"043100","fBiz00000152100000000001","熊本県","熊本市中央区","上妻八百屋","コウヅマヤオヤ","⑦ 野菜果物販売業","小売り","熊本県熊本市西区春日３－９－１","",32.792112,130.687856,"","有限会社上商","3330002005341","熊本県熊本市西区春日３丁目９番１号","","","","","","","届出","",""
"043100","fBiz00000152250000000001","熊本県","熊本市中央区","株式会社九州オークラ","カブシキガイシャキュウシュウオークラ","㉗ 器具、容器包装の製造・加工業（合成樹脂が使用された器具又は容器包装の製造、加工に限る。）","","熊本県熊本市北区植木町山本1694番地6","",32.923983,130.672590,"096-272-6735","株式会社九州オークラ","3330001010549","熊本県熊本市北区植木町山本1694番地6","","","","","","","届出","",""
"043100","fBiz00000152680000000001","熊本県","熊本市中央区","","","㉙ その他","貯蔵のみの営業","","","","","","","","","","","","","","","届出","",""
"043100","fBiz00000153670000000001","熊本県","熊本市中央区","有限会社林酒店","ユウゲンガイシャハヤシサケテン","⑬ その他の食料・飲料販売業","酒販店","熊本県熊本市南区八幡6丁目4-12","",32.745163,130.682420,"096-357-9075","有限会社林酒店","7330002008423","熊本県熊本市南区八幡6-4-12","","","","","","","届出","",""
"043100","fBiz00000197140000000458","熊本県","熊本市中央区","","","⑤ コップ式自動販売機（自動洗浄・屋内設置）","","","","","","","","","","","","","","","","届出","",""
"043100","fBiz00000153790000000002","熊本県","熊本市中央区","ファミリーマート熊本段山本町店","ファミリーマートクマモトダニヤマホンマチテン","⑩ コンビニエンスストア","コンビニエンスストア","熊本県熊本市中央区段山本町5-21","",32.808630,130.695873,"096-312-1505","","","","","","","","","","届出","",""
"043100","fBiz00000154100000000054","熊本県","熊本市中央区","鶴屋百貨店　ＲＦ１","ツルヤヒャッカテン　アールエフワン","⑥ 弁当販売業","そうざいの製造・販売","熊本県熊本市中央区手取本町6番1号","鶴屋百貨店　本館Ｂ1",32.802375,130.711039,"096-322-2731","株式会社ロック・フィールド","4140001002820","兵庫県神戸市東灘区魚崎浜町１５番地２","","","","","","","届出","",""
"043100","fBiz00000154100000000055","熊本県","熊本市中央区","鶴屋百貨店　神戸コロッケ","ツルヤヒャッカテン　コウベコロッケ","⑥ 弁当販売業","そうざいの製造・販売","熊本県熊本市中央区手取本町6番1号","鶴屋百貨店 本館Ｂ1",32.802375,130.711039,"096-322-2731","株式会社ロック・フィールド","4140001002820","兵庫県神戸市東灘区魚崎浜町１５番地２","","","","","","","届出","",""
"043100","fBiz00000154100000000201","熊本県","熊本市中央区","鶴屋百貨店 ＲＦ１","ツルヤヒャッカテン アールエフワン","① 飲食店営業","そうざいの製造・販売","熊本県熊本市中央区手取本町6番1号","鶴屋百貨店 本館B1",32.802375,130.711039,"096-322-2731","株式会社ロック・フィールド","4140001002820","兵庫県神戸市東灘区魚崎浜町１５番地２","指令（食保）第52039号",2025/05/21,2025/05/21,2025/06/01,2031/05/31,"","許可","",""
"043100","fBiz00000154100000000202","熊本県","熊本市中央区","鶴屋百貨店 神戸コロッケ","ツルヤヒャッカテン コウベコロッケ","① 飲食店営業","そうざいの製造・販売","熊本県熊本市中央区手取本町6番1号","鶴屋百貨店 本館B1",32.802375,130.711039,"096-322-2731","株式会社ロック・フィールド","4140001002820","兵庫県神戸市東灘区魚崎浜町１５番地２","指令（食保）第52037号",2025/05/21,2025/05/21,2025/06/01,2031/05/31,"","許可","",""
"043100","fBiz00000154730000000002","熊本県","熊本市中央区","牛ノ浜商店","ウシノハマショウテン","⑦ 野菜果物販売業","","熊本県熊本市中央区黒髪5-2-11","",32.814131,130.730952,"0963438472","松永厚","","熊本県熊本市中央区黒髪５丁目２－１１","","","","","","","届出","",""
"043100","fBiz00000155100000000001","熊本県","熊本市中央区","セブンーイレブン熊本銭塘町店","セブンーイレブンクマモトゼンドモマチテン","⑩ コンビニエンスストア","コンビニエンスストア","熊本県熊本市南区銭塘町2147－3","",32.731751,130.638948,"0962230706","株式会社ＴＯＲＴＵＧＡ","1330001020269","熊本県熊本市南区銭塘町２１４７－３","","","","","","","届出","",""
"043100","fBiz00000155540000000001","熊本県","熊本市中央区","Yショップトータス","ワイショップトータス","⑩ コンビニエンスストア","コンビニエンスストア","熊本県熊本市南区海路口町4121-1","",32.731952,130.612411,"0962231323","亀井泰博","","熊本県熊本市南区海路口町4121-1","","","","","","","届出","",""
"043100","fBiz00000157040000000012","熊本県","熊本市中央区","ハローデイ長嶺店","ハローデイナガミネテン","⑪ 百貨店、総合スーパー","","熊本県熊本市東区長嶺西1-5-1","",32.812772,130.761191,"096-387-0812","株式会社ハローデイ","4290801003094","福岡県北九州市小倉南区徳力３－６－１６","","","","","","","届出","",""
"043100","fBiz00000157040000000013","熊本県","熊本市中央区","ハローデイさくらの森店","ハローデイサクラノモリテン","⑪ 百貨店、総合スーパー","スーパーマーケット","熊本県熊本市東区桜木6-6-1","",32.790369,130.781895,"096-360-8680","株式会社ハローデイ","4290801003094","福岡県北九州市小倉南区徳力３－６－１６","","","","","","","届出","",""
"043100","fBiz00000157040000000015","熊本県","熊本市中央区","ハローデイ南熊本店","ハローデイミナミクマモトテン","⑪ 百貨店、総合スーパー","","熊本県熊本市中央区南熊本3-5-1","",32.787485,130.713232,"096-363-8610","株式会社ハローデイ","4290801003094","福岡県北九州市小倉南区徳力３－６－１６","","","","","","","届出","",""
"043100","fBiz00000157040000000016","熊本県","熊本市中央区","ハローデイアミュくまもと店","ハローデイアミュクマモトテン","⑪ 百貨店、総合スーパー","","熊本県熊本市西区春日3-15-26","",32.788900,130.688284,"096-227-6693","株式会社ハローデイ","4290801003094","福岡県北九州市小倉南区徳力３－６－１６","","","","","","","届出","",""
"043100","fBiz00000157040000000177","熊本県","熊本市中央区","ハローデイ　アミュプラザくまもと店　青果","ハローデイ　アミュプラザクマモトテン　セイカ","① 飲食店営業","","熊本県熊本市西区春日3丁目15-26","",32.788131,130.688332,"","株式会社ハローデイ","4290801003094","福岡県北九州市小倉南区徳力３－６－１６","指令（食保）第52208号",2025/09/02,2025/09/02,2025/09/02,2031/11/30,"","許可","",""
"043100","fBiz00000157040000000178","熊本県","熊本市中央区","ハローデイ　アミュプラザくまもと店　青果","ハローデイ　アミュプラザクマモトテン　セイカ","① 飲食店営業","","熊本県熊本市西区春日3丁目15-26","",32.788131,130.688332,"","株式会社ハローデイ","4290801003094","福岡県北九州市小倉南区徳力３－６－１６","指令（食保）第52207号",2025/09/02,2025/09/02,2025/09/02,2031/11/30,"","許可","",""
"043100","fBiz00000157270000000002","熊本県","熊本市中央区","ピースフル優祐悠","ピースフルユウユウユウ","⑬ その他の食料・飲料販売業","温浴施設","熊本県熊本市東区下南部３丁目11-136","",32.822296,130.759551,"096-388-1188","株式会社三祐","7330001002096","熊本県熊本市東区下南部３丁目１１番１３６号","","","","","","","届出","",""
"043100","fBiz00000157960000000007","熊本県","熊本市中央区","セブンーイレブン熊本田崎市場店","セブンーイレブンクマモトタサキイチバテン","⑩ コンビニエンスストア","コンビニエンスストア","熊本県熊本市西区田崎2丁目4-27","",32.784221,130.679565,"0963598507","大津 宏美","","熊本県熊本市西区田崎2丁目4-27","","","","","","","届出","",""
"043100","fBiz00000158150000000100","熊本県","熊本市中央区","ANYTIME FITNESS熊本二本木店","エニタイムフィットネスクマモトニホンギテン","⑫ 自動販売機による販売業（コップ式自動販売機（自動洗浄・屋内設置）及び営業許可の対象となる自動販売機を除く）","","熊本県熊本市西区二本木4-9-45-2F","",32.781487,130.689136,"0963216571","烏森電気株式会社","2180001029894","愛知県名古屋市中村区岩塚町3丁目34番地","","","","","","","届出","",""
"043100","fBiz00000158150000000261","熊本県","熊本市中央区","ANYTIME FITNESS熊本ムサシプラザ店","エニタイムフィットネスクマモトムサシプラザテン","⑫ 自動販売機による販売業（コップ式自動販売機（自動洗浄・屋内設置）及び営業許可の対象となる自動販売機を除く）","","熊本県熊本市北区武蔵ケ丘5-12-1-1F","",32.854254,130.770607,"096-288-3951","烏森電気株式会社","2180001029894","愛知県名古屋市中村区岩塚町3丁目34番地","","","","","","","届出","",""
"043100","fBiz00000197140000000471","熊本県","熊本市中央区","","","⑤ コップ式自動販売機（自動洗浄・屋内設置）","","","","","","","","","","","","","","","","届出","",""
"043100","fBiz00000158150000000312","熊本県","熊本市中央区","エニタイムフィットネス熊本黒髪店","エニタイムフィットネスクマモトクロカミテン","⑫ 自動販売機による販売業（コップ式自動販売機（自動洗浄・屋内設置）及び営業許可の対象となる自動販売機を除く）","","熊本県熊本市中央区黒髪3-3-19-2F","",32.820185,130.720482,"096-223-5757","烏森電気株式会社","2180001029894","愛知県名古屋市中村区岩塚町3丁目34番地","","","","","","","届出","",""
"043100","fBiz00000158150000000479","熊本県","熊本市中央区","ANYTIME FITNESS熊本はません店","エニタイムフィットネスクマモトハマセンテン","⑫ 自動販売機による販売業（コップ式自動販売機（自動洗浄・屋内設置）及び営業許可の対象となる自動販売機を除く）","自動販売機","熊本県熊本市南区出仲間9-7-21 1F","",32.771293,130.722352,"","烏森電気株式会社","2180001029894","愛知県名古屋市中村区岩塚町3丁目34番地","","","","","","","届出","",""
"043100","fBiz00000158380000000001","熊本県","熊本市中央区","スカイテラス","スカイテラス","② 食肉販売業（包装済みの食肉のみの販売）","サービス業","熊本県熊本市中央区九品寺1-1-26","リバーポート9 4F",32.800907,130.715158,"","株式会社シェアタス","7330001020437","熊本県熊本市北区高平１丁目５番１２号","","","","","","","届出","",""
"043100","fBiz00000158740000000001","熊本県","熊本市中央区","スーパーストアダイノブ城南店","スーパーストアダイノブジョウナンテン","⑪ 百貨店、総合スーパー","","熊本県熊本市南区城南町下宮地430-1","",32.702017,130.731831,"0964-28-2033","株式会社　台信商店","3330003002932","熊本県熊本市南区城南町下宮地430-1","","","","","","","届出","",""
"043100","fBiz00000158740000000002","熊本県","熊本市中央区","スーパーストアダイノブ移動販売","スーパーストアダイノブイドウハンバイ","⑨ 通信販売・訪問販売による販売業","","熊本県熊本市南区城南町下宮地430-1","",32.702017,130.731831,"0964-28-2033","株式会社　台信商店","3330003002932","熊本県熊本市南区城南町下宮地430-1","","","","","","","届出","",""
"043100","fBiz00000158740000000003","熊本県","熊本市中央区","スーパーストアダイノブ移動販売","スーパーストアダイノブイドウハンバイ","⑨ 通信販売・訪問販売による販売業","","熊本県熊本市南区城南町下宮地430-1","",32.702017,130.731831,"0964-28-2033","株式会社　台信商店","3330003002932","熊本県熊本市南区城南町下宮地430-1","","","","","","","届出","",""
"043100","fBiz00000160190000000001","熊本県","熊本市中央区","小浅商事株式会社","コアサショウジカブシキガイシャ","㉒ 海藻製造・加工業","","熊本県熊本市西区新港1丁目４－３","",32.765266,130.586762,"0962456311","小淺商事株式会社","8180001049821","愛知県名古屋市中村区名駅5丁目1番7号","","","","","","","届出","",""
"043100","fBiz00000160270000000003","熊本県","熊本市中央区","みやはら東バイパス店","ミヤハラヒガシバイパステン","⑦ 野菜果物販売業","食品スーパー","熊本県熊本市東区御領３丁目４７７－１","",32.825395,130.768431,"0963881755","株式会社みやはら","7330002023050","熊本県阿蘇市内牧９６６","","","","","","","届出","",""
"043100","fBiz00000160270000000003","熊本県","熊本市中央区","みやはら東バイパス店","ミヤハラヒガシバイパステン","⑪ 百貨店、総合スーパー","食品スーパー","熊本県熊本市東区御領３丁目４７７－１","",32.825395,130.768431,"0963881755","株式会社みやはら","7330002023050","熊本県阿蘇市内牧９６６","","","","","","","届出","",""
"043100","fBiz00000160270000000005","熊本県","熊本市中央区","みやはら下通店","ミヤハラシモトオリテン","⑦ 野菜果物販売業","食品スーパー","熊本県熊本市中央区下通２丁目２－３０","廣田ビル１F",32.799017,130.707830,"0963426470","株式会社みやはら","7330002023050","熊本県阿蘇市内牧９６６","","","","","","","届出","",""
"043100","fBiz00000160270000000005","熊本県","熊本市中央区","みやはら下通店","ミヤハラシモトオリテン","⑪ 百貨店、総合スーパー","食品スーパー","熊本県熊本市中央区下通２丁目２－３０","廣田ビル１F",32.799017,130.707830,"0963426470","株式会社みやはら","7330002023050","熊本県阿蘇市内牧９６６","","","","","","","届出","",""
"043100","fBiz00000160270000000006","熊本県","熊本市中央区","みやはら南熊本店","ミヤハラミナミクマモトテン","⑦ 野菜果物販売業","食品スーパー","熊本県熊本市中央区萩原町２－１","",32.783430,130.711421,"０９６３７７２３９９","株式会社みやはら","7330002023050","熊本県阿蘇市内牧９６６","","","","","","","届出","",""
"043100","fBiz00000160270000000006","熊本県","熊本市中央区","みやはら南熊本店","ミヤハラミナミクマモトテン","⑪ 百貨店、総合スーパー","食品スーパー","熊本県熊本市中央区萩原町２－１","",32.783430,130.711421,"０９６３７７２３９９","株式会社みやはら","7330002023050","熊本県阿蘇市内牧９６６","","","","","","","届出","",""
"043100","fBiz00000161500000000016","熊本県","熊本市中央区","マックスバリュ内坪井店","マックスバリュウチツボイテン","⑫ 自動販売機による販売業（コップ式自動販売機（自動洗浄・屋内設置）及び営業許可の対象となる自動販売機を除く）","","熊本県熊本市中央区内坪井町1-83","",32.810442,130.707248,"","株式会社ゼコー","4290001073384","福岡県福岡市博多区吉塚８－７－３０","","","","","","","届出","",""
"043100","fBiz00000161500000000274","熊本県","熊本市中央区","マルショク近見店","マルショクミチカミテン","⑫ 自動販売機による販売業（コップ式自動販売機（自動洗浄・屋内設置）及び営業許可の対象となる自動販売機を除く）","","熊本県熊本市南区近見7丁目7-1","",32.760538,130.690602,"","株式会社ゼコー","4290001073384","福岡県福岡市博多区吉塚８－７－３０","","","","","","","届出","",""
"043100","fBiz00000161500000000574","熊本県","熊本市中央区","マックスバリュサンロードシティ熊本店","マックスバリュサンロードシティクマモトテン","⑫ 自動販売機による販売業（コップ式自動販売機（自動洗浄・屋内設置）及び営業許可の対象となる自動販売機を除く）","","熊本県熊本市東区東町3-3-3","",32.786213,130.766375,"","株式会社ゼコー","4290001073384","福岡県福岡市博多区吉塚８－７－３０","","","","","","","届出","",""
"043100","fBiz00000161500000000575","熊本県","熊本市中央区","マックスバリュ長嶺店","マックスバリュナガミネテン","⑫ 自動販売機による販売業（コップ式自動販売機（自動洗浄・屋内設置）及び営業許可の対象となる自動販売機を除く）","","熊本県熊本市東区長嶺南3-1-25","","","","","株式会社ゼコー","4290001073384","福岡県福岡市博多区吉塚８－７－３０","","","","","","","届出","",""
"043100","fBiz00000161500000000576","熊本県","熊本市中央区","マックスバリュ新戸島店","マックスバリュシントシマテン","⑫ 自動販売機による販売業（コップ式自動販売機（自動洗浄・屋内設置）及び営業許可の対象となる自動販売機を除く）","","熊本県熊本市東区戸島西5-1-1","",32.813286,130.789212,"","株式会社ゼコー","4290001073384","福岡県福岡市博多区吉塚８－７－３０","","","","","","","届出","",""
"043100","fBiz00000161500000000577","熊本県","熊本市中央区","マックスバリュ御幸笛田店","マックスバリュミユキフエタテテン","⑫ 自動販売機による販売業（コップ式自動販売機（自動洗浄・屋内設置）及び営業許可の対象となる自動販売機を除く）","","熊本県熊本市南区御幸笛田4-4-10","",32.760882,130.714396,"","株式会社ゼコー","4290001073384","福岡県福岡市博多区吉塚８－７－３０","","","","","","","届出","",""
"043100","fBiz00000161500000000578","熊本県","熊本市中央区","マックスバリュ国府店","マックスバリュコクフテン","⑫ 自動販売機による販売業（コップ式自動販売機（自動洗浄・屋内設置）及び営業許可の対象となる自動販売機を除く）","","熊本県熊本市中央区国府3-28-32","",32.787067,130.718391,"","株式会社ゼコー","4290001073384","福岡県福岡市博多区吉塚８－７－３０","","","","","","","届出","",""
"043100","fBiz00000161500000000582","熊本県","熊本市中央区","マックスバリュ田崎店","マックスバリュタサキテン","⑫ 自動販売機による販売業（コップ式自動販売機（自動洗浄・屋内設置）及び営業許可の対象となる自動販売機を除く）","","熊本県熊本市西区田崎町 字下寄３８０","",32.782356,130.677187,"","株式会社ゼコー","4290001073384","福岡県福岡市博多区吉塚８－７－３０","","","","","","","届出","",""
"043100","fBiz00000161500000000583","熊本県","熊本市中央区","マックスバリュ熊本北店","マックスバリュクマモトキタテン","⑫ 自動販売機による販売業（コップ式自動販売機（自動洗浄・屋内設置）及び営業許可の対象となる自動販売機を除く）","","熊本県熊本市北区津浦町31-10","",32.828573,130.711262,"","株式会社ゼコー","4290001073384","福岡県福岡市博多区吉塚８－７－３０","","","","","","","届出","",""
"043100","fBiz00000161870000000002","熊本県","熊本市中央区","アンドコンフィホテル熊本城ビュー","アンドコンフィホテルクマモトジョウビュー","⑬ その他の食料・飲料販売業","旅館業","熊本県熊本市中央区城東町5-3","",32.806047,130.710071,"0963117070","西部ガスリビング株式会社","6290001014056","福岡県福岡市東区箱崎ふ頭３丁目１番３５号","","","","","","","届出","",""
"043100","fBiz00000162950000000086","熊本県","熊本市中央区","そんぽの家 清水麻生田","ソンポノイエ  シミズアソウダ","① 飲食店営業","給食","熊本県熊本市北区麻生田2丁目6-10","",32.846829,130.743972,"096-339-4111","ＳＯＭＰＯケアフーズ株式会社","9260001008157","東京都品川区東品川四丁目12番８号","指令（食保）第50440号",2023/02/17,2023/02/17,2023/03/01,2029/02/28,"","許可","なし",""
"043100","fBiz00000162990000000002","熊本県","熊本市中央区","セブンーイレブン熊本下通1丁目店","セブンーイレブンクマモトシモトオリイッチョウメテン","⑩ コンビニエンスストア","小売業","熊本県熊本市中央区下通１丁目７番１１号","",32.801117,130.708247,"０９６３５５５２７２","","","","","","","","","","届出","",""
"043100","fBiz00000165690000000001","熊本県","熊本市中央区","くまもと菓房　鶴屋店","クマモトカボウ　ツルヤテン","⑬ その他の食料・飲料販売業","小売り","熊本県熊本市中央区手取本町6番1号（鶴屋百貨店地下１階）","",32.802465,130.711146,"0963523047","株式会社　熊本菓房","7330001001420","熊本県熊本市東区戸島町920番地3","","","","","","","届出","",""
"043100","fBiz00000165690000000002","熊本県","熊本市中央区","くまもと菓房　東バイパス本店","クマモトカボウ　ヒガシバイパスホンテン","⑬ その他の食料・飲料販売業","小売り","熊本県熊本市東区新南部3丁目4-43","",32.811732,130.749112,"0963873545","株式会社　熊本菓房","7330001001420","熊本県熊本市東区戸島町920番地3","","","","","","","届出","",""
"043100","fBiz00000165690000000004","熊本県","熊本市中央区","くまもと菓房　戸島店","クマモトカボウ　トシマテン","⑬ その他の食料・飲料販売業","小売り","熊本県熊本市東区戸島町896-4","",32.829363,130.822022,"0963805577","株式会社　熊本菓房","7330001001420","熊本県熊本市東区戸島町920番地3","","","","","","","届出","",""
"043100","fBiz00000165690000000006","熊本県","熊本市中央区","くまもと菓房　肥後よかもん市場店","クマモトカボウ　ヒゴヨカモンイチバテン","⑬ その他の食料・飲料販売業","小売り","熊本県熊本市西区春日3丁目15-30　（熊本駅内１階）","",32.789811,130.688205,"0962886550","株式会社　熊本菓房","7330001001420","熊本県熊本市東区戸島町920番地3","","","","","","","届出","",""
"043100","fBiz00000165720000000001","熊本県","熊本市中央区","","","⑩ コンビニエンスストア","コンビニエンスストア","","","","","","","","","","","","","","","届出","",""
"043100","fBiz00000166040000000059","熊本県","熊本市中央区","マルミヤストア秋津店","マルミヤストアアキツテン","⑪ 百貨店、総合スーパー","","熊本県熊本市東区秋津町秋田3446-28","",32.762365,130.769653,"096-365-6568","株式会社マルミヤストア","2320001009114","大分県佐伯市野岡町二丁目1番10号","","","","","","","届出","",""
"043100","fBiz00000166040000000078","熊本県","熊本市中央区","アタックス　龍田店","アタックス　タツダテン","⑪ 百貨店、総合スーパー","ディスカウントストア","熊本県熊本市北区龍田１丁目２－１６","",32.829358,130.755252,"096-348-8080","株式会社マルミヤストア","2320001009114","大分県佐伯市野岡町二丁目1番10号","","","","","","","届出","",""
"043100","fBiz00000166040000000086","熊本県","熊本市中央区","アタックス　花立店","アタックス　ハナタテテン","⑪ 百貨店、総合スーパー","ディスカウントストア","熊本県熊本市東区花立５丁目9-18","",32.788807,130.773100,"096-285-4747","株式会社マルミヤストア","2320001009114","大分県佐伯市野岡町二丁目1番10号","","","","","","","届出","",""
"043100","fBiz00000166040000000101","熊本県","熊本市中央区","アタックス　戸島店","アタックス　トシマテン","① 魚介類販売業（包装済みの魚介類のみの販売）","ディスカウントストア","熊本県熊本市東区戸島西２丁目５－３３","",32.812040,130.783543,"096-331-7791","株式会社マルミヤストア","2320001009114","大分県佐伯市野岡町二丁目1番10号","","","","","","","届出","",""
"043100","fBiz00000166040000000101","熊本県","熊本市中央区","アタックス　戸島店","アタックス　トシマテン","② 食肉販売業（包装済みの食肉のみの販売）","ディスカウントストア","熊本県熊本市東区戸島西２丁目５－３３","",32.812040,130.783543,"096-331-7791","株式会社マルミヤストア","2320001009114","大分県佐伯市野岡町二丁目1番10号","","","","","","","届出","",""
"043100","fBiz00000166040000000101","熊本県","熊本市中央区","アタックス　戸島店","アタックス　トシマテン","③ 乳類販売業","ディスカウントストア","熊本県熊本市東区戸島西２丁目５－３３","",32.812040,130.783543,"096-331-7791","株式会社マルミヤストア","2320001009114","大分県佐伯市野岡町二丁目1番10号","","","","","","","届出","",""
"043100","fBiz00000166040000000101","熊本県","熊本市中央区","アタックス　戸島店","アタックス　トシマテン","⑪ 百貨店、総合スーパー","ディスカウントストア","熊本県熊本市東区戸島西２丁目５－３３","",32.812040,130.783543,"096-331-7791","株式会社マルミヤストア","2320001009114","大分県佐伯市野岡町二丁目1番10号","","","","","","","届出","",""
"043100","fBiz00000166040000000101","熊本県","熊本市中央区","アタックス　戸島店","アタックス　トシマテン","⑬ その他の食料・飲料販売業","ディスカウントストア","熊本県熊本市東区戸島西２丁目５－３３","",32.812040,130.783543,"096-331-7791","株式会社マルミヤストア","2320001009114","大分県佐伯市野岡町二丁目1番10号","","","","","","","届出","",""
"043100","fBiz00000166040000000120","熊本県","熊本市中央区","","","④ 魚介類販売業","スーパーマーケット","","","","","","","","","指令（食保）発第51661号",2024/10/18,2024/10/18,2024/10/18,2030/11/30,"","許可","",""
"043100","fBiz00000167180000000003","熊本県","熊本市中央区","株式会社マルハニチロ物流九州支社熊本事業所","カブシキガイシャマルハニチロブツリュウキュウシュウシシャクマモトジギョウショ","㉙ その他","","熊本県熊本市南区南高江3丁目2-95","",32.755551,130.689462,"0963577231","株式会社マルハニチロ物流","5010001080515","東京都中央区豊海町14-17","","","","","","","届出","",""
"043100","fBiz00000169190000000001","熊本県","熊本市中央区","サンサンうきっ子","サンサンウキッコ","① 魚介類販売業（包装済みの魚介類のみの販売）","農産物直売所","熊本県熊本市南区富合町榎津54","",32.713184,130.703813,"096-358-6111","熊本宇城農業協同組合","7330005005335","熊本県宇城市松橋町久具３０２番地２","","","","","","","届出","",""
"043100","fBiz00000169190000000001","熊本県","熊本市中央区","サンサンうきっ子","サンサンウキッコ","② 食肉販売業（包装済みの食肉のみの販売）","農産物直売所","熊本県熊本市南区富合町榎津54","",32.713184,130.703813,"096-358-6111","熊本宇城農業協同組合","7330005005335","熊本県宇城市松橋町久具３０２番地２","","","","","","","届出","",""
"043100","fBiz00000169190000000001","熊本県","熊本市中央区","サンサンうきっ子","サンサンウキッコ","③ 乳類販売業","農産物直売所","熊本県熊本市南区富合町榎津54","",32.713184,130.703813,"096-358-6111","熊本宇城農業協同組合","7330005005335","熊本県宇城市松橋町久具３０２番地２","","","","","","","届出","",""
"043100","fBiz00000169190000000001","熊本県","熊本市中央区","サンサンうきっ子","サンサンウキッコ","⑥ 弁当販売業","農産物直売所","熊本県熊本市南区富合町榎津54","",32.713184,130.703813,"096-358-6111","熊本宇城農業協同組合","7330005005335","熊本県宇城市松橋町久具３０２番地２","","","","","","","届出","",""
"043100","fBiz00000169190000000001","熊本県","熊本市中央区","サンサンうきっ子","サンサンウキッコ","⑦ 野菜果物販売業","農産物直売所","熊本県熊本市南区富合町榎津54","",32.713184,130.703813,"096-358-6111","熊本宇城農業協同組合","7330005005335","熊本県宇城市松橋町久具３０２番地２","","","","","","","届出","",""
"043100","fBiz00000169190000000001","熊本県","熊本市中央区","サンサンうきっ子","サンサンウキッコ","⑧ 米穀類販売業","農産物直売所","熊本県熊本市南区富合町榎津54","",32.713184,130.703813,"096-358-6111","熊本宇城農業協同組合","7330005005335","熊本県宇城市松橋町久具３０２番地２","","","","","","","届出","",""
"043100","fBiz00000169190000000001","熊本県","熊本市中央区","サンサンうきっ子","サンサンウキッコ","⑬ その他の食料・飲料販売業","農産物直売所","熊本県熊本市南区富合町榎津54","",32.713184,130.703813,"096-358-6111","熊本宇城農業協同組合","7330005005335","熊本県宇城市松橋町久具３０２番地２","","","","","","","届出","",""
"043100","fBiz00000170010000000049","熊本県","熊本市中央区","マルキョウ植木店","マルキョウウエキテン","⑪ 百貨店、総合スーパー","","熊本県熊本市北区植木町岩野266-5","",32.902642,130.693419,"0962722567","株式会社マルキョウ","6290001041190","福岡県大野城市山田５丁目３番１号","","","","","","","届出","",""
"043100","fBiz00000170010000000083","熊本県","熊本市中央区","マルキョウ帯山店","マルキョウオビヤマテン","⑪ 百貨店、総合スーパー","","熊本県熊本市中央区帯山7丁目1-97","",32.806997,130.752032,"0962131170","株式会社マルキョウ","6290001041190","福岡県大野城市山田５丁目３番１号","","","","","","","届出","",""
"043100","fBiz00000172760000000002","熊本県","熊本市中央区","(株)アレス　スーパーキッド南高江店","カブアレス　スーパーキッドミナミタカエテン","⑪ 百貨店、総合スーパー","食品販売業","熊本県熊本市南区南高江２丁目12-36","",32.749543,130.684297,"0963579600","株式会社アレス","1330001000238","熊本県熊本市北区楠７丁目8番10号","","","","","","","届出","",""
"043100","fBiz00000175260000000455","熊本県","熊本市中央区","サンドラッグサンロードシティ熊本店	","サンドラッグサンロードシティクマモトテン","⑪ 百貨店、総合スーパー","ドラッグストア","熊本県熊本市東区東町３丁目２－１５","",32.786552,130.767105,"096-360-7661","株式会社サンドラッグ","1012401000634","東京都府中市若松町一丁目38番地の1","","","","","","","届出","",""
"043100","fBiz00000175260000000456","熊本県","熊本市中央区","サンドラッグさくらの森店	","サンドラッグサクラノモリテン","⑪ 百貨店、総合スーパー","ドラッグストア","熊本県熊本市東区桜木６丁目６－１","",32.790369,130.781895,"096-331-8221","株式会社サンドラッグ","1012401000634","東京都府中市若松町一丁目38番地の1","","","","","","","届出","",""
"043100","fBiz00000175260000000457","熊本県","熊本市中央区","サンドラッグ託麻店	","サンドラッグタクマテン","⑪ 百貨店、総合スーパー","ドラッグストア","熊本県熊本市東区小山２丁目１３－６１","",32.827757,130.788018,"096-349-0085","株式会社サンドラッグ","1012401000634","東京都府中市若松町一丁目38番地の1","","","","","","","届出","",""
"043100","fBiz00000175260000000458","熊本県","熊本市中央区","サンドラッグ南熊本店	","サンドラッグミナミクマモトテン","⑪ 百貨店、総合スーパー","ドラッグストア","熊本県熊本市中央区南熊本３－５－１","",32.787505,130.713193,"096-375-8566","株式会社サンドラッグ","1012401000634","東京都府中市若松町一丁目38番地の1","","","","","","","届出","",""
"043100","fBiz00000176130000000002","熊本県","熊本市中央区","","","⑬ その他の食料・飲料販売業","","","","","","","","","","","","","","","","届出","",""
"043100","fBiz00000176470000000005","熊本県","熊本市中央区","","","⑬ その他の食料・飲料販売業","運送業","","","","","","","","","","","","","","","届出","",""
"043100","fBiz00000177390000000001","熊本県","熊本市中央区","セブンーイレブン熊本川尻１チョウメテン","セブンーイレブン　クマモトカワシリイチチョウメテン","⑩ コンビニエンスストア","コンビニエンスストア","熊本県熊本市南区川尻1丁目4-1","",32.743404,130.682182,"0963579237","酒井亮二","","熊本県熊本市南区川尻１丁目４ー１","","","","","","","届出","",""
"043100","fBiz00000183160000000002","熊本県","熊本市中央区","資さんうどん浜線バイパス店","スケサンウドンハマセンバイパステン","⑬ その他の食料・飲料販売業","うどん・そば店","熊本県熊本市南区田迎町田井島256-1","",32.753898,130.722827,"0962887226","株式会社資さん","6010001190032","福岡県北九州市小倉南区上葛原２丁目１８番５０号","","","","","","","届出","",""
"043100","fBiz00000197140000000472","熊本県","熊本市中央区","","","⑤ コップ式自動販売機（自動洗浄・屋内設置）","","","","","","","","","","","","","","","","届出","",""
"043100","fBiz00000183160000000004","熊本県","熊本市中央区","資さんキッチンカー","スケサンキッチンカー","① 飲食店営業","","熊本県熊本市南区田迎町田井島256-1（熊本県内一円）","",35.546656,139.438556,"0962887226","株式会社資さん","6010001190032","福岡県北九州市小倉南区上葛原２丁目１８番５０号","指令（食保）第50492号",2021/09/17,2021/09/17,2021/09/17,2026/11/30,"","許可","比較的大量の水を要する飲食店（自動車）営業",""
"043100","fBiz00000183160000000009","熊本県","熊本市中央区","資さんうどん下通店","スケサンウドンシモトオリテン","① 飲食店営業","うどん・そば店","熊本県熊本市中央区新市街6-9","柏田ビル1F",32.799089,130.707516,"096-288-3223","株式会社資さん","6010001190032","福岡県北九州市小倉南区上葛原２丁目１８番５０号","指令（食保）第50491号",2021/09/28,2021/09/28,2021/09/28,2027/11/30,"","許可","特になし",""
"043100","fBiz00000183160000000043","熊本県","熊本市中央区","資さんうどん下通店","スケサンウドンシモトオリテン","⑬ その他の食料・飲料販売業","うどん・そば店","熊本県熊本市中央区新市街6-9","柏田ビル1F",32.799089,130.707516,"0962883223","株式会社資さん","6010001190032","福岡県北九州市小倉南区上葛原２丁目１８番５０号","","","","","","","届出","",""
"043100","fBiz00000183600000000004","熊本県","熊本市中央区","ワークセンターゆきぞの","ワークセンターユキゾノ","⑬ その他の食料・飲料販売業","","熊本県熊本市西区春日1丁目14番1号","くまもと森都心プラザ",32.790312,130.691020,"","社会福祉法人十百千会","7330005005707","熊本県下益城郡美里町栗崎字行園原５６４番地","","","","","","","届出","",""
"043100","fBiz00000183710000000001","熊本県","熊本市中央区","道の駅すいかの里植木","ミチノエキスイカノサトウエキ","⑪ 百貨店、総合スーパー","","熊本県熊本市北区植木町岩野１６０－１","",32.908166,130.693316,"0962722333","有限会社三河屋スーパー","3330002019300","熊本県熊本市北区植木町植木555番地","","","","","","","届出","",""
"043100","fBiz00000183710000000001","熊本県","熊本市中央区","道の駅すいかの里植木","ミチノエキスイカノサトウエキ","⑬ その他の食料・飲料販売業","","熊本県熊本市北区植木町岩野１６０－１","",32.908166,130.693316,"0962722333","有限会社三河屋スーパー","3330002019300","熊本県熊本市北区植木町植木555番地","","","","","","","届出","",""
"043100","fBiz00000183710000000003","熊本県","熊本市中央区","協同組合植木ショッピングプラザ","キョウドウクミアイウエキショッピングプラザ","⑪ 百貨店、総合スーパー","","熊本県熊本市北区植木町舞尾620","",32.897258,130.690483,"","有限会社三河屋スーパー","3330002019300","熊本県熊本市北区植木町植木555番地","","","","","","","届出","",""
"043100","fBiz00000183710000000005","熊本県","熊本市中央区","協同組合植木ショッピングプラザ","キョウドウクミアイウエキショッピングプラザ","⑪ 百貨店、総合スーパー","","熊本県熊本市北区植木町植木555番地","",32.904605,130.692404,"","有限会社三河屋スーパー","3330002019300","熊本県熊本市北区植木町植木555番地","","","","","","","届出","",""
"043100","fBiz00000185120000000001","熊本県","熊本市中央区","マルキン食品株式会社　本社","マルキンショクヒンカブシキカイシャ　ホンシャ","⑬ その他の食料・飲料販売業","食品販売業","熊本県熊本市中央区世安町380","",32.786286,130.697209,"0963253232","マルキン食品株式会社","5330001004458","熊本県熊本市中央区世安町380","","","","","","","届出","",""
"043100","fBiz00000185120000000011","熊本県","熊本市中央区","マルキン食品株式会社　本社工場","マルキンショクヒンカブシキカイシャ　ホンシャコウジョウ","⑪ 菓子製造業","食品製造販売業","熊本県熊本市中央区世安町380","",32.786229,130.697218,"096-325-3232","マルキン食品株式会社","5330001004458","熊本県熊本市中央区世安町380","指令（食保）第50946号",2023/11/14,2023/11/14,2023/11/14,2029/11/30,"","許可","",""
"043100","fBiz00000185650000000018","熊本県","熊本市中央区","","","⑬ その他の食料・飲料販売業","","","","","","","","","","","","","","","","届出","",""
"043100","fBiz00000185780000000016","熊本県","熊本市中央区","生そば　あずま　白山通り店","キソバ　アズマ　ハクザントオリテン","① 飲食店営業","","熊本県熊本市中央区九品寺5丁目5番10号","",32.790394,130.717116,"096-373-0330","株式会社ウエスト","3290001011675","福岡県福岡市博多区三筑1-5-8","指令（食保）第50723号",2021/10/27,2021/10/27,2021/12/01,2027/11/30,"","許可","なし",""
"043100","fBiz00000185780000000061","熊本県","熊本市中央区","ウエスト　うどん　湖東店","ウエスト　ウドン　コトウテン","① 飲食店営業","うどん","熊本県熊本市東区湖東3丁目1-1","",32.779333,130.743436,"096-214-2501","株式会社ウエスト","3290001011675","福岡県福岡市博多区三筑1-5-8","指令（食保）第５０３６０号",2022/11/29,2022/11/29,2022/12/01,2028/11/30,"","許可","なし",""
"043100","fBiz00000185780000000107","熊本県","熊本市中央区","ウエストうどん　立田の杜店","ウエストウドンタツタノモリテン","① 飲食店営業","うどん","熊本県熊本市北区龍田陳内2丁目3-1","",32.829685,130.746603,"096-348-0577","株式会社ウエスト","3290001011675","福岡県福岡市博多区三筑1-5-8","指令（食保）第51044号",2024/02/13,2024/02/13,2024/03/01,2030/02/28,"","許可","",""
"043100","fBiz00000185780000000120","熊本県","熊本市中央区","株式会社ウエスト　世安店","ウエスト　ヨヤステン","① 飲食店営業","うどん","熊本県熊本市中央区世安町200-3","",32.782057,130.697241,"096-324-7757","株式会社ウエスト","3290001011675","福岡県福岡市博多区三筑1-5-8","指令(食保)第51592号",2024/08/26,2024/08/26,2024/08/26,2030/08/31,"","許可","",""
"043100","fBiz00000185780000000128","熊本県","熊本市中央区","（株）ウエスト熊本下通店","ウエスト　クマモトシモトオリテン","① 飲食店営業","うどん","熊本県熊本市中央区下通2丁目2-32","",32.799229,130.707800,"096-319-5188","株式会社ウエスト","3290001011675","福岡県福岡市博多区三筑1-5-8","指令（食保）第51721号",2024/11/15,2024/11/15,2024/12/01,2030/11/30,"","許可","",""
"043100","fBiz00000185780000000136","熊本県","熊本市中央区","㈱ウエスト尾ノ上店","ウエストオノウエテン","① 飲食店営業","うどん","熊本県熊本市東区尾ノ上3丁目1-1","",32.795727,130.753619,"096-383-7557","株式会社ウエスト","3290001011675","福岡県福岡市博多区三筑1-5-8","51872",2025/02/17,2025/02/17,2025/03/01,2031/02/28,"","許可","",""
"043100","fBiz00000185780000000148","熊本県","熊本市中央区","㈱ウエスト菊南店","ウエストキクナンテン","① 飲食店営業","","熊本県熊本市北区鶴羽田1-11-1","",32.856114,130.726629,"096-346-0876","株式会社ウエスト","3290001011675","福岡県福岡市博多区三筑1-5-8","指令（食保）第52065号",2025/05/28,2025/05/28,2025/06/01,2031/05/31,"","許可","なし",""
"043100","fBiz00000185780000000150","熊本県","熊本市中央区","ウエスト富合店","ウエストトミアイテン","① 飲食店営業","","熊本県熊本市南区富合町田尻163-1","",32.704578,130.673298,"096-357-5615","株式会社ウエスト","3290001011675","福岡県福岡市博多区三筑1-5-8","指令（食保）第52060号",2025/05/23,2025/05/23,2025/06/01,2031/05/31,"","許可","",""
"043100","fBiz00000197140000000473","熊本県","熊本市中央区","","","⑤ コップ式自動販売機（自動洗浄・屋内設置）","","","","","","","","","","","","","","","","届出","",""
"043100","fBiz00000611120000000025","熊本県","熊本市中央区","","","⑪ 百貨店、総合スーパー","","","","","","","","","","","","","","","","届出","",""
"043100","fBiz00000188700000000001","熊本県","熊本市中央区","セブンイレブン熊本野田1丁目店","セブンイレブンクマモトノダイチチョウメテン","⑬ その他の食料・飲料販売業","コンビニエンスストア","熊本県熊本市南区野田1丁目8-43","",32.733435,130.688298,"096-357-0517","鶴山浩昭","","熊本県熊本市南区野田1丁目8-43","","","","","","","届出","",""
"043100","fBiz00000188700000000002","熊本県","熊本市中央区","セブンイレブン熊本良町2丁目店","セブンイレブンクマモトヤヤマチニチョウメテン","⑬ その他の食料・飲料販売業","コンビニエンスストア","熊本県熊本市南区良町2丁目7-16","",32.760872,130.721829,"096-370-7127","鶴山浩昭","","熊本県熊本市南区野田1丁目8-43","","","","","","","届出","",""
"043100","fBiz00000188720000000004","熊本県","熊本市中央区","茶匠お茶のつじの","チャショウオチャノツジノ","⑬ その他の食料・飲料販売業","","熊本県熊本市中央区安政町6番11号","",32.801180,130.710628,"096-323-6710","株式会社辻野新商店","1290001005423","福岡県福岡市早良区祖原２８番２２号","","","","","","","届出","",""
"043100","fBiz00000191000000000001","熊本県","熊本市中央区","有限会社　たけや製菓","ユウゲンガイシャ　タケヤセイカ","⑬ その他の食料・飲料販売業","","熊本県熊本市西区花園7丁目7-3","",32.823844,130.688332,"0963556561","有限会社　たけや製菓","5330002006536","熊本県熊本市西区花園7丁目7-3","","","","","","","届出","",""
"043100","fBiz00000191010000000021","熊本県","熊本市中央区","A-プライス熊本南店","エープライスクマモトミナミテン","⑪ 百貨店、総合スーパー","販売業","熊本県熊本市南区馬渡2-2-21","",32.773013,130.704714,"096-379-5911","株式会社トーホーキャッシュアンドキャリー","7140001077703","兵庫県神戸市東灘区向洋町西５丁目９番","","","","","","","届出","",""
"043100","fBiz00000191010000000035","熊本県","熊本市中央区","A-プライス熊本東店","エープライスクマモトヒガシテン","⑪ 百貨店、総合スーパー","販売業","熊本県熊本市東区健軍本町2-1","",32.787825,130.755379,"096-369-5488","株式会社トーホーキャッシュアンドキャリー","7140001077703","兵庫県神戸市東灘区向洋町西５丁目９番","","","","","","","届出","",""
"043100","fBiz00000191010000000050","熊本県","熊本市中央区","A-プライス北熊本店","エープライスキタクマモトテン","⑪ 百貨店、総合スーパー","販売業","熊本県熊本市北区室園町3-43","",32.827167,130.722363,"096-341-5001","株式会社トーホーキャッシュアンドキャリー","7140001077703","兵庫県神戸市東灘区向洋町西５丁目９番","","","","","","","届出","",""
"043100","fBiz00000191050000000001","熊本県","熊本市中央区","ピクルスやサンフラワー","ピクルスヤサンフラワー","㉔ その他の食料品製造・加工業","食品製造業","熊本県熊本市南区城南町隈庄３７６","",32.702570,130.727718,"0964-27-9902","株式会社SUNSMILE","7330003005436","熊本県熊本市南区野田２－９－１２","","","","","","","届出","",""
"043100","fBiz00000191050000000002","熊本県","熊本市中央区","ピクルスやサンフラワー","ピクルスヤサンフラワー","㉔ その他の食料品製造・加工業","食品製造業","熊本県熊本市南区城南町隈庄３７６","",32.702570,130.727718,"0964-27-9902","株式会社SUNSMILE","7330003005436","熊本県熊本市南区野田２－９－１２","","","","","","","届出","",""
"043100","fBiz00000192360000000018","熊本県","熊本市中央区","ヒライ　戸島店","ヒライ　トシマテン","⑬ その他の食料・飲料販売業","","熊本県熊本市東区戸島町小山桃屋４５８","",32.828965,130.819327,"096-380-8947","株式会社ヒライ","2330001009088","熊本県熊本市西区春日7丁目26-70","","","","","","","届出","",""
"043100","fBiz00000192360000000019","熊本県","熊本市中央区","ヒライ　東町店","ヒライ　ヒガシマチテン","① 飲食店営業","","熊本県熊本市東区健軍本町53-3","",32.785901,130.760050,"096-369-3502","株式会社ヒライ","2330001009088","熊本県熊本市西区春日7丁目26-70","指令（食保）第501825号",2024/11/22,2024/11/22,2024/11/22,2030/11/30,"","許可","",""
"043100","fBiz00000192360000000019","熊本県","熊本市中央区","ヒライ　東町店","ヒライ　ヒガシマチテン","⑬ その他の食料・飲料販売業","","熊本県熊本市東区健軍本町53-3","",32.785917,130.760043,"096-369-3502","株式会社ヒライ","2330001009088","熊本県熊本市西区春日7丁目26-70","","","","","","","届出","",""
"043100","fBiz00000192360000000020","熊本県","熊本市中央区","ヒライ　帯山店","ヒライ　オビヤマテン","⑬ その他の食料・飲料販売業","","熊本県熊本市中央区帯山6-8-39","",32.801896,130.758263,"096-385-5869","株式会社ヒライ","2330001009088","熊本県熊本市西区春日7丁目26-70","","","","","","","届出","",""
"043100","fBiz00000192360000000021","熊本県","熊本市中央区","ヒライ　崇城大通り店","ヒライ　ソウジョウダイドオリテン","① 飲食店営業","","熊本県熊本市西区上熊本3-649-2","",32.822838,130.700012,"096-359-3378","株式会社ヒライ","2330001009088","熊本県熊本市西区春日7丁目26-70","指令（食保）第52176号",2025/08/14,2025/08/14,2025/09/01,2031/08/31,"","許可","",""
"043100","fBiz00000192360000000021","熊本県","熊本市中央区","ヒライ　崇城大通り店","ヒライ　ソウジョウダイドオリテン","⑬ その他の食料・飲料販売業","","熊本県熊本市西区上熊本3-649-2","",32.822838,130.700012,"096-359-3378","株式会社ヒライ","2330001009088","熊本県熊本市西区春日7丁目26-70","","","","","","","届出","",""
"043100","fBiz00000192360000000022","熊本県","熊本市中央区","ヒライ　高橋店","ヒライ　タカハシテン","⑬ その他の食料・飲料販売業","","熊本県熊本市西区上高橋1-10-5","",32.787154,130.662480,"096-329-8872","株式会社ヒライ","2330001009088","熊本県熊本市西区春日7丁目26-70","","","","","","","届出","",""
"043100","fBiz00000192360000000023","熊本県","熊本市中央区","ヒライ　北部店","ヒライ　ホクブテン","⑬ その他の食料・飲料販売業","","熊本県熊本市北区下硯川町字古閑478-1","",32.867620,130.705114,"096-245-2961","株式会社ヒライ","2330001009088","熊本県熊本市西区春日7丁目26-70","","","","","","","届出","",""
"043100","fBiz00000192360000000024","熊本県","熊本市中央区","ヒライ　富合店","ヒライ　トミアイテン","⑬ その他の食料・飲料販売業","","熊本県熊本市南区富合町志々水9-2","",32.712985,130.675779,"096-358-3936","株式会社ヒライ","2330001009088","熊本県熊本市西区春日7丁目26-70","","","","","","","届出","",""
"043100","fBiz00000192360000000025","熊本県","熊本市中央区","ヒライ　近見店","ヒライ　チカミテン","① 飲食店営業","","熊本県熊本市南区近見8-2-10","",32.762053,130.695230,"0963543706","株式会社ヒライ","2330001009088","熊本県熊本市西区春日7丁目26-70","指令（食保）第52055号",2025/05/30,2025/05/30,2025/05/30,2031/05/31,"","許可","",""
"043100","fBiz00000192360000000025","熊本県","熊本市中央区","ヒライ　近見店","ヒライ　チカミテン","⑬ その他の食料・飲料販売業","","熊本県熊本市南区近見8-2-10","",32.762044,130.695236,"0963543706","株式会社ヒライ","2330001009088","熊本県熊本市西区春日7丁目26-70","","","","","","","届出","",""
"043100","fBiz00000192360000000026","熊本県","熊本市中央区","ヒライ　江津店","ヒライ　エヅテン","⑬ その他の食料・飲料販売業","","熊本県熊本市東区江津2-37-25","",32.771790,130.731006,"0963622285","株式会社ヒライ","2330001009088","熊本県熊本市西区春日7丁目26-70","","","","","","","届出","",""
"043100","fBiz00000192360000000027","熊本県","熊本市中央区","ヒライ　佐土原店","ヒライ　サドワラテン","⑬ その他の食料・飲料販売業","","熊本県熊本市東区佐土原2-4-188","",32.790214,130.777441,"0963659008","株式会社ヒライ","2330001009088","熊本県熊本市西区春日7丁目26-70","","","","","","","届出","",""
"043100","fBiz00000192360000000028","熊本県","熊本市中央区","ヒライ　城南店","ヒライ　ジョウナンテン","⑬ その他の食料・飲料販売業","","熊本県熊本市南区城南町東阿高無田33","",32.697405,130.728065,"0964283965","株式会社ヒライ","2330001009088","熊本県熊本市西区春日7丁目26-70","","","","","","","届出","",""
"043100","fBiz00000192360000000030","熊本県","熊本市中央区","ヒライ　月出店","ヒライ　ツキデテン","① 飲食店営業","","熊本県熊本市東区月出6-2484-80","",32.806313,130.773141,"0963873456","株式会社ヒライ","2330001009088","熊本県熊本市西区春日7丁目26-70","指令（食保）第52058号",2025/05/27,2025/05/27,2025/05/27,2031/05/31,"","許可","",""
"043100","fBiz00000192360000000030","熊本県","熊本市中央区","ヒライ　月出店","ヒライ　ツキデテン","⑬ その他の食料・飲料販売業","","熊本県熊本市東区月出6-2484-80","",32.805513,130.771913,"0963873456","株式会社ヒライ","2330001009088","熊本県熊本市西区春日7丁目26-70","","","","","","","届出","",""
"043100","fBiz00000192360000000031","熊本県","熊本市中央区","ヒライ　硯川店","ヒライ　スズリカワテン","⑬ その他の食料・飲料販売業","","熊本県熊本市北区硯川町字井川ノ元726-1","",32.860708,130.695359,"0962455575","株式会社ヒライ","2330001009088","熊本県熊本市西区春日7丁目26-70","","","","","","","届出","",""
"043100","fBiz00000192360000000032","熊本県","熊本市中央区","ヒライ　パークドーム前店","ヒライ　パークドームマエテン","⑬ その他の食料・飲料販売業","","熊本県熊本市東区小山6-21-20","",32.834103,130.800336,"0963889133","株式会社ヒライ","2330001009088","熊本県熊本市西区春日7丁目26-70","","","","","","","届出","",""
"043100","fBiz00000192360000000033","熊本県","熊本市中央区","ヒライ　島町店","ヒライ　シママチテン","⑬ その他の食料・飲料販売業","","熊本県熊本市南区島町3-4-31","",32.764180,130.680776,"0963586608","株式会社ヒライ","2330001009088","熊本県熊本市西区春日7丁目26-70","","","","","","","届出","",""
"043100","fBiz00000192360000000034","熊本県","熊本市中央区","ヒライ　浄行寺店","ヒライ　ジョウギョウジテン","① 飲食店営業","","熊本県熊本市中央区坪井4-19-22","",32.816764,130.716597,"0963450008","株式会社ヒライ","2330001009088","熊本県熊本市西区春日7丁目26-70","指令（食保）第51876号",2025/02/28,2025/02/28,2025/02/28,2031/02/28,"","許可","",""
"043100","fBiz00000192360000000034","熊本県","熊本市中央区","ヒライ　浄行寺店","ヒライ　ジョウギョウジテン","⑬ その他の食料・飲料販売業","","熊本県熊本市中央区坪井4-19-22","",32.816547,130.716253,"0963450008","株式会社ヒライ","2330001009088","熊本県熊本市西区春日7丁目26-70","","","","","","","届出","",""
"043100","fBiz00000192360000000035","熊本県","熊本市中央区","ヒライ　清水バイパス店","ヒライ　シミズバイパステン","⑬ その他の食料・飲料販売業","","熊本県熊本市北区山室5-5-5","",32.845239,130.716510,"0963430020","株式会社ヒライ","2330001009088","熊本県熊本市西区春日7丁目26-70","","","","","","","届出","",""
"043100","fBiz00000192360000000036","熊本県","熊本市中央区","ヒライ　田迎けやき通り店","ヒライ　タムカエケヤキドオリテン","⑬ その他の食料・飲料販売業","","熊本県熊本市南区田迎4-5-12","",32.774807,130.713233,"0963796550","株式会社ヒライ","2330001009088","熊本県熊本市西区春日7丁目26-70","","","","","","","届出","",""
"043100","fBiz00000192360000000038","熊本県","熊本市中央区","ヒライ　浜線健康パーク前店","ヒライ　ハマセンケンコウパークマエテン","⑬ その他の食料・飲料販売業","","熊本県熊本市東区画図町大字重富字道下487-1","",32.757776,130.732892,"0963703332","株式会社ヒライ","2330001009088","熊本県熊本市西区春日7丁目26-70","","","","","","","届出","",""
"043100","fBiz00000192360000000039","熊本県","熊本市中央区","ヒライ　富合基地前店","ヒライ　トミアイキチマエテン","⑬ その他の食料・飲料販売業","","熊本県熊本市南区富合町田尻字戸﨑前411-2","",32.698555,130.679068,"0963578181","株式会社ヒライ","2330001009088","熊本県熊本市西区春日7丁目26-70","","","","","","","届出","",""
"043100","fBiz00000192360000000040","熊本県","熊本市中央区","ヒライ　上代店","ヒライ　カミダイテン","① 飲食店営業","","熊本県熊本市西区上代7-29-10","",32.776863,130.664141,"0963291188","株式会社ヒライ","2330001009088","熊本県熊本市西区春日7丁目26-70","指令（食保）第52057号",2025/06/02,2025/06/02,2025/06/02,2031/05/31,"","許可","",""
"043100","fBiz00000192360000000040","熊本県","熊本市中央区","ヒライ　上代店","ヒライ　カミダイテン","⑬ その他の食料・飲料販売業","","熊本県熊本市西区上代7-29-10","",32.776826,130.664146,"0963291188","株式会社ヒライ","2330001009088","熊本県熊本市西区春日7丁目26-70","","","","","","","届出","",""
"043100","fBiz00000192360000000041","熊本県","熊本市中央区","ヒライ　田原坂公園前店","ヒライ　タバルザカコウエンマエテン","⑬ その他の食料・飲料販売業","","熊本県熊本市北区植木町鈴麦239","",32.918678,130.638770,"0962476366","株式会社ヒライ","2330001009088","熊本県熊本市西区春日7丁目26-70","","","","","","","届出","",""
"043100","fBiz00000192360000000042","熊本県","熊本市中央区","ヒライ　天明奥古閑店","ヒライ　テンメイオクコガテン","⑬ その他の食料・飲料販売業","","熊本県熊本市南区奥古閑町303-3","",32.730953,130.639860,"0963426618","株式会社ヒライ","2330001009088","熊本県熊本市西区春日7丁目26-70","","","","","","","届出","",""
"043100","fBiz00000192360000000043","熊本県","熊本市中央区","ヒライ　九品寺店","ヒライ　クホンシテン","⑬ その他の食料・飲料販売業","","熊本県熊本市中央区九品寺3-16-55","",32.794182,130.716162,"0962736221","株式会社ヒライ","2330001009088","熊本県熊本市西区春日7丁目26-70","","","","","","","届出","",""
"043100","fBiz00000192360000000044","熊本県","熊本市中央区","ヒライ　八反田店","ヒライ　ハッタンダテン","⑬ その他の食料・飲料販売業","","熊本県熊本市東区西原2-11-83","",32.815803,130.756558,"0962738704","株式会社ヒライ","2330001009088","熊本県熊本市西区春日7丁目26-70","","","","","","","届出","",""
"043100","fBiz00000192360000000045","熊本県","熊本市中央区","ヒライ　京町台店","ヒライ　キョウマチダイテン","⑬ その他の食料・飲料販売業","","熊本県熊本市西区池田1-15-53","",32.824323,130.706492,"0962880743","株式会社ヒライ","2330001009088","熊本県熊本市西区春日7丁目26-70","","","","","","","届出","",""
"043100","fBiz00000192360000000046","熊本県","熊本市中央区","ヒライ　東海大通り店","ヒライ　トウカイダイドオリテン","⑬ その他の食料・飲料販売業","","熊本県熊本市東区新南部5-1-12","",32.817839,130.748563,"0962887402","株式会社ヒライ","2330001009088","熊本県熊本市西区春日7丁目26-70","","","","","","","届出","",""
"043100","fBiz00000192360000000047","熊本県","熊本市中央区","ヒライ　植木店","ヒライ　ウエキテン","⑬ その他の食料・飲料販売業","","熊本県熊本市北区植木町大字岩野37-1","",32.916394,130.691199,"0962721932","株式会社ヒライ","2330001009088","熊本県熊本市西区春日7丁目26-70","","","","","","","届出","",""
"043100","fBiz00000192360000000062","熊本県","熊本市中央区","ヒライ　清水バイパス店","ヒライ　シミズバイパステン","① 飲食店営業","","熊本県熊本市北区山室５丁目５－５","",32.845241,130.716519,"096-343-0020","株式会社ヒライ","2330001009088","熊本県熊本市西区春日7丁目26-70","指令（食保）第50423号",2023/02/07,2023/02/07,2023/02/07,2029/02/28,"","許可","",""
"043100","fBiz00000192360000000068","熊本県","熊本市中央区","㈱ヒライ　浜線健康パーク前店","ヒライ　ハマセンケンコウパークマエテン","① 飲食店営業","","熊本県熊本市東区画図町重富道下487-1","",32.763348,130.731260,"","株式会社ヒライ","2330001009088","熊本県熊本市西区春日7丁目26-70","指令（食保）第50613号",2023/05/22,2023/05/22,2023/05/22,2029/05/31,"","許可","",""
"043100","fBiz00000192360000000070","熊本県","熊本市中央区","㈱ヒライ　ジーダイニングプレミアム下通店","カブ　ヒライ　ジーダイニングプレミアムシモトオリテン","① 飲食店営業","","熊本県熊本市中央区下通1丁目3　ココサＢ1Ｆ","",32.802305,130.708857,"","株式会社ヒライ","2330001009088","熊本県熊本市西区春日7丁目26-70","指令（食保）第50612号",2023/05/19,2023/05/19,2023/06/01,2029/05/31,"","許可","",""
"043100","fBiz00000192360000000072","熊本県","熊本市中央区","お弁当のヒライ　スーパーキッド新外店","オベントウノヒライ　スーパーキッドシンホカテン","① 飲食店営業","","熊本県熊本市東区尾ノ上4丁目11-12","",32.797712,130.760905,"0962739052","株式会社ヒライ","2330001009088","熊本県熊本市西区春日7丁目26-70","指令(食保)第50614号",2023/05/19,2023/05/19,2023/06/01,2029/05/31,"","許可","なし",""
"043100","fBiz00000192360000000074","熊本県","熊本市中央区","お弁当のヒライ　田迎けやき通り","オベントウノヒライ　タムカエケヤキドオリ","① 飲食店営業","","熊本県熊本市南区田迎４丁目５番１２号","",32.774814,130.713223,"096-379-6550","株式会社ヒライ","2330001009088","熊本県熊本市西区春日7丁目26-70","食保（指令）第50660号",2023/06/14,2023/06/14,2023/06/14,2029/08/31,"","許可","",""
"043100","fBiz00000192360000000075","熊本県","熊本市中央区","おべんとうのヒライ　マルショク健軍店","オベントウノヒライ　マルショクケングンテン","① 飲食店営業","","熊本県熊本市東区若葉1丁目34-1","",32.776544,130.761743,"","株式会社ヒライ","2330001009088","熊本県熊本市西区春日7丁目26-70","指令（食保）第50820号",2023/08/21,2023/08/21,2023/09/01,2029/08/31,"","許可","",""
"043100","fBiz00000192360000000076","熊本県","熊本市中央区","おべんとうのヒライ　長嶺マルショク店","オベントウノヒライ　ナガミネマルショクテン","① 飲食店営業","","熊本県熊本市東区御領1丁目8-48","",32.819215,130.762653,"","株式会社ヒライ","2330001009088","熊本県熊本市西区春日7丁目26-70","指令（食保）第50821号",2023/08/21,2023/08/21,2023/09/01,2029/08/31,"","許可","",""
"043100","fBiz00000192360000000078","熊本県","熊本市中央区","おべんとうのヒライ　しみずサンリブ店","オベントウノヒライ　シミズサンリブテン","① 飲食店営業","","熊本県熊本市北区麻生田3丁目1-1","",32.848941,130.741079,"","株式会社ヒライ","2330001009088","熊本県熊本市西区春日7丁目26-70","指令（食保）第50819号",2023/08/24,2023/08/24,2023/09/01,2029/08/31,"","許可","",""
"043100","fBiz00000192360000000079","熊本県","熊本市中央区","お弁当のヒライ　富合店","オベントウノヒライ　トミアイテン","① 飲食店営業","","熊本県熊本市南区富合町志々水9-2","",32.712959,130.675800,"096-358-3936","株式会社ヒライ","2330001009088","熊本県熊本市西区春日7丁目26-70","50822",2023/08/22,2023/08/22,2023/08/22,2029/08/22,"","許可","",""
"043100","fBiz00000192360000000083","熊本県","熊本市中央区","ヒライ　九品寺店","ヒライ　クホンジテン","① 飲食店営業","","熊本県熊本市中央区九品寺3-16-55","",32.794177,130.716172,"0962736221","株式会社ヒライ","2330001009088","熊本県熊本市西区春日7丁目26-70","指令（食保）第50953号",2023/11/17,2023/11/17,2023/11/17,2029/11/30,"","許可","",""
"043100","fBiz00000192360000000099","熊本県","熊本市中央区","ヒライ　戸島店","ヒライ　トシマテン","① 飲食店営業","食堂","熊本県熊本市東区戸島町小山桃尾458","",32.826926,130.819136,"096-380-8947","株式会社ヒライ","2330001009088","熊本県熊本市西区春日7丁目26-70","指令（食保）第51636号",2024/09/30,2024/09/30,2024/09/30,2030/11/30,"","許可","",""
"043100","fBiz00000192360000000104","熊本県","熊本市中央区","ヒライ　マルエイ近見店","ヒライ　マルエイチカミテン","① 飲食店営業","","熊本県熊本市南区近見8丁目6-95","",32.761092,130.692909,"096-227-6931","株式会社ヒライ","2330001009088","熊本県熊本市西区春日7丁目26-70","指令（食保）第51875号",2025/02/27,2025/02/27,2025/03/01,2031/02/28,"","許可","",""
"043100","fBiz00000192360000000108","熊本県","熊本市中央区","ヒライ　江津マルショク店","ヒライ　エヅマルショクテン","① 飲食店営業","","熊本県熊本市東区江津4-4-1","",32.773357,130.735178,"096-377-5055","株式会社ヒライ","2330001009088","熊本県熊本市西区春日7丁目26-70","指令（食保）第52056号",2025/05/28,2025/05/28,2025/06/01,2031/05/31,"","許可","",""
"043100","fBiz00000192360000000112","熊本県","熊本市中央区","ヒライ　スーパーキッド田井島店","ヒライ　スーパーキッドタイノシマテン","① 飲食店営業","","熊本県熊本市南区田井島2丁目3-28","",32.765988,130.720688,"096-285-3026","株式会社ヒライ","2330001009088","熊本県熊本市西区春日7丁目26-70","指令（食保）第52177号",2025/08/01,2025/08/01,2025/09/01,2032/08/31,"","許可","",""
"043100","fBiz00000192360000000117","熊本県","熊本市中央区","ヒライ　サクラマチクマモト店","ヒライ　サクラマチクマモトテン","① 飲食店営業","","熊本県熊本市中央区桜町3番10号","SAKURAMACHI　Kumamoto　B1",32.800370,130.703729,"096-342-5386","株式会社ヒライ","2330001009088","熊本県熊本市西区春日7丁目26-70","指令（食保）第52319号",2025/10/28,2025/10/28,2025/12/01,2031/11/30,"","許可","",""
"043100","fBiz00000193960000000056","熊本県","熊本市中央区","タイヘイ株式会社　熊本営業所","タイヘイカブシキガイシャ　クマモトエイギョウショ","① 魚介類販売業（包装済みの魚介類のみの販売）","","熊本県熊本市南区御幸西2-1-48-1Ｆ","",32.760594,130.705879,"096-377-5050","タイヘイ株式会社","9040001061120","千葉県匝瑳市八日市場イ2614","","","","","","","届出","",""
"043100","fBiz00000193960000000056","熊本県","熊本市中央区","タイヘイ株式会社　熊本営業所","タイヘイカブシキガイシャ　クマモトエイギョウショ","② 食肉販売業（包装済みの食肉のみの販売）","","熊本県熊本市南区御幸西2-1-48-1Ｆ","",32.760594,130.705879,"096-377-5050","タイヘイ株式会社","9040001061120","千葉県匝瑳市八日市場イ2614","","","","","","","届出","",""
"043100","fBiz00000193960000000056","熊本県","熊本市中央区","タイヘイ株式会社　熊本営業所","タイヘイカブシキガイシャ　クマモトエイギョウショ","③ 乳類販売業","","熊本県熊本市南区御幸西2-1-48-1Ｆ","",32.760594,130.705879,"096-377-5050","タイヘイ株式会社","9040001061120","千葉県匝瑳市八日市場イ2614","","","","","","","届出","",""
"043100","fBiz00000194450000000001","熊本県","熊本市中央区","御幸病院売店","ミユキビョウインバイテン","⑩ コンビニエンスストア","","熊本県熊本市南区御幸笛田６丁目７番４０号","御幸病院内",32.758987,130.710929,"096-378-2323","","","熊本県熊本市南区御幸笛田６丁目８番１号","","","","","","","届出","",""
"043100","fBiz00000194450000000002","熊本県","熊本市中央区","ぼたん園売店","ボタンエンバイテン","⑩ コンビニエンスストア","","熊本県熊本市南区御幸笛田６丁目８番１号","ぼたん園内",32.758211,130.709625,"096-378-2323","","","熊本県熊本市南区御幸笛田６丁目８番１号","","","","","","","届出","",""
"043100","fBiz00000194840000000046","熊本県","熊本市中央区","","","① 飲食店営業","","","","","","","","","","指令（食保）第51325号",2022/04/22,2022/04/22,2022/04/22,2028/05/31,"","許可","",""
"043100","fBiz00000194840000000049","熊本県","熊本市中央区","","","⑪ 百貨店、総合スーパー","食料品スーパー","","","","","","","","","","","","","","","届出","",""
"043100","fBiz00000196700000000081","熊本県","熊本市中央区","中村学園事業部２３４１０ー菓子製造","ナカムラガクエンジギョウブニサンヨンイチゼローカシセイゾウ","⑪ 菓子製造業","","熊本県熊本市中央区大江2丁目5-1","熊本学園大学１２号館１階",32.804051,130.728974,"","学校法人中村学園","7290005001256","福岡県福岡市城南区別府五丁目７番１号","50834",2023/08/25,2023/08/25,2023/09/01,2029/08/31,"","許可","",""
"043100","fBiz00000196700000000124","熊本県","熊本市中央区","中村学園事業部26300","ナカムラガクエンジギョウブニロクサンゼロゼロ","① 飲食店営業","食堂","熊本県熊本市東区花立2丁目22-10","九電工熊本支店　桜木寮内食堂",32.780864,130.776720,"096-360-1377","学校法人中村学園","7290005001256","福岡県福岡市城南区別府五丁目７番１号","指令（食保）第52049号",2025/05/21,2025/05/21,2025/06/01,2031/05/31,"","許可","",""
"043100","fBiz00000197140000000001","熊本県","熊本市中央区","","","⑤ コップ式自動販売機（自動洗浄・屋内設置）","","","","","","","","","","","","","","","","届出","",""
"043100","fBiz00000197140000000002","熊本県","熊本市中央区","","","⑤ コップ式自動販売機（自動洗浄・屋内設置）","","","","","","","","","","","","","","","","届出","",""
"043100","fBiz00000197140000000003","熊本県","熊本市中央区","","","⑤ コップ式自動販売機（自動洗浄・屋内設置）","","","","","","","","","","","","","","","","届出","",""
"043100","fBiz00000197140000000004","熊本県","熊本市中央区","","","⑤ コップ式自動販売機（自動洗浄・屋内設置）","","","","","","","","","","","","","","","","届出","",""
"043100","fBiz00000197140000000006","熊本県","熊本市中央区","","","⑤ コップ式自動販売機（自動洗浄・屋内設置）","","","","","","","","","","","","","","","","届出","",""
"043100","fBiz00000197140000000008","熊本県","熊本市中央区","","","⑤ コップ式自動販売機（自動洗浄・屋内設置）","","","","","","","","","","","","","","","","届出","",""
"043100","fBiz00000197140000000009","熊本県","熊本市中央区","","","⑤ コップ式自動販売機（自動洗浄・屋内設置）","","","","","","","","","","","","","","","","届出","",""
"043100","fBiz00000197140000000011","熊本県","熊本市中央区","","","⑤ コップ式自動販売機（自動洗浄・屋内設置）","","","","","","","","","","","","","","","","届出","",""
"043100","fBiz00000197140000000012","熊本県","熊本市中央区","","","⑤ コップ式自動販売機（自動洗浄・屋内設置）","","","","","","","","","","","","","","","","届出","",""
"043100","fBiz00000197140000000041","熊本県","熊本市中央区","","","⑤ コップ式自動販売機（自動洗浄・屋内設置）","","","","","","","","","","","","","","","","届出","",""
"043100","fBiz00000197140000000044","熊本県","熊本市中央区","","","⑤ コップ式自動販売機（自動洗浄・屋内設置）","","","","","","","","","","","","","","","","届出","",""
"043100","fBiz00000197140000000045","熊本県","熊本市中央区","","","⑤ コップ式自動販売機（自動洗浄・屋内設置）","","","","","","","","","","","","","","","","届出","",""
"043100","fBiz00000197140000000046","熊本県","熊本市中央区","","","⑤ コップ式自動販売機（自動洗浄・屋内設置）","","","","","","","","","","","","","","","","届出","",""
"043100","fBiz00000197140000000047","熊本県","熊本市中央区","","","⑤ コップ式自動販売機（自動洗浄・屋内設置）","","","","","","","","","","","","","","","","届出","",""
"043100","fBiz00000197140000000049","熊本県","熊本市中央区","","","⑤ コップ式自動販売機（自動洗浄・屋内設置）","","","","","","","","","","","","","","","","届出","",""
"043100","fBiz00000197140000000050","熊本県","熊本市中央区","","","⑤ コップ式自動販売機（自動洗浄・屋内設置）","","","","","","","","","","","","","","","","届出","",""
"043100","fBiz00000197140000000052","熊本県","熊本市中央区","","","⑤ コップ式自動販売機（自動洗浄・屋内設置）","","","","","","","","","","","","","","","","届出","",""
"043100","fBiz00000197140000000053","熊本県","熊本市中央区","","","⑤ コップ式自動販売機（自動洗浄・屋内設置）","","","","","","","","","","","","","","","","届出","",""
"043100","fBiz00000197140000000061","熊本県","熊本市中央区","","","⑤ コップ式自動販売機（自動洗浄・屋内設置）","","","","","","","","","","","","","","","","届出","",""
"043100","fBiz00000197140000000062","熊本県","熊本市中央区","","","⑤ コップ式自動販売機（自動洗浄・屋内設置）","","","","","","","","","","","","","","","","届出","",""
"043100","fBiz00000197140000000073","熊本県","熊本市中央区","","","⑤ コップ式自動販売機（自動洗浄・屋内設置）","","","","","","","","","","","","","","","","届出","",""
"043100","fBiz00000197140000000074","熊本県","熊本市中央区","","","⑤ コップ式自動販売機（自動洗浄・屋内設置）","","","","","","","","","","","","","","","","届出","",""
"043100","fBiz00000197140000000076","熊本県","熊本市中央区","","","⑤ コップ式自動販売機（自動洗浄・屋内設置）","","","","","","","","","","","","","","","","届出","",""
"043100","fBiz00000197140000000143","熊本県","熊本市中央区","","","⑤ コップ式自動販売機（自動洗浄・屋内設置）","","","","","","","","","","","","","","","","届出","",""
"043100","fBiz00000197140000000219","熊本県","熊本市中央区","","","⑤ コップ式自動販売機（自動洗浄・屋内設置）","","","","","","","","","","","","","","","","届出","",""
"043100","fBiz00000197140000000387","熊本県","熊本市中央区","","","⑤ コップ式自動販売機（自動洗浄・屋内設置）","","","","","","","","","","","","","","","","届出","",""
"043100","fBiz00000197140000000388","熊本県","熊本市中央区","","","⑤ コップ式自動販売機（自動洗浄・屋内設置）","","","","","","","","","","","","","","","","届出","",""
"043100","fBiz00000197140000000390","熊本県","熊本市中央区","","","⑤ コップ式自動販売機（自動洗浄・屋内設置）","","","","","","","","","","","","","","","","届出","",""
"043100","fBiz00000197140000000392","熊本県","熊本市中央区","","","⑤ コップ式自動販売機（自動洗浄・屋内設置）","","","","","","","","","","","","","","","","届出","",""
"043100","fBiz00000197140000000404","熊本県","熊本市中央区","","","⑤ コップ式自動販売機（自動洗浄・屋内設置）","","","","","","","","","","","","","","","","届出","",""
"043100","fBiz00000197140000000405","熊本県","熊本市中央区","","","⑤ コップ式自動販売機（自動洗浄・屋内設置）","","","","","","","","","","","","","","","","届出","",""
"043100","fBiz00000197140000000406","熊本県","熊本市中央区","","","⑤ コップ式自動販売機（自動洗浄・屋内設置）","","","","","","","","","","","","","","","","届出","",""
"043100","fBiz00000197140000000407","熊本県","熊本市中央区","","","⑤ コップ式自動販売機（自動洗浄・屋内設置）","","","","","","","","","","","","","","","","届出","",""
"043100","fBiz00000197140000000409","熊本県","熊本市中央区","","","⑤ コップ式自動販売機（自動洗浄・屋内設置）","","","","","","","","","","","","","","","","届出","",""
"043100","fBiz00000197140000000412","熊本県","熊本市中央区","","","⑤ コップ式自動販売機（自動洗浄・屋内設置）","","","","","","","","","","","","","","","","届出","",""
"043100","fBiz00000197140000000417","熊本県","熊本市中央区","","","⑤ コップ式自動販売機（自動洗浄・屋内設置）","","","","","","","","","","","","","","","","届出","",""
"043100","fBiz00000197140000000457","熊本県","熊本市中央区","","","⑤ コップ式自動販売機（自動洗浄・屋内設置）","","","","","","","","","","","","","","","","届出","",""
"043100","fBiz00000197140000000478","熊本県","熊本市中央区","","","⑤ コップ式自動販売機（自動洗浄・屋内設置）","","","","","","","","","","","","","","","","届出","",""
"043100","fBiz00000197140000000479","熊本県","熊本市中央区","","","② 調理機能を有する自動販売機（要許可）","","","","","","","","","","指令（食保）第50204号",2022/07/29,2022/07/29,2022/07/29,2028/08/31,"","許可","なし",""
"043100","fBiz00000197140000000480","熊本県","熊本市中央区","","","⑤ コップ式自動販売機（自動洗浄・屋内設置）","","","","","","","","","","","","","","","","届出","",""
"043100","fBiz00000197140000000481","熊本県","熊本市中央区","","","⑤ コップ式自動販売機（自動洗浄・屋内設置）","","","","","","","","","","","","","","","","届出","",""
"043100","fBiz00000197140000000482","熊本県","熊本市中央区","","","⑤ コップ式自動販売機（自動洗浄・屋内設置）","","","","","","","","","","","","","","","","届出","",""
"043100","fBiz00000197140000000483","熊本県","熊本市中央区","","","⑤ コップ式自動販売機（自動洗浄・屋内設置）","","","","","","","","","","","","","","","","届出","",""
"043100","fBiz00000197140000000484","熊本県","熊本市中央区","","","⑤ コップ式自動販売機（自動洗浄・屋内設置）","","","","","","","","","","","","","","","","届出","",""
"043100","fBiz00000197140000000485","熊本県","熊本市中央区","","","⑤ コップ式自動販売機（自動洗浄・屋内設置）","","","","","","","","","","","","","","","","届出","",""
"043100","fBiz00000197140000000487","熊本県","熊本市中央区","","","⑤ コップ式自動販売機（自動洗浄・屋内設置）","","","","","","","","","","","","","","","","届出","",""
"043100","fBiz00000197140000000501","熊本県","熊本市中央区","","","② 調理機能を有する自動販売機（要許可）","","","","","","","","","","指令（食保）第50266号",2022/09/09,2022/09/09,2022/09/09,2028/11/30,"","許可","",""
"043100","fBiz00000197140000000510","熊本県","熊本市中央区","","","⑤ コップ式自動販売機（自動洗浄・屋内設置）","","","","","","","","","","","","","","","","届出","",""
"043100","fBiz00000197140000000513","熊本県","熊本市中央区","","","⑤ コップ式自動販売機（自動洗浄・屋内設置）","","","","","","","","","","","","","","","","届出","",""
"043100","fBiz00000197140000000514","熊本県","熊本市中央区","","","⑤ コップ式自動販売機（自動洗浄・屋内設置）","","","","","","","","","","","","","","","","届出","",""
"043100","fBiz00000197140000000515","熊本県","熊本市中央区","","","⑤ コップ式自動販売機（自動洗浄・屋内設置）","","","","","","","","","","","","","","","","届出","",""
"043100","fBiz00000197140000000516","熊本県","熊本市中央区","","","⑤ コップ式自動販売機（自動洗浄・屋内設置）","","","","","","","","","","","","","","","","届出","",""
"043100","fBiz00000197140000000519","熊本県","熊本市中央区","","","⑤ コップ式自動販売機（自動洗浄・屋内設置）","","","","","","","","","","","","","","","","届出","",""
"043100","fBiz00000197140000000520","熊本県","熊本市中央区","","","⑤ コップ式自動販売機（自動洗浄・屋内設置）","","","","","","","","","","","","","","","","届出","",""
"043100","fBiz00000197140000000522","熊本県","熊本市中央区","","","⑤ コップ式自動販売機（自動洗浄・屋内設置）","","","","","","","","","","","","","","","","届出","",""
"043100","fBiz00000197140000000523","熊本県","熊本市中央区","","","⑤ コップ式自動販売機（自動洗浄・屋内設置）","","","","","","","","","","","","","","","","届出","",""
"043100","fBiz00000197140000000524","熊本県","熊本市中央区","","","⑤ コップ式自動販売機（自動洗浄・屋内設置）","","","","","","","","","","","","","","","","届出","",""
"043100","fBiz00000197140000000525","熊本県","熊本市中央区","","","⑤ コップ式自動販売機（自動洗浄・屋内設置）","","","","","","","","","","","","","","","","届出","",""
"043100","fBiz00000197140000000526","熊本県","熊本市中央区","","","⑤ コップ式自動販売機（自動洗浄・屋内設置）","","","","","","","","","","","","","","","","届出","",""
"043100","fBiz00000197140000000527","熊本県","熊本市中央区","","","⑤ コップ式自動販売機（自動洗浄・屋内設置）","","","","","","","","","","","","","","","","届出","",""
"043100","fBiz00000197140000000528","熊本県","熊本市中央区","","","⑤ コップ式自動販売機（自動洗浄・屋内設置）","","","","","","","","","","","","","","","","届出","",""
"043100","fBiz00000197140000000535","熊本県","熊本市中央区","","","⑤ コップ式自動販売機（自動洗浄・屋内設置）","","","","","","","","","","","","","","","","届出","",""
"043100","fBiz00000197140000000537","熊本県","熊本市中央区","","","② 調理機能を有する自動販売機（要許可）","","","","","","","","","","指令(食保)第50265号",2022/09/12,2022/09/12,2022/09/12,2028/11/30,"","許可","",""
"043100","fBiz00000197140000000539","熊本県","熊本市中央区","","","⑤ コップ式自動販売機（自動洗浄・屋内設置）","","","","","","","","","","","","","","","","届出","",""
"043100","fBiz00000197140000000541","熊本県","熊本市中央区","","","② 調理機能を有する自動販売機（要許可）","","","","","","","","","","指令（食保）第50267号",2022/09/15,2022/09/15,2022/09/15,2028/11/30,"","許可","",""
"043100","fBiz00000197140000000543","熊本県","熊本市中央区","","","⑤ コップ式自動販売機（自動洗浄・屋内設置）","","","","","","","","","","","","","","","","届出","",""
"043100","fBiz00000197140000000552","熊本県","熊本市中央区","","","⑤ コップ式自動販売機（自動洗浄・屋内設置）","","","","","","","","","","","","","","","","届出","",""
"043100","fBiz00000197140000000557","熊本県","熊本市中央区","","","⑤ コップ式自動販売機（自動洗浄・屋内設置）","","","","","","","","","","","","","","","","届出","",""
"043100","fBiz00000197140000000558","熊本県","熊本市中央区","","","⑤ コップ式自動販売機（自動洗浄・屋内設置）","","","","","","","","","","","","","","","","届出","",""
"043100","fBiz00000197140000000565","熊本県","熊本市中央区","","","⑤ コップ式自動販売機（自動洗浄・屋内設置）","","","","","","","","","","","","","","","","届出","",""
"043100","fBiz00000197140000000567","熊本県","熊本市中央区","","","⑤ コップ式自動販売機（自動洗浄・屋内設置）","","","","","","","","","","","","","","","","届出","",""
"043100","fBiz00000197140000000568","熊本県","熊本市中央区","","","⑤ コップ式自動販売機（自動洗浄・屋内設置）","","","","","","","","","","","","","","","","届出","",""
"043100","fBiz00000197140000000572","熊本県","熊本市中央区","","","⑤ コップ式自動販売機（自動洗浄・屋内設置）","","","","","","","","","","","","","","","","届出","",""
"043100","fBiz00000197140000000576","熊本県","熊本市中央区","","","② 調理機能を有する自動販売機（要許可）","","","","","","","","","","指令（食保）第50353号",2022/11/22,2022/11/22,2022/11/22,2022/11/30,"","許可","",""
"043100","fBiz00000197140000000588","熊本県","熊本市中央区","","","⑤ コップ式自動販売機（自動洗浄・屋内設置）","","","","","","","","","","","","","","","","届出","",""
"043100","fBiz00000197140000000598","熊本県","熊本市中央区","","","⑤ コップ式自動販売機（自動洗浄・屋内設置）","","","","","","","","","","","","","","","","届出","",""
"043100","fBiz00000197140000000599","熊本県","熊本市中央区","","","⑤ コップ式自動販売機（自動洗浄・屋内設置）","","","","","","","","","","","","","","","","届出","",""
"043100","fBiz00000197140000000601","熊本県","熊本市中央区","","","⑤ コップ式自動販売機（自動洗浄・屋内設置）","","","","","","","","","","","","","","","","届出","",""
"043100","fBiz00000197140000000602","熊本県","熊本市中央区","","","⑤ コップ式自動販売機（自動洗浄・屋内設置）","","","","","","","","","","","","","","","","届出","",""
"043100","fBiz00000197140000000603","熊本県","熊本市中央区","","","⑤ コップ式自動販売機（自動洗浄・屋内設置）","","","","","","","","","","","","","","","","届出","",""
"043100","fBiz00000197140000000605","熊本県","熊本市中央区","","","⑤ コップ式自動販売機（自動洗浄・屋内設置）","","","","","","","","","","","","","","","","届出","",""
"043100","fBiz00000197140000000606","熊本県","熊本市中央区","","","⑤ コップ式自動販売機（自動洗浄・屋内設置）","","","","","","","","","","","","","","","","届出","",""
"043100","fBiz00000197140000000611","熊本県","熊本市中央区","","","⑤ コップ式自動販売機（自動洗浄・屋内設置）","","","","","","","","","","","","","","","","届出","",""
"043100","fBiz00000197140000000619","熊本県","熊本市中央区","","","② 調理機能を有する自動販売機（要許可）","","","","","","","","","","指令（食保）第50478号",2023/02/28,2023/02/28,2023/03/01,2029/02/28,"","許可","",""
"043100","fBiz00000197140000000621","熊本県","熊本市中央区","","","② 調理機能を有する自動販売機（要許可）","","","","","","","","","","指令（食保）第50463号",2023/02/28,2023/02/28,2023/03/01,2029/02/28,"","許可","",""
"043100","fBiz00000197140000000622","熊本県","熊本市中央区","","","② 調理機能を有する自動販売機（要許可）","","","","","","","","","","指令（食保）第50470号",2023/02/27,2023/02/27,2023/03/01,2029/02/28,"","許可","",""
"043100","fBiz00000197140000000623","熊本県","熊本市中央区","","","⑤ コップ式自動販売機（自動洗浄・屋内設置）","","","","","","","","","","","","","","","","届出","",""
"043100","fBiz00000197140000000634","熊本県","熊本市中央区","","","⑤ コップ式自動販売機（自動洗浄・屋内設置）","","","","","","","","","","","","","","","","届出","",""
"043100","fBiz00000197140000000635","熊本県","熊本市中央区","","","⑤ コップ式自動販売機（自動洗浄・屋内設置）","","","","","","","","","","","","","","","","届出","",""
"043100","fBiz00000197140000000640","熊本県","熊本市中央区","","","⑤ コップ式自動販売機（自動洗浄・屋内設置）","","","","","","","","","","","","","","","","届出","",""
"043100","fBiz00000197140000000657","熊本県","熊本市中央区","","","⑤ コップ式自動販売機（自動洗浄・屋内設置）","","","","","","","","","","","","","","","","届出","",""
"043100","fBiz00000197140000000666","熊本県","熊本市中央区","","","⑤ コップ式自動販売機（自動洗浄・屋内設置）","","","","","","","","","","","","","","","","届出","",""
"043100","fBiz00000197140000000667","熊本県","熊本市中央区","","","⑤ コップ式自動販売機（自動洗浄・屋内設置）","","","","","","","","","","","","","","","","届出","",""
"043100","fBiz00000197140000000670","熊本県","熊本市中央区","","","⑤ コップ式自動販売機（自動洗浄・屋内設置）","","","","","","","","","","","","","","","","届出","",""
"043100","fBiz00000197140000000671","熊本県","熊本市中央区","","","⑤ コップ式自動販売機（自動洗浄・屋内設置）","","","","","","","","","","","","","","","","届出","",""
"043100","fBiz00000197140000000672","熊本県","熊本市中央区","","","⑤ コップ式自動販売機（自動洗浄・屋内設置）","","","","","","","","","","","","","","","","届出","",""
"043100","fBiz00000197140000000673","熊本県","熊本市中央区","","","⑤ コップ式自動販売機（自動洗浄・屋内設置）","","","","","","","","","","","","","","","","届出","",""
"043100","fBiz00000197140000000676","熊本県","熊本市中央区","","","⑤ コップ式自動販売機（自動洗浄・屋内設置）","","","","","","","","","","","","","","","","届出","",""
"043100","fBiz00000197140000000677","熊本県","熊本市中央区","","","⑤ コップ式自動販売機（自動洗浄・屋内設置）","","","","","","","","","","","","","","","","届出","",""
"043100","fBiz00000197140000000678","熊本県","熊本市中央区","","","⑤ コップ式自動販売機（自動洗浄・屋内設置）","","","","","","","","","","","","","","","","届出","",""
"043100","fBiz00000197140000000679","熊本県","熊本市中央区","","","⑤ コップ式自動販売機（自動洗浄・屋内設置）","","","","","","","","","","","","","","","","届出","",""
"043100","fBiz00000197140000000682","熊本県","熊本市中央区","","","⑤ コップ式自動販売機（自動洗浄・屋内設置）","","","","","","","","","","","","","","","","届出","",""
"043100","fBiz00000197140000000691","熊本県","熊本市中央区","","","⑤ コップ式自動販売機（自動洗浄・屋内設置）","","","","","","","","","","","","","","","","届出","",""
"043100","fBiz00000197140000000692","熊本県","熊本市中央区","","","⑤ コップ式自動販売機（自動洗浄・屋内設置）","","","","","","","","","","","","","","","","届出","",""
"043100","fBiz00000197140000000693","熊本県","熊本市中央区","","","⑤ コップ式自動販売機（自動洗浄・屋内設置）","","","","","","","","","","","","","","","","届出","",""
"043100","fBiz00000197140000000694","熊本県","熊本市中央区","","","⑤ コップ式自動販売機（自動洗浄・屋内設置）","","","","","","","","","","","","","","","","届出","",""
"043100","fBiz00000197140000000695","熊本県","熊本市中央区","","","⑤ コップ式自動販売機（自動洗浄・屋内設置）","","","","","","","","","","","","","","","","届出","",""
"043100","fBiz00000197140000000696","熊本県","熊本市中央区","","","⑤ コップ式自動販売機（自動洗浄・屋内設置）","","","","","","","","","","","","","","","","届出","",""
"043100","fBiz00000197140000000699","熊本県","熊本市中央区","","","⑤ コップ式自動販売機（自動洗浄・屋内設置）","","","","","","","","","","","","","","","","届出","",""
"043100","fBiz00000197140000000700","熊本県","熊本市中央区","","","⑤ コップ式自動販売機（自動洗浄・屋内設置）","","","","","","","","","","","","","","","","届出","",""
"043100","fBiz00000197140000000711","熊本県","熊本市中央区","","","⑤ コップ式自動販売機（自動洗浄・屋内設置）","","","","","","","","","","","","","","","","届出","",""
"043100","fBiz00000197140000000715","熊本県","熊本市中央区","","","⑤ コップ式自動販売機（自動洗浄・屋内設置）","","","","","","","","","","","","","","","","届出","",""
"043100","fBiz00000197140000000716","熊本県","熊本市中央区","","","⑤ コップ式自動販売機（自動洗浄・屋内設置）","","","","","","","","","","","","","","","","届出","",""
"043100","fBiz00000197140000000719","熊本県","熊本市中央区","","","⑤ コップ式自動販売機（自動洗浄・屋内設置）","","","","","","","","","","","","","","","","届出","",""
"043100","fBiz00000197140000000720","熊本県","熊本市中央区","","","⑤ コップ式自動販売機（自動洗浄・屋内設置）","","","","","","","","","","","","","","","","届出","",""
"043100","fBiz00000197140000000723","熊本県","熊本市中央区","","","⑤ コップ式自動販売機（自動洗浄・屋内設置）","","","","","","","","","","","","","","","","届出","",""
"043100","fBiz00000197140000000729","熊本県","熊本市中央区","","","⑤ コップ式自動販売機（自動洗浄・屋内設置）","","","","","","","","","","","","","","","","届出","",""
"043100","fBiz00000197140000000730","熊本県","熊本市中央区","","","⑤ コップ式自動販売機（自動洗浄・屋内設置）","","","","","","","","","","","","","","","","届出","",""
"043100","fBiz00000197140000000732","熊本県","熊本市中央区","","","⑤ コップ式自動販売機（自動洗浄・屋内設置）","","","","","","","","","","","","","","","","届出","",""
"043100","fBiz00000197140000000734","熊本県","熊本市中央区","","","⑤ コップ式自動販売機（自動洗浄・屋内設置）","","","","","","","","","","","","","","","","届出","",""
"043100","fBiz00000197140000000735","熊本県","熊本市中央区","","","⑤ コップ式自動販売機（自動洗浄・屋内設置）","","","","","","","","","","","","","","","","届出","",""
"043100","fBiz00000197140000000737","熊本県","熊本市中央区","","","⑤ コップ式自動販売機（自動洗浄・屋内設置）","","","","","","","","","","","","","","","","届出","",""
"043100","fBiz00000197140000000738","熊本県","熊本市中央区","","","⑤ コップ式自動販売機（自動洗浄・屋内設置）","","","","","","","","","","","","","","","","届出","",""
"043100","fBiz00000197140000000741","熊本県","熊本市中央区","","","⑤ コップ式自動販売機（自動洗浄・屋内設置）","","","","","","","","","","","","","","","","届出","",""
"043100","fBiz00000197140000000742","熊本県","熊本市中央区","","","⑤ コップ式自動販売機（自動洗浄・屋内設置）","","","","","","","","","","","","","","","","届出","",""
"043100","fBiz00000197140000000743","熊本県","熊本市中央区","","","⑤ コップ式自動販売機（自動洗浄・屋内設置）","","","","","","","","","","","","","","","","届出","",""
"043100","fBiz00000197140000000744","熊本県","熊本市中央区","","","⑤ コップ式自動販売機（自動洗浄・屋内設置）","","","","","","","","","","","","","","","","届出","",""
"043100","fBiz00000197140000000745","熊本県","熊本市中央区","","","⑤ コップ式自動販売機（自動洗浄・屋内設置）","","","","","","","","","","","","","","","","届出","",""
"043100","fBiz00000197140000000746","熊本県","熊本市中央区","","","⑤ コップ式自動販売機（自動洗浄・屋内設置）","","","","","","","","","","","","","","","","届出","",""
"043100","fBiz00000197140000000747","熊本県","熊本市中央区","","","⑤ コップ式自動販売機（自動洗浄・屋内設置）","","","","","","","","","","","","","","","","届出","",""
"043100","fBiz00000197140000000749","熊本県","熊本市中央区","","","⑤ コップ式自動販売機（自動洗浄・屋内設置）","","","","","","","","","","","","","","","","届出","",""
"043100","fBiz00000197140000000752","熊本県","熊本市中央区","","","⑤ コップ式自動販売機（自動洗浄・屋内設置）","","","","","","","","","","","","","","","","届出","",""
"043100","fBiz00000197140000000753","熊本県","熊本市中央区","","","⑤ コップ式自動販売機（自動洗浄・屋内設置）","","","","","","","","","","","","","","","","届出","",""
"043100","fBiz00000197140000000754","熊本県","熊本市中央区","","","⑤ コップ式自動販売機（自動洗浄・屋内設置）","","","","","","","","","","","","","","","","届出","",""
"043100","fBiz00000197140000000755","熊本県","熊本市中央区","","","⑤ コップ式自動販売機（自動洗浄・屋内設置）","","","","","","","","","","","","","","","","届出","",""
"043100","fBiz00000197140000000756","熊本県","熊本市中央区","","","⑤ コップ式自動販売機（自動洗浄・屋内設置）","","","","","","","","","","","","","","","","届出","",""
"043100","fBiz00000197140000000761","熊本県","熊本市中央区","","","② 調理機能を有する自動販売機（要許可）","","","","","","","","","","指令（食保）第50981号",2023/11/30,2023/11/30,2023/11/30,2029/11/30,"","許可","",""
"043100","fBiz00000197140000000763","熊本県","熊本市中央区","","","⑤ コップ式自動販売機（自動洗浄・屋内設置）","","","","","","","","","","","","","","","","届出","",""
"043100","fBiz00000197140000000764","熊本県","熊本市中央区","","","⑤ コップ式自動販売機（自動洗浄・屋内設置）","","","","","","","","","","","","","","","","届出","",""
"043100","fBiz00000197140000000771","熊本県","熊本市中央区","","","⑤ コップ式自動販売機（自動洗浄・屋内設置）","","","","","","","","","","","","","","","","届出","",""
"043100","fBiz00000197140000000772","熊本県","熊本市中央区","","","⑤ コップ式自動販売機（自動洗浄・屋内設置）","","","","","","","","","","","","","","","","届出","",""
"043100","fBiz00000197140000000774","熊本県","熊本市中央区","","","⑤ コップ式自動販売機（自動洗浄・屋内設置）","","","","","","","","","","","","","","","","届出","",""
"043100","fBiz00000197140000000775","熊本県","熊本市中央区","","","⑤ コップ式自動販売機（自動洗浄・屋内設置）","","","","","","","","","","","","","","","","届出","",""
"043100","fBiz00000197140000000776","熊本県","熊本市中央区","","","⑤ コップ式自動販売機（自動洗浄・屋内設置）","","","","","","","","","","","","","","","","届出","",""
"043100","fBiz00000197140000000792","熊本県","熊本市中央区","","","⑤ コップ式自動販売機（自動洗浄・屋内設置）","","","","","","","","","","","","","","","","届出","",""
"043100","fBiz00000197140000000793","熊本県","熊本市中央区","","","⑤ コップ式自動販売機（自動洗浄・屋内設置）","","","","","","","","","","","","","","","","届出","",""
"043100","fBiz00000197140000000794","熊本県","熊本市中央区","","","⑤ コップ式自動販売機（自動洗浄・屋内設置）","","","","","","","","","","","","","","","","届出","",""
"043100","fBiz00000197140000000795","熊本県","熊本市中央区","","","⑤ コップ式自動販売機（自動洗浄・屋内設置）","","","","","","","","","","","","","","","","届出","",""
"043100","fBiz00000197140000000796","熊本県","熊本市中央区","","","⑤ コップ式自動販売機（自動洗浄・屋内設置）","","","","","","","","","","","","","","","","届出","",""
"043100","fBiz00000197140000000797","熊本県","熊本市中央区","","","⑤ コップ式自動販売機（自動洗浄・屋内設置）","","","","","","","","","","","","","","","","届出","",""
"043100","fBiz00000197140000000798","熊本県","熊本市中央区","","","⑤ コップ式自動販売機（自動洗浄・屋内設置）","","","","","","","","","","","","","","","","届出","",""
"043100","fBiz00000197140000000799","熊本県","熊本市中央区","","","⑤ コップ式自動販売機（自動洗浄・屋内設置）","","","","","","","","","","","","","","","","届出","",""
"043100","fBiz00000197140000000800","熊本県","熊本市中央区","","","⑤ コップ式自動販売機（自動洗浄・屋内設置）","","","","","","","","","","","","","","","","届出","",""
"043100","fBiz00000197140000000801","熊本県","熊本市中央区","","","⑤ コップ式自動販売機（自動洗浄・屋内設置）","","","","","","","","","","","","","","","","届出","",""
"043100","fBiz00000197140000000802","熊本県","熊本市中央区","","","⑤ コップ式自動販売機（自動洗浄・屋内設置）","","","","","","","","","","","","","","","","届出","",""
"043100","fBiz00000197140000000805","熊本県","熊本市中央区","","","⑤ コップ式自動販売機（自動洗浄・屋内設置）","","","","","","","","","","","","","","","","届出","",""
"043100","fBiz00000197140000000806","熊本県","熊本市中央区","","","⑤ コップ式自動販売機（自動洗浄・屋内設置）","","","","","","","","","","","","","","","","届出","",""
"043100","fBiz00000197140000000807","熊本県","熊本市中央区","","","⑤ コップ式自動販売機（自動洗浄・屋内設置）","","","","","","","","","","","","","","","","届出","",""
"043100","fBiz00000197140000000808","熊本県","熊本市中央区","","","⑤ コップ式自動販売機（自動洗浄・屋内設置）","","","","","","","","","","","","","","","","届出","",""
"043100","fBiz00000197140000000809","熊本県","熊本市中央区","","","⑤ コップ式自動販売機（自動洗浄・屋内設置）","","","","","","","","","","","","","","","","届出","",""
"043100","fBiz00000197140000000810","熊本県","熊本市中央区","","","⑤ コップ式自動販売機（自動洗浄・屋内設置）","","","","","","","","","","","","","","","","届出","",""
"043100","fBiz00000197140000000811","熊本県","熊本市中央区","","","⑤ コップ式自動販売機（自動洗浄・屋内設置）","","","","","","","","","","","","","","","","届出","",""
"043100","fBiz00000197140000000812","熊本県","熊本市中央区","","","⑤ コップ式自動販売機（自動洗浄・屋内設置）","","","","","","","","","","","","","","","","届出","",""
"043100","fBiz00000197140000000813","熊本県","熊本市中央区","","","⑤ コップ式自動販売機（自動洗浄・屋内設置）","","","","","","","","","","","","","","","","届出","",""
"043100","fBiz00000197140000000819","熊本県","熊本市中央区","","","⑤ コップ式自動販売機（自動洗浄・屋内設置）","","","","","","","","","","","","","","","","届出","",""
"043100","fBiz00000197140000000822","熊本県","熊本市中央区","","","② 調理機能を有する自動販売機（要許可）","","","","","","","","","","指令（食保）第51065号",2024/02/20,2024/02/20,2024/02/20,2030/02/28,"","許可","",""
"043100","fBiz00000197140000000823","熊本県","熊本市中央区","","","② 調理機能を有する自動販売機（要許可）","","","","","","","","","","指令（食保）第51066号",2024/02/19,2024/02/19,2024/03/01,2030/02/28,"","許可","",""
"043100","fBiz00000197140000000824","熊本県","熊本市中央区","","","② 調理機能を有する自動販売機（要許可）","","","","","","","","","","指令（食保）第51076号",2024/02/22,2024/02/22,2024/02/22,2030/02/28,"","許可","",""
"043100","fBiz00000197140000000827","熊本県","熊本市中央区","","","⑤ コップ式自動販売機（自動洗浄・屋内設置）","","","","","","","","","","","","","","","","届出","",""
"043100","fBiz00000197140000000833","熊本県","熊本市中央区","","","⑤ コップ式自動販売機（自動洗浄・屋内設置）","","","","","","","","","","","","","","","","届出","",""
"043100","fBiz00000197140000000834","熊本県","熊本市中央区","","","⑤ コップ式自動販売機（自動洗浄・屋内設置）","","","","","","","","","","","","","","","","届出","",""
"043100","fBiz00000197140000000835","熊本県","熊本市中央区","","","⑤ コップ式自動販売機（自動洗浄・屋内設置）","","","","","","","","","","","","","","","","届出","",""
"043100","fBiz00000197140000000836","熊本県","熊本市中央区","","","⑤ コップ式自動販売機（自動洗浄・屋内設置）","","","","","","","","","","","","","","","","届出","",""
"043100","fBiz00000197140000000837","熊本県","熊本市中央区","","","⑤ コップ式自動販売機（自動洗浄・屋内設置）","","","","","","","","","","","","","","","","届出","",""
"043100","fBiz00000197140000000839","熊本県","熊本市中央区","","","② 調理機能を有する自動販売機（要許可）","","","","","","","","","","指令（食保）第5116号",2024/03/18,2024/03/18,2024/03/18,2030/05/31,"","許可","",""
"043100","fBiz00000197140000000845","熊本県","熊本市中央区","","","⑤ コップ式自動販売機（自動洗浄・屋内設置）","","","","","","","","","","","","","","","","届出","",""
"043100","fBiz00000197140000000846","熊本県","熊本市中央区","","","⑤ コップ式自動販売機（自動洗浄・屋内設置）","","","","","","","","","","","","","","","","届出","",""
"043100","fBiz00000197140000000850","熊本県","熊本市中央区","","","⑤ コップ式自動販売機（自動洗浄・屋内設置）","","","","","","","","","","","","","","","","届出","",""
"043100","fBiz00000197140000000852","熊本県","熊本市中央区","","","⑤ コップ式自動販売機（自動洗浄・屋内設置）","","","","","","","","","","","","","","","","届出","",""
"043100","fBiz00000197140000000855","熊本県","熊本市中央区","","","⑤ コップ式自動販売機（自動洗浄・屋内設置）","","","","","","","","","","","","","","","","届出","",""
"043100","fBiz00000197140000000858","熊本県","熊本市中央区","","","⑤ コップ式自動販売機（自動洗浄・屋内設置）","","","","","","","","","","","","","","","","届出","",""
"043100","fBiz00000197140000000864","熊本県","熊本市中央区","","","⑤ コップ式自動販売機（自動洗浄・屋内設置）","","","","","","","","","","","","","","","","届出","",""
"043100","fBiz00000197140000000866","熊本県","熊本市中央区","","","⑤ コップ式自動販売機（自動洗浄・屋内設置）","","","","","","","","","","","","","","","","届出","",""
"043100","fBiz00000197140000000872","熊本県","熊本市中央区","","","⑤ コップ式自動販売機（自動洗浄・屋内設置）","","","","","","","","","","","","","","","","届出","",""
"043100","fBiz00000197140000000873","熊本県","熊本市中央区","","","⑤ コップ式自動販売機（自動洗浄・屋内設置）","","","","","","","","","","","","","","","","届出","",""
"043100","fBiz00000197140000000876","熊本県","熊本市中央区","","","⑤ コップ式自動販売機（自動洗浄・屋内設置）","","","","","","","","","","","","","","","","届出","",""
"043100","fBiz00000197140000000878","熊本県","熊本市中央区","","","⑤ コップ式自動販売機（自動洗浄・屋内設置）","","","","","","","","","","","","","","","","届出","",""
"043100","fBiz00000197140000000884","熊本県","熊本市中央区","","","⑤ コップ式自動販売機（自動洗浄・屋内設置）","","","","","","","","","","","","","","","","届出","",""
"043100","fBiz00000197140000000888","熊本県","熊本市中央区","","","⑤ コップ式自動販売機（自動洗浄・屋内設置）","","","","","","","","","","","","","","","","届出","",""
"043100","fBiz00000197140000000890","熊本県","熊本市中央区","","","⑤ コップ式自動販売機（自動洗浄・屋内設置）","","","","","","","","","","","","","","","","届出","",""
"043100","fBiz00000197140000000891","熊本県","熊本市中央区","","","⑤ コップ式自動販売機（自動洗浄・屋内設置）","","","","","","","","","","","","","","","","届出","",""
"043100","fBiz00000197140000000893","熊本県","熊本市中央区","","","⑤ コップ式自動販売機（自動洗浄・屋内設置）","","","","","","","","","","","","","","","","届出","",""
"043100","fBiz00000197140000000894","熊本県","熊本市中央区","","","⑤ コップ式自動販売機（自動洗浄・屋内設置）","","","","","","","","","","","","","","","","届出","",""
"043100","fBiz00000197140000000896","熊本県","熊本市中央区","","","⑤ コップ式自動販売機（自動洗浄・屋内設置）","","","","","","","","","","","","","","","","届出","",""
"043100","fBiz00000197140000000897","熊本県","熊本市中央区","","","⑤ コップ式自動販売機（自動洗浄・屋内設置）","","","","","","","","","","","","","","","","届出","",""
"043100","fBiz00000197140000000898","熊本県","熊本市中央区","","","⑤ コップ式自動販売機（自動洗浄・屋内設置）","","","","","","","","","","","","","","","","届出","",""
"043100","fBiz00000197140000000899","熊本県","熊本市中央区","","","⑤ コップ式自動販売機（自動洗浄・屋内設置）","","","","","","","","","","","","","","","","届出","",""
"043100","fBiz00000197140000000901","熊本県","熊本市中央区","","","⑤ コップ式自動販売機（自動洗浄・屋内設置）","","","","","","","","","","","","","","","","届出","",""
"043100","fBiz00000197140000000902","熊本県","熊本市中央区","","","⑤ コップ式自動販売機（自動洗浄・屋内設置）","","","","","","","","","","","","","","","","届出","",""
"043100","fBiz00000197140000000903","熊本県","熊本市中央区","","","⑤ コップ式自動販売機（自動洗浄・屋内設置）","","","","","","","","","","","","","","","","届出","",""
"043100","fBiz00000197140000000904","熊本県","熊本市中央区","","","⑤ コップ式自動販売機（自動洗浄・屋内設置）","","","","","","","","","","","","","","","","届出","",""
"043100","fBiz00000197140000000906","熊本県","熊本市中央区","","","⑤ コップ式自動販売機（自動洗浄・屋内設置）","","","","","","","","","","","","","","","","届出","",""
"043100","fBiz00000197140000000909","熊本県","熊本市中央区","","","⑤ コップ式自動販売機（自動洗浄・屋内設置）","","","","","","","","","","","","","","","","届出","",""
"043100","fBiz00000197140000000910","熊本県","熊本市中央区","","","⑤ コップ式自動販売機（自動洗浄・屋内設置）","","","","","","","","","","","","","","","","届出","",""
"043100","fBiz00000197140000000915","熊本県","熊本市中央区","","","② 調理機能を有する自動販売機（要許可）","","","","","","","","","","指令（食保）第51590号",2024/08/22,2024/08/22,2024/09/01,2030/08/31,"","許可","無し",""
"043100","fBiz00000197140000000916","熊本県","熊本市中央区","","","② 調理機能を有する自動販売機（要許可）","","","","","","","","","","指令（食保）51591号",2024/08/21,2024/08/21,2024/08/21,2030/08/31,"","許可","",""
"043100","fBiz00000197140000000948","熊本県","熊本市中央区","","","⑤ コップ式自動販売機（自動洗浄・屋内設置）","","","","","","","","","","","","","","","","届出","",""
"043100","fBiz00000197140000000949","熊本県","熊本市中央区","","","⑤ コップ式自動販売機（自動洗浄・屋内設置）","","","","","","","","","","","","","","","","届出","",""
"043100","fBiz00000197140000000950","熊本県","熊本市中央区","","","⑤ コップ式自動販売機（自動洗浄・屋内設置）","","","","","","","","","","","","","","","","届出","",""
"043100","fBiz00000197140000000951","熊本県","熊本市中央区","","","⑤ コップ式自動販売機（自動洗浄・屋内設置）","","","","","","","","","","","","","","","","届出","",""
"043100","fBiz00000197140000000954","熊本県","熊本市中央区","","","⑤ コップ式自動販売機（自動洗浄・屋内設置）","","","","","","","","","","","","","","","","届出","",""
"043100","fBiz00000197140000000964","熊本県","熊本市中央区","","","⑤ コップ式自動販売機（自動洗浄・屋内設置）","","","","","","","","","","","","","","","","届出","",""
"043100","fBiz00000197140000000971","熊本県","熊本市中央区","","","⑤ コップ式自動販売機（自動洗浄・屋内設置）","","","","","","","","","","","","","","","","届出","",""
"043100","fBiz00000197140000000972","熊本県","熊本市中央区","","","⑤ コップ式自動販売機（自動洗浄・屋内設置）","","","","","","","","","","","","","","","","届出","",""
"043100","fBiz00000197140000000973","熊本県","熊本市中央区","","","⑤ コップ式自動販売機（自動洗浄・屋内設置）","","","","","","","","","","","","","","","","届出","",""
"043100","fBiz00000197140000000976","熊本県","熊本市中央区","","","⑤ コップ式自動販売機（自動洗浄・屋内設置）","","","","","","","","","","","","","","","","届出","",""
"043100","fBiz00000197140000000977","熊本県","熊本市中央区","","","⑤ コップ式自動販売機（自動洗浄・屋内設置）","","","","","","","","","","","","","","","","届出","",""
"043100","fBiz00000197140000000978","熊本県","熊本市中央区","","","⑤ コップ式自動販売機（自動洗浄・屋内設置）","","","","","","","","","","","","","","","","届出","",""
"043100","fBiz00000197140000000981","熊本県","熊本市中央区","","","⑤ コップ式自動販売機（自動洗浄・屋内設置）","","","","","","","","","","","","","","","","届出","",""
"043100","fBiz00000197140000000984","熊本県","熊本市中央区","","","⑤ コップ式自動販売機（自動洗浄・屋内設置）","","","","","","","","","","","","","","","","届出","",""
"043100","fBiz00000197140000001003","熊本県","熊本市中央区","","","② 調理機能を有する自動販売機（要許可）","","","","","","","","","","食保（指令）第51703号",2024/11/14,2024/11/14,2024/12/01,2030/11/30,"","許可","",""
"043100","fBiz00000197140000001011","熊本県","熊本市中央区","","","⑤ コップ式自動販売機（自動洗浄・屋内設置）","","","","","","","","","","","","","","","","届出","",""
"043100","fBiz00000197140000001017","熊本県","熊本市中央区","","","⑤ コップ式自動販売機（自動洗浄・屋内設置）","","","","","","","","","","","","","","","","届出","",""
"043100","fBiz00000197140000001018","熊本県","熊本市中央区","","","⑤ コップ式自動販売機（自動洗浄・屋内設置）","","","","","","","","","","","","","","","","届出","",""
"043100","fBiz00000197140000001019","熊本県","熊本市中央区","","","⑤ コップ式自動販売機（自動洗浄・屋内設置）","","","","","","","","","","","","","","","","届出","",""
"043100","fBiz00000197140000001020","熊本県","熊本市中央区","","","⑤ コップ式自動販売機（自動洗浄・屋内設置）","","","","","","","","","","","","","","","","届出","",""
"043100","fBiz00000197140000001021","熊本県","熊本市中央区","","","⑤ コップ式自動販売機（自動洗浄・屋内設置）","","","","","","","","","","","","","","","","届出","",""
"043100","fBiz00000197140000001031","熊本県","熊本市中央区","","","⑤ コップ式自動販売機（自動洗浄・屋内設置）","","","","","","","","","","","","","","","","届出","",""
"043100","fBiz00000197140000001032","熊本県","熊本市中央区","","","⑤ コップ式自動販売機（自動洗浄・屋内設置）","","","","","","","","","","","","","","","","届出","",""
"043100","fBiz00000197140000001035","熊本県","熊本市中央区","","","⑤ コップ式自動販売機（自動洗浄・屋内設置）","","","","","","","","","","","","","","","","届出","",""
"043100","fBiz00000197140000001036","熊本県","熊本市中央区","","","⑤ コップ式自動販売機（自動洗浄・屋内設置）","","","","","","","","","","","","","","","","届出","",""
"043100","fBiz00000197140000001037","熊本県","熊本市中央区","","","⑤ コップ式自動販売機（自動洗浄・屋内設置）","","","","","","","","","","","","","","","","届出","",""
"043100","fBiz00000197140000001039","熊本県","熊本市中央区","","","⑤ コップ式自動販売機（自動洗浄・屋内設置）","","","","","","","","","","","","","","","","届出","",""
"043100","fBiz00000197140000001042","熊本県","熊本市中央区","","","⑤ コップ式自動販売機（自動洗浄・屋内設置）","","","","","","","","","","","","","","","","届出","",""
"043100","fBiz00000197140000001044","熊本県","熊本市中央区","","","⑤ コップ式自動販売機（自動洗浄・屋内設置）","","","","","","","","","","","","","","","","届出","",""
"043100","fBiz00000197140000001048","熊本県","熊本市中央区","","","⑤ コップ式自動販売機（自動洗浄・屋内設置）","","","","","","","","","","","","","","","","届出","",""
"043100","fBiz00000197140000001050","熊本県","熊本市中央区","","","⑤ コップ式自動販売機（自動洗浄・屋内設置）","","","","","","","","","","","","","","","","届出","",""
"043100","fBiz00000197140000001051","熊本県","熊本市中央区","","","② 調理機能を有する自動販売機（要許可）","","","","","","","","","","指令（食保）第51885号",2025/03/06,2025/03/06,2025/03/06,2031/05/31,"","許可","",""
"043100","fBiz00000197140000001052","熊本県","熊本市中央区","","","② 調理機能を有する自動販売機（要許可）","","","","","","","","","","指令（食保）第51886号",2025/02/27,2025/02/27,2025/03/01,2031/02/28,"","許可","",""
"043100","fBiz00000197140000001053","熊本県","熊本市中央区","","","② 調理機能を有する自動販売機（要許可）","","","","","","","","","","指令（食保）第51887号",2025/03/06,2025/03/06,2025/03/06,2031/05/31,"","許可","",""
"043100","fBiz00000197140000001065","熊本県","熊本市中央区","","","⑤ コップ式自動販売機（自動洗浄・屋内設置）","","","","","","","","","","","","","","","","届出","",""
"043100","fBiz00000197140000001066","熊本県","熊本市中央区","","","⑤ コップ式自動販売機（自動洗浄・屋内設置）","","","","","","","","","","","","","","","","届出","",""
"043100","fBiz00000197140000001067","熊本県","熊本市中央区","","","⑤ コップ式自動販売機（自動洗浄・屋内設置）","","","","","","","","","","","","","","","","届出","",""
"043100","fBiz00000197140000001069","熊本県","熊本市中央区","","","⑤ コップ式自動販売機（自動洗浄・屋内設置）","","","","","","","","","","","","","","","","届出","",""
"043100","fBiz00000197140000001071","熊本県","熊本市中央区","","","⑤ コップ式自動販売機（自動洗浄・屋内設置）","","","","","","","","","","","","","","","","届出","",""
"043100","fBiz00000197140000001073","熊本県","熊本市中央区","","","⑤ コップ式自動販売機（自動洗浄・屋内設置）","","","","","","","","","","","","","","","","届出","",""
"043100","fBiz00000197140000001074","熊本県","熊本市中央区","","","⑤ コップ式自動販売機（自動洗浄・屋内設置）","","","","","","","","","","","","","","","","届出","",""
"043100","fBiz00000197140000001076","熊本県","熊本市中央区","","","⑤ コップ式自動販売機（自動洗浄・屋内設置）","","","","","","","","","","","","","","","","届出","",""
"043100","fBiz00000197140000001079","熊本県","熊本市中央区","","","⑤ コップ式自動販売機（自動洗浄・屋内設置）","","","","","","","","","","","","","","","","届出","",""
"043100","fBiz00000197140000001085","熊本県","熊本市中央区","","","⑤ コップ式自動販売機（自動洗浄・屋内設置）","","","","","","","","","","","","","","","","届出","",""
"043100","fBiz00000197140000001092","熊本県","熊本市中央区","","","⑤ コップ式自動販売機（自動洗浄・屋内設置）","","","","","","","","","","","","","","","","届出","",""
"043100","fBiz00000197140000001094","熊本県","熊本市中央区","","","⑤ コップ式自動販売機（自動洗浄・屋内設置）","","","","","","","","","","","","","","","","届出","",""
"043100","fBiz00000197140000001096","熊本県","熊本市中央区","","","② 調理機能を有する自動販売機（要許可）","","","","","","","","","","指令（食保）第52196号",2025/08/22,2025/08/22,2025/09/01,2031/08/31,"","許可","",""
"043100","fBiz00000197140000001103","熊本県","熊本市中央区","","","⑤ コップ式自動販売機（自動洗浄・屋内設置）","","","","","","","","","","","","","","","","届出","",""
"043100","fBiz00000197140000001105","熊本県","熊本市中央区","","","⑤ コップ式自動販売機（自動洗浄・屋内設置）","","","","","","","","","","","","","","","","届出","",""
"043100","fBiz00000197140000001107","熊本県","熊本市中央区","","","⑤ コップ式自動販売機（自動洗浄・屋内設置）","","","","","","","","","","","","","","","","届出","",""
"043100","fBiz00000197140000001108","熊本県","熊本市中央区","","","⑤ コップ式自動販売機（自動洗浄・屋内設置）","","","","","","","","","","","","","","","","届出","",""
"043100","fBiz00000197140000001109","熊本県","熊本市中央区","","","⑤ コップ式自動販売機（自動洗浄・屋内設置）","","","","","","","","","","","","","","","","届出","",""
"043100","fBiz00000197360000000002","熊本県","熊本市中央区","セブンイレブン熊本城山下代町","セブンイレブンジョウザンシモダイマチ","⑩ コンビニエンスストア","","熊本県熊本市西区城山下代2丁目7-22","",32.777719,130.652507,"","松岡佳子","","熊本県熊本市西区城山下代2丁目7-22","","","","","","","届出","",""
"043100","fBiz00000197670000000078","熊本県","熊本市中央区","","","⑬ その他の食料・飲料販売業","","","","","","","","","","","","","","","","届出","",""
"043100","fBiz00000197670000000243","熊本県","熊本市中央区","","","⑪ 百貨店、総合スーパー","","","","","","","","","","","","","","","","届出","",""
"043100","fBiz00000197670000000252","熊本県","熊本市中央区","","","⑪ 百貨店、総合スーパー","","","","","","","","","","","","","","","","届出","",""
"043100","fBiz00000197930000000002","熊本県","熊本市中央区","","","⑬ その他の食料・飲料販売業","","","","","","","","","","","","","","","","届出","",""
"043100","fBiz00000197930000000003","熊本県","熊本市中央区","","","⑬ その他の食料・飲料販売業","","","","","","","","","","","","","","","","届出","",""
"043100","fBiz00000197940000000001","熊本県","熊本市中央区","セブンイレブン熊本上代1丁目店","セブンイレブンクマモトカミダイイッチョウメテン","⑩ コンビニエンスストア","","熊本県熊本市西区上代1丁目18-11","",32.783900,130.666846,"","倉岡浩","","熊本県熊本市西区上代1丁目18-11","","","","","","","届出","",""
"043100","fBiz00000197940000000002","熊本県","熊本市中央区","セブンイレブン熊本上代2丁目店","セブンイレブンクマモトカミダイニチョウメテン","⑩ コンビニエンスストア","","熊本県熊本市西区上代2丁目2－1","",32.781451,130.673719,"0963252388","倉岡浩","","熊本県熊本市西区上代1丁目18-11","","","","","","","届出","",""
"043100","fBiz00000201000000000006","熊本県","熊本市中央区","株式会社フレッシュ青果　熊本営業所","カブシキガイシャフレッシュセイカクマモトエイギョウショ","⑦ 野菜果物販売業","青果類の卸","熊本県熊本市南区近見8丁目11-68","",32.757199,130.695057,"096-311-3535","株式会社フレッシュ青果","7340001003812","鹿児島県鹿児島市東開町１３番地３８","","","","","","","届出","",""
"043100","fBiz00000201360000000003","熊本県","熊本市中央区","株式会社 立花","タチバナ","⑥ 弁当販売業","酒小売業","熊本県熊本市南区田井島3丁目9-7","地酒処たちばな酒店",32.764761,130.726655,"0963790787","株式会社立花","1330001019765","熊本県熊本市南区田井島３丁目９番７号","","","","","","","届出","",""
"043100","fBiz00000208270000000004","熊本県","熊本市中央区","COCOSA SHIMOTORI","ココサシモトオリ","⑬ その他の食料・飲料販売業","","熊本県熊本市中央区下通１丁目３－８","",32.802360,130.709166,"096-352-0553","株式会社ローカルズオンリー","8240001042448","広島県呉市中通２丁目１番１８号","","","","","","","届出","",""
"043100","fBiz00000210890000000030","熊本県","熊本市中央区","もち吉　健軍若葉店","モチキチ　ケングンワカバテン","⑬ その他の食料・飲料販売業","食品販売業","熊本県熊本市東区東野3丁目1-1　1F","",32.775101,130.765820,"0963319711","","","","","","","","","","届出","",""
"043100","fBiz00000210890000000130","熊本県","熊本市中央区","もち吉　上熊本店","モチキチ　カミクマモトテン","⑬ その他の食料・飲料販売業","食品販売","熊本県熊本市西区上熊本2-17-31","",32.816118,130.699477,"096-352-4911","","","","","","","","","","届出","",""
"043100","fBiz00000210890000000134","熊本県","熊本市中央区","もち吉　熊本南店","モチキチ　クマモトミナミテン","⑬ その他の食料・飲料販売業","食品販売","熊本県熊本市南区馬渡2-207","",32.771908,130.705037,"096-378-5131","","","","","","","","","","届出","",""
"043100","fBiz00000214240000000002","熊本県","熊本市中央区","業務スーパー辛島公園店","ギョウムスーパーカラシマコウエンテン","⑪ 百貨店、総合スーパー","スーパーマーケット","熊本県熊本市中央区辛島町2-1　業務スーパー辛島公園店","",32.799193,130.703414,"096-319-7727","株式会社G-7スーパーマート","4140001022100","兵庫県神戸市須磨区弥栄台4-8-1","","","","","","","届出","",""
"043100","fBiz00000214930000000002","熊本県","熊本市中央区","","","③ 乳類販売業","","","","","","","熊本ヤクルト株式会社","4330001001646","熊本県熊本市南区南高江１丁目１３番１号","","","","","","","届出","",""
"043100","fBiz00000214930000000003","熊本県","熊本市中央区","","","③ 乳類販売業","","","","","","","熊本ヤクルト株式会社","4330001001646","熊本県熊本市南区南高江１丁目１３番１号","","","","","","","届出","",""
"043100","fBiz00000214930000000004","熊本県","熊本市中央区","","","③ 乳類販売業","","","","","","","熊本ヤクルト株式会社","4330001001646","熊本県熊本市南区南高江１丁目１３番１号","","","","","","","届出","",""
"043100","fBiz00000214930000000006","熊本県","熊本市中央区","","","③ 乳類販売業","","","","","","","熊本ヤクルト株式会社","4330001001646","熊本県熊本市南区南高江１丁目１３番１号","","","","","","","届出","",""
"043100","fBiz00000214930000000007","熊本県","熊本市中央区","","","③ 乳類販売業","","","","","","","熊本ヤクルト株式会社","4330001001646","熊本県熊本市南区南高江１丁目１３番１号","","","","","","","届出","",""
"043100","fBiz00000214930000000008","熊本県","熊本市中央区","","","③ 乳類販売業","","","","","","","熊本ヤクルト株式会社","4330001001646","熊本県熊本市南区南高江１丁目１３番１号","","","","","","","届出","",""
"043100","fBiz00000214930000000009","熊本県","熊本市中央区","","","③ 乳類販売業","","","","","","","熊本ヤクルト株式会社","4330001001646","熊本県熊本市南区南高江１丁目１３番１号","","","","","","","届出","",""
"043100","fBiz00000214930000000010","熊本県","熊本市中央区","","","③ 乳類販売業","","","","","","","熊本ヤクルト株式会社","4330001001646","熊本県熊本市南区南高江１丁目１３番１号","","","","","","","届出","",""
"043100","fBiz00000214930000000011","熊本県","熊本市中央区","","","③ 乳類販売業","","","","","","","熊本ヤクルト株式会社","4330001001646","熊本県熊本市南区南高江１丁目１３番１号","","","","","","","届出","",""
"043100","fBiz00000214930000000012","熊本県","熊本市中央区","","","③ 乳類販売業","","","","","","","熊本ヤクルト株式会社","4330001001646","熊本県熊本市南区南高江１丁目１３番１号","","","","","","","届出","",""
"043100","fBiz00000214930000000013","熊本県","熊本市中央区","","","③ 乳類販売業","","","","","","","熊本ヤクルト株式会社","4330001001646","熊本県熊本市南区南高江１丁目１３番１号","","","","","","","届出","",""
"043100","fBiz00000214930000000014","熊本県","熊本市中央区","","","③ 乳類販売業","","","","","","","熊本ヤクルト株式会社","4330001001646","熊本県熊本市南区南高江１丁目１３番１号","","","","","","","届出","",""
"043100","fBiz00000214930000000015","熊本県","熊本市中央区","","","③ 乳類販売業","","","","","","","熊本ヤクルト株式会社","4330001001646","熊本県熊本市南区南高江１丁目１３番１号","","","","","","","届出","",""
"043100","fBiz00000214930000000021","熊本県","熊本市中央区","","","③ 乳類販売業","","","","","","","熊本ヤクルト株式会社","4330001001646","熊本県熊本市南区南高江１丁目１３番１号","","","","","","","届出","",""
"043100","fBiz00000214930000000022","熊本県","熊本市中央区","","","③ 乳類販売業","","","","","","","熊本ヤクルト株式会社","4330001001646","熊本県熊本市南区南高江１丁目１３番１号","","","","","","","届出","",""
"043100","fBiz00000214930000000023","熊本県","熊本市中央区","","","③ 乳類販売業","","","","","","","熊本ヤクルト株式会社","4330001001646","熊本県熊本市南区南高江１丁目１３番１号","","","","","","","届出","",""
"043100","fBiz00000214930000000024","熊本県","熊本市中央区","","","③ 乳類販売業","","","","","","","熊本ヤクルト株式会社","4330001001646","熊本県熊本市南区南高江１丁目１３番１号","","","","","","","届出","",""
"043100","fBiz00000214930000000027","熊本県","熊本市中央区","","","③ 乳類販売業","","","","","","","熊本ヤクルト株式会社","4330001001646","熊本県熊本市南区南高江１丁目１３番１号","","","","","","","届出","",""
"043100","fBiz00000214930000000029","熊本県","熊本市中央区","","","③ 乳類販売業","","","","","","","熊本ヤクルト株式会社","4330001001646","熊本県熊本市南区南高江１丁目１３番１号","","","","","","","届出","",""
"043100","fBiz00000214930000000032","熊本県","熊本市中央区","","","③ 乳類販売業","","","","","","","熊本ヤクルト株式会社","4330001001646","熊本県熊本市南区南高江１丁目１３番１号","","","","","","","届出","",""
"043100","fBiz00000214930000000034","熊本県","熊本市中央区","","","③ 乳類販売業","","","","","","","熊本ヤクルト株式会社","4330001001646","熊本県熊本市南区南高江１丁目１３番１号","","","","","","","届出","",""
"043100","fBiz00000214930000000035","熊本県","熊本市中央区","","","③ 乳類販売業","","","","","","","熊本ヤクルト株式会社","4330001001646","熊本県熊本市南区南高江１丁目１３番１号","","","","","","","届出","",""
"043100","fBiz00000214930000000036","熊本県","熊本市中央区","","","③ 乳類販売業","","","","","","","熊本ヤクルト株式会社","4330001001646","熊本県熊本市南区南高江１丁目１３番１号","","","","","","","届出","",""
"043100","fBiz00000214930000000037","熊本県","熊本市中央区","","","③ 乳類販売業","","","","","","","熊本ヤクルト株式会社","4330001001646","熊本県熊本市南区南高江１丁目１３番１号","","","","","","","届出","",""
"043100","fBiz00000214930000000038","熊本県","熊本市中央区","","","③ 乳類販売業","","","","","","","熊本ヤクルト株式会社","4330001001646","熊本県熊本市南区南高江１丁目１３番１号","","","","","","","届出","",""
"043100","fBiz00000214930000000039","熊本県","熊本市中央区","","","③ 乳類販売業","","","","","","","熊本ヤクルト株式会社","4330001001646","熊本県熊本市南区南高江１丁目１３番１号","","","","","","","届出","",""
"043100","fBiz00000214930000000040","熊本県","熊本市中央区","","","③ 乳類販売業","","","","","","","熊本ヤクルト株式会社","4330001001646","熊本県熊本市南区南高江１丁目１３番１号","","","","","","","届出","",""
"043100","fBiz00000214930000000154","熊本県","熊本市中央区","","","③ 乳類販売業","","","","","","","熊本ヤクルト株式会社","4330001001646","熊本県熊本市南区南高江１丁目１３番１号","","","","","","","届出","",""
"043100","fBiz00000214930000000155","熊本県","熊本市中央区","","","③ 乳類販売業","","","","","","","熊本ヤクルト株式会社","4330001001646","熊本県熊本市南区南高江１丁目１３番１号","","","","","","","届出","",""
"043100","fBiz00000214930000000156","熊本県","熊本市中央区","","","⑫ 自動販売機による販売業（コップ式自動販売機（自動洗浄・屋内設置）及び営業許可の対象となる自動販売機を除く）","","","","","","","熊本ヤクルト株式会社","4330001001646","熊本県熊本市南区南高江１丁目１３番１号","","","","","","","届出","",""
"043100","fBiz00000214930000000157","熊本県","熊本市中央区","","","③ 乳類販売業","","","","","","","熊本ヤクルト株式会社","4330001001646","熊本県熊本市南区南高江１丁目１３番１号","","","","","","","届出","",""
"043100","fBiz00000214930000000169","熊本県","熊本市中央区","","","⑫ 自動販売機による販売業（コップ式自動販売機（自動洗浄・屋内設置）及び営業許可の対象となる自動販売機を除く）","","","","","","","熊本ヤクルト株式会社","4330001001646","熊本県熊本市南区南高江１丁目１３番１号","","","","","","","届出","",""
"043100","fBiz00000214930000000170","熊本県","熊本市中央区","","","⑫ 自動販売機による販売業（コップ式自動販売機（自動洗浄・屋内設置）及び営業許可の対象となる自動販売機を除く）","","","","","","","熊本ヤクルト株式会社","4330001001646","熊本県熊本市南区南高江１丁目１３番１号","","","","","","","届出","",""
"043100","fBiz00000214930000000171","熊本県","熊本市中央区","","","⑫ 自動販売機による販売業（コップ式自動販売機（自動洗浄・屋内設置）及び営業許可の対象となる自動販売機を除く）","","","","","","","熊本ヤクルト株式会社","4330001001646","熊本県熊本市南区南高江１丁目１３番１号","","","","","","","届出","",""
"043100","fBiz00000214930000000176","熊本県","熊本市中央区","","","⑫ 自動販売機による販売業（コップ式自動販売機（自動洗浄・屋内設置）及び営業許可の対象となる自動販売機を除く）","","","","","","","熊本ヤクルト株式会社","4330001001646","熊本県熊本市南区南高江１丁目１３番１号","","","","","","","届出","",""
"043100","fBiz00000214930000000180","熊本県","熊本市中央区","","","⑫ 自動販売機による販売業（コップ式自動販売機（自動洗浄・屋内設置）及び営業許可の対象となる自動販売機を除く）","","","","","","","熊本ヤクルト株式会社","4330001001646","熊本県熊本市南区南高江１丁目１３番１号","","","","","","","届出","",""
"043100","fBiz00000214930000000181","熊本県","熊本市中央区","","","⑫ 自動販売機による販売業（コップ式自動販売機（自動洗浄・屋内設置）及び営業許可の対象となる自動販売機を除く）","","","","","","","熊本ヤクルト株式会社","4330001001646","熊本県熊本市南区南高江１丁目１３番１号","","","","","","","届出","",""
"043100","fBiz00000214930000000184","熊本県","熊本市中央区","","","⑫ 自動販売機による販売業（コップ式自動販売機（自動洗浄・屋内設置）及び営業許可の対象となる自動販売機を除く）","","","","","","","熊本ヤクルト株式会社","4330001001646","熊本県熊本市南区南高江１丁目１３番１号","","","","","","","届出","",""
"043100","fBiz00000214930000000185","熊本県","熊本市中央区","","","⑫ 自動販売機による販売業（コップ式自動販売機（自動洗浄・屋内設置）及び営業許可の対象となる自動販売機を除く）","","","","","","","熊本ヤクルト株式会社","4330001001646","熊本県熊本市南区南高江１丁目１３番１号","","","","","","","届出","",""
"043100","fBiz00000214930000000186","熊本県","熊本市中央区","","","⑫ 自動販売機による販売業（コップ式自動販売機（自動洗浄・屋内設置）及び営業許可の対象となる自動販売機を除く）","","","","","","","熊本ヤクルト株式会社","4330001001646","熊本県熊本市南区南高江１丁目１３番１号","","","","","","","届出","",""
"043100","fBiz00000214930000000187","熊本県","熊本市中央区","","","⑫ 自動販売機による販売業（コップ式自動販売機（自動洗浄・屋内設置）及び営業許可の対象となる自動販売機を除く）","","","","","","","熊本ヤクルト株式会社","4330001001646","熊本県熊本市南区南高江１丁目１３番１号","","","","","","","届出","",""
"043100","fBiz00000214930000000189","熊本県","熊本市中央区","","","⑫ 自動販売機による販売業（コップ式自動販売機（自動洗浄・屋内設置）及び営業許可の対象となる自動販売機を除く）","","","","","","","熊本ヤクルト株式会社","4330001001646","熊本県熊本市南区南高江１丁目１３番１号","","","","","","","届出","",""
"043100","fBiz00000214930000000190","熊本県","熊本市中央区","","","⑫ 自動販売機による販売業（コップ式自動販売機（自動洗浄・屋内設置）及び営業許可の対象となる自動販売機を除く）","","","","","","","熊本ヤクルト株式会社","4330001001646","熊本県熊本市南区南高江１丁目１３番１号","","","","","","","届出","",""
"043100","fBiz00000214930000000194","熊本県","熊本市中央区","","","⑫ 自動販売機による販売業（コップ式自動販売機（自動洗浄・屋内設置）及び営業許可の対象となる自動販売機を除く）","","","","","","","熊本ヤクルト株式会社","4330001001646","熊本県熊本市南区南高江１丁目１３番１号","","","","","","","届出","",""
"043100","fBiz00000214930000000195","熊本県","熊本市中央区","","","⑫ 自動販売機による販売業（コップ式自動販売機（自動洗浄・屋内設置）及び営業許可の対象となる自動販売機を除く）","","","","","","","熊本ヤクルト株式会社","4330001001646","熊本県熊本市南区南高江１丁目１３番１号","","","","","","","届出","",""
"043100","fBiz00000214930000000196","熊本県","熊本市中央区","","","⑫ 自動販売機による販売業（コップ式自動販売機（自動洗浄・屋内設置）及び営業許可の対象となる自動販売機を除く）","","","","","","","熊本ヤクルト株式会社","4330001001646","熊本県熊本市南区南高江１丁目１３番１号","","","","","","","届出","",""
"043100","fBiz00000222850000000234","熊本県","熊本市中央区","","","⑥ 弁当販売業","高齢者向け弁当・惣菜の中継所","","","","","","","","","","","","","","","届出","",""
"043100","fBiz00000214930000000197","熊本県","熊本市中央区","","","⑫ 自動販売機による販売業（コップ式自動販売機（自動洗浄・屋内設置）及び営業許可の対象となる自動販売機を除く）","","","","","","","熊本ヤクルト株式会社","4330001001646","熊本県熊本市南区南高江１丁目１３番１号","","","","","","","届出","",""
"043100","fBiz00000214930000000208","熊本県","熊本市中央区","","","③ 乳類販売業","","","","","","","熊本ヤクルト株式会社","4330001001646","熊本県熊本市南区南高江１丁目１３番１号","","","","","","","届出","",""
"043100","fBiz00000214930000000211","熊本県","熊本市中央区","","","③ 乳類販売業","","","","","","","熊本ヤクルト株式会社","4330001001646","熊本県熊本市南区南高江１丁目１３番１号","","","","","","","届出","",""
"043100","fBiz00000214930000000217","熊本県","熊本市中央区","","","③ 乳類販売業","","","","","","","熊本ヤクルト株式会社","4330001001646","熊本県熊本市南区南高江１丁目１３番１号","","","","","","","届出","",""
"043100","fBiz00000214930000000218","熊本県","熊本市中央区","","","③ 乳類販売業","","","","","","","熊本ヤクルト株式会社","4330001001646","熊本県熊本市南区南高江１丁目１３番１号","","","","","","","届出","",""
"043100","fBiz00000215380000000017","熊本県","熊本市中央区","ザ・ビッグエクスプレス新土河原店","ザ・ビッグエクスプレスシントガワラテン","③ 乳類販売業","","熊本県熊本市西区新土河原1丁目2-20","",32.775144,130.679266,"096-322-0600","イオン九州株式会社","6290001017604","福岡県福岡市東区香椎浜２丁目８番３０号","","","","","","","届出","",""
"043100","fBiz00000215380000000017","熊本県","熊本市中央区","ザ・ビッグエクスプレス新土河原店","ザ・ビッグエクスプレスシントガワラテン","⑪ 百貨店、総合スーパー","","熊本県熊本市西区新土河原1丁目2-20","",32.775144,130.679266,"096-322-0600","イオン九州株式会社","6290001017604","福岡県福岡市東区香椎浜２丁目８番３０号","","","","","","","届出","",""
"043100","fBiz00000215380000000017","熊本県","熊本市中央区","ザ・ビッグエクスプレス新土河原店","ザ・ビッグエクスプレスシントガワラテン","⑫ 自動販売機による販売業（コップ式自動販売機（自動洗浄・屋内設置）及び営業許可の対象となる自動販売機を除く）","","熊本県熊本市西区新土河原1丁目2-20","",32.775144,130.679266,"096-322-0600","イオン九州株式会社","6290001017604","福岡県福岡市東区香椎浜２丁目８番３０号","","","","","","","届出","",""
"043100","fBiz00000215380000000020","熊本県","熊本市中央区","ザ・ビッグ桜木店","ザ・ビッグサクラギテン","⑪ 百貨店、総合スーパー","","熊本県熊本市東区花立3丁目4番1号","",32.780793,130.774048,"096-214-0517","イオン九州株式会社","6290001017604","福岡県福岡市東区香椎浜２丁目８番３０号","","","","","","","届出","",""
"043100","fBiz00000215380000000024","熊本県","熊本市中央区","ザ・ビッグ熊本南店","ザ・ビッグクマモトミナミテン","③ 食肉販売業","食品スーパー","熊本県熊本市南区十禅寺3丁目4番11号","",32.775667,130.697281,"","イオン九州株式会社","6290001017604","福岡県福岡市東区香椎浜２丁目８番３０号","指令（食保）第50936号",2023/12/01,2023/12/01,2023/12/01,2029/11/30,"","許可","",""
"043100","fBiz00000215380000000024","熊本県","熊本市中央区","ザ・ビッグ熊本南店","ザ・ビッグクマモトミナミテン","④ 魚介類販売業","食品スーパー","熊本県熊本市南区十禅寺3丁目4番11号","",32.775667,130.697281,"","イオン九州株式会社","6290001017604","福岡県福岡市東区香椎浜２丁目８番３０号","指令（食保）第50937号",2023/12/01,2023/12/01,2023/12/01,2029/11/30,"","許可","",""
"043100","fBiz00000215380000000024","熊本県","熊本市中央区","ザ・ビッグ熊本南店","ザ・ビッグクマモトミナミテン","⑪ 菓子製造業","食品スーパー","熊本県熊本市南区十禅寺3丁目4番11号","",32.775667,130.697281,"","イオン九州株式会社","6290001017604","福岡県福岡市東区香椎浜２丁目８番３０号","指令（食保）第50938号",2023/12/01,2023/12/01,2023/12/01,2029/11/30,"","許可","",""
"043100","fBiz00000215380000000024","熊本県","熊本市中央区","ザ・ビッグ熊本南店","ザ・ビッグクマモトミナミテン","㉕ そうざい製造業","食品スーパー","熊本県熊本市南区十禅寺3丁目4番11号","",32.775667,130.697281,"","イオン九州株式会社","6290001017604","福岡県福岡市東区香椎浜２丁目８番３０号","指令（食保）第50939号",2023/12/01,2023/12/01,2023/12/01,2029/11/30,"","許可","",""
"043100","fBiz00000215380000000024","熊本県","熊本市中央区","ザ・ビッグ熊本南店","ザ・ビッグクマモトミナミテン","⑪ 百貨店、総合スーパー","","熊本県熊本市南区十禅寺3丁目4番11号","",32.775667,130.697281,"","イオン九州株式会社","6290001017604","福岡県福岡市東区香椎浜２丁目８番３０号","","","","","","","届出","",""
"043100","fBiz00000215380000000025","熊本県","熊本市中央区","ザ・ビッグ　エクスプレス川尻店","ザ・ビッグ　エクスプレスカワシリテン","⑪ 百貨店、総合スーパー","","熊本県熊本市南区八幡7丁目5-1","",32.742585,130.683392,"096-357-2611","イオン九州株式会社","6290001017604","福岡県福岡市東区香椎浜２丁目８番３０号","","","","","","","届出","",""
"043100","fBiz00000215510000000002","熊本県","熊本市中央区","フラベドパーリゼッタ","フラベドパーリゼッタ","⑰ 農産保存食料品製造・加工業","","熊本県熊本市中央区水道町４－２","T-Brio B1",32.804826,130.712379,"0963278444","株式会社カフーツ","5010901014968","東京都世田谷区玉川3-9-7","","","","","","","届出","",""
"043100","fBiz00000216980000000001","熊本県","熊本市中央区","","","⑬ その他の食料・飲料販売業","生鮮魚介類荷受業並びに冷凍加工食品等卸売販売","","","","","","","","","","","","","","","届出","",""
"043100","fBiz00000220590000000001","熊本県","熊本市中央区","エヴァウェイ　本社","エヴァウェイホンシャ","⑮ いわゆる健康食品の製造・加工業","","熊本県熊本市南区薄場3丁目4-8","",32.764891,130.676589,"","エヴァウェイ株式会社","4330001006728","熊本県熊本市南区薄場３丁目４番８号","","","","","","","届出","",""
"043100","fBiz00000220590000000001","熊本県","熊本市中央区","エヴァウェイ　本社","エヴァウェイホンシャ","㉔ その他の食料品製造・加工業","","熊本県熊本市南区薄場3丁目4-8","",32.764891,130.676589,"","エヴァウェイ株式会社","4330001006728","熊本県熊本市南区薄場３丁目４番８号","","","","","","","届出","",""
"043100","fBiz00000222390000000002","熊本県","熊本市中央区","","","⑩ コンビニエンスストア","コンビニエンスストア","","","","","","","","","","","","","","","届出","",""
"043100","fBiz00000222390000000004","熊本県","熊本市中央区","","","⑩ コンビニエンスストア","コンビニエンスストア","","","","","","","","","","","","","","","届出","",""
"043100","fBiz00000222390000000005","熊本県","熊本市中央区","","","⑩ コンビニエンスストア","コンビニエンスストア","","","","","","","","","","","","","","","届出","",""
"043100","fBiz00000222390000000006","熊本県","熊本市中央区","","","⑩ コンビニエンスストア","コンビニエンスストア","","","","","","","","","","","","","","","届出","",""
"043100","fBiz00000222680000000002","熊本県","熊本市中央区","","","⑪ 百貨店、総合スーパー","スーパー","","","","","","","","","","","","","","","届出","",""
"043100","fBiz00000222850000000059","熊本県","熊本市中央区","","","⑥ 弁当販売業","高齢者向け弁当・総菜の中継所","","","","","","","","","","","","","","","届出","",""
"043100","fBiz00000222850000000246","熊本県","熊本市中央区","","","⑥ 弁当販売業","高齢者向け弁当・惣菜の中継所","","","","","","","","","","","","","","","届出","",""
"043100","fBiz00000222850000000247","熊本県","熊本市中央区","","","⑥ 弁当販売業","高齢者向け弁当・惣菜の中継所","","","","","","","","","","","","","","","届出","",""
"043100","fBiz00000222850000000248","熊本県","熊本市中央区","","","⑥ 弁当販売業","高齢者向け弁当・惣菜の中継所","","","","","","","","","","","","","","","届出","",""
"043100","fBiz00000223440000000001","熊本県","熊本市中央区","ポプラ熊本長嶺店","ポプラクマモトナガミネテン","⑩ コンビニエンスストア","コンビニエンスストア","熊本県熊本市東区長嶺西1丁目13-30","",32.813200,130.760070,"0962438668","株式会社　大劇","6330001002709","熊本県熊本市中央区手取本町4-1","","","","","","","届出","",""
"043100","fBiz00000224090000000001","熊本県","熊本市中央区","業務スーパー平成店","ギョウムスーパーヘイセイテン","⑪ 百貨店、総合スーパー","","熊本県熊本市南区平成2丁目2-22","",32.778561,130.703309,"096-334-7307","株式会社Ｇ-7スーパーマート","4140001022100","兵庫県神戸市須磨区弥栄台4丁目8-1","","","","","","","届出","",""
"043100","fBiz00000224690000000066","熊本県","熊本市中央区","ドン・キホーテ南熊本店","ドン・キホーテミナミクマモトテン","⑪ 百貨店、総合スーパー","小売業","熊本県熊本市中央区南熊本1丁目9-25","Actyくまもと内",32.790017,130.710956,"096-375-8811","株式会社ドン・キホーテ","3011001096370","東京都目黒区青葉台二丁目１９番１０号","","","","","","","届出","",""
"043100","fBiz00000224690000000356","熊本県","熊本市中央区","ドン・キホーテ下通り店","ドン・キホーテシモトオリテン","⑪ 百貨店、総合スーパー","小売業","熊本県熊本市中央区安政町5-27","",32.801565,130.708982,"0570-091-211","株式会社ドン・キホーテ","3011001096370","東京都目黒区青葉台二丁目１９番１０号","","","","","","","届出","",""
"043100","fBiz00000225150000000154","熊本県","熊本市中央区","ロイヤルスイーツ（期間2025年10月17日～10月31日）","ロイヤルスイーツ","⑬ その他の食料・飲料販売業","販売","熊本県熊本市西区春日3丁目15-26","アミュプラザくまもと　1階　イートインスペース①",32.788826,130.688761,"096-240-2973","株式会社ロイヤルスイーツ","8012802006554","北海道札幌市東区北三十二条東１６丁目１番６号オレンジビル１F","","","","","","","届出","",""
"043100","fBiz00000225150000000167","熊本県","熊本市中央区","ロイヤルスイーツ（期間2025年10月17日～10月31日）","ロイヤルスイーツ","⑬ その他の食料・飲料販売業","販売","熊本県熊本市西区春日3丁目15-26","アミュプラザくまもと　1Fひごマルシェイートインスペース",32.788826,130.688761,"096-240-2973","株式会社ロイヤルスイーツ","8012802006554","北海道札幌市東区北三十二条東１６丁目１番６号オレンジビル１F","","","","","",2025/10/31,"届出(廃業)","",""
"043100","fBiz00000225930000000002","熊本県","熊本市中央区","セブンイレブン熊本松尾町店","セブンイレブンクマモトマツオマチテン","⑩ コンビニエンスストア","","熊本県熊本市西区西松尾町5234-2","",32.786829,130.619514,"096-329-0626","橋口邦治","","熊本県熊本市西区上代7丁目1番地2号","","","","","","","届出","",""
"043100","fBiz00000226660000000074","熊本県","熊本市中央区","","","⑫ 自動販売機による販売業（コップ式自動販売機（自動洗浄・屋内設置）及び営業許可の対象となる自動販売機を除く）","水の自販機","","","","","","","","","","","","","","","届出","",""
"043100","fBiz00000226910000000006","熊本県","熊本市中央区","とめ手羽 熊本店","トメテバ クマモトテン","① 飲食店営業","","熊本県熊本市中央区下通1-7-13","下通タジリビル2F",32.800971,130.708113,"096-223-5520","株式会社フェリックス","1290001025082","福岡県福岡市博多区豊一丁目５番１３－１０１号","指令（食保）第50783号",2023/07/27,2023/07/27,2023/09/01,2029/08/31,"","許可","",""
"043100","fBiz00000232310000000019","熊本県","熊本市中央区","","","① 飲食店営業","飲食店営業","","","","","","","","","指令（食保）第50967号",2023/11/28,2023/11/28,2023/12/01,2029/11/30,"","許可","",""
"043100","fBiz00000236130000000004","熊本県","熊本市中央区","","","⑬ その他の食料・飲料販売業","催事販売","","","","","","","","","","","","","","","届出","",""
"043100","fBiz00000236130000000004","熊本県","熊本市中央区","","","㉘ 露店、仮設店舗等における飲食の提供のうち、営業とみなされないもの","催事販売","","","","","","","","","","","","","","","届出","",""
"043100","fBiz00000238260000000001","熊本県","熊本市中央区","株式会社食彩たかみ","カブシキカイシャショクサイタカミ","⑦ 野菜果物販売業","仲卸","熊本県熊本市西区田崎町484A棟7号","",32.782356,130.677187,"096-312-5611","（株）食彩たかみ","5330001014853","熊本県熊本市西区田崎町484A棟7号","","","","","","","届出","",""
"043100","fBiz00000241030000000001","熊本県","熊本市中央区","セブンイレブン熊本上水前寺２丁目店","セブンイレブンクマモトカミスイゼンジニチョウメテン","⑩ コンビニエンスストア","小売業（コンビニエンスストア）","熊本県熊本市中央区上水前寺2丁目1-48","",32.797610,130.747157,"096-381-6750","小藤田繫","","熊本県熊本市中央区上水前寺２丁目1-48","","","","","","","届出","",""
"043100","fBiz00000241220000000001","熊本県","熊本市中央区","株式会社ローカル　第一出荷場","カブシキカイシャローカル　ダイイチシュッカジョウ","① 魚介類販売業（包装済みの魚介類のみの販売）","","熊本県熊本市西区田崎町426","",32.783081,130.677920,"","株式会社ローカル","3330001008485","熊本県熊本市西区春日3丁目15番60号ＪＲ熊本白川ビル４Ｆ","","","","","","","届出","",""
"043100","fBiz00000241220000000001","熊本県","熊本市中央区","株式会社ローカル　第一出荷場","カブシキカイシャローカル　ダイイチシュッカジョウ","② 食肉販売業（包装済みの食肉のみの販売）","","熊本県熊本市西区田崎町426","",32.783081,130.677920,"","株式会社ローカル","3330001008485","熊本県熊本市西区春日3丁目15番60号ＪＲ熊本白川ビル４Ｆ","","","","","","","届出","",""
"043100","fBiz00000241220000000002","熊本県","熊本市中央区","株式会社ローカル","カブシキカイシャローカル","⑬ その他の食料・飲料販売業","","熊本県熊本市南区近見6丁目4-71","",32.766303,130.694762,"","株式会社ローカル","3330001008485","熊本県熊本市西区春日3丁目15番60号ＪＲ熊本白川ビル４Ｆ","","","","","","","届出","",""
"043100","fBiz00000241220000000003","熊本県","熊本市中央区","株式会社ローカル　田崎選果場","カブシキカイシャローカル　タサキセンカジョウ","⑦ 野菜果物販売業","","熊本県熊本市西区田崎町484-29","",32.781967,130.678924,"","株式会社ローカル","3330001008485","熊本県熊本市西区春日3丁目15番60号ＪＲ熊本白川ビル４Ｆ","","","","","","","届出","",""
"043100","fBiz00000241220000000004","熊本県","熊本市中央区","株式会社ローカル 米工場","カブシキカイシャローカルコメコウジョウ","⑧ 米穀類販売業","","熊本県熊本市南区近見7丁目5-17","",32.759953,130.692209,"","株式会社ローカル","3330001008485","熊本県熊本市西区春日3丁目15番60号ＪＲ熊本白川ビル４Ｆ","","","","","","","届出","",""
"043100","fBiz00000512470000000321","熊本県","熊本市中央区","","","① 飲食店営業","給食","","","","","","","","","指令（食保）第51446号",2024/06/01,2024/06/01,2024/06/01,2030/05/31,"","許可","",""
"043100","fBiz00000241220000000006","熊本県","熊本市中央区","株式会社ローカル 近見工場","カブシキカイシャローカルチカミコウジョウ","⑪ 菓子製造業","","熊本県熊本市南区近見6丁目4-71","",32.766303,130.694762,"0962882549","株式会社ローカル","3330001008485","熊本県熊本市西区春日3丁目15番60号ＪＲ熊本白川ビル４Ｆ","指令(食保)第50458号",2023/02/24,2023/02/24,2023/02/24,2029/02/28,"","許可","",""
"043100","fBiz00000241220000000006","熊本県","熊本市中央区","株式会社ローカル 近見工場","カブシキカイシャローカルチカミコウジョウ","⑰ 農産保存食料品製造・加工業","","熊本県熊本市南区近見6丁目4-71","",32.766303,130.694762,"0962882549","株式会社ローカル","3330001008485","熊本県熊本市西区春日3丁目15番60号ＪＲ熊本白川ビル４Ｆ","","","","","","","届出","",""
"043100","fBiz00000241220000000013","熊本県","熊本市中央区","株式会社ローカル 近見工場","カブシキカイシャローカル チカミコウジョウ","㉔ その他の食料品製造・加工業","","熊本県熊本市南区近見6丁目4-71","",32.766303,130.694762,"0962882549","株式会社ローカル","3330001008485","熊本県熊本市西区春日3丁目15番60号ＪＲ熊本白川ビル４Ｆ","","","","","","","届出","",""
"043100","fBiz00000241220000000014","熊本県","熊本市中央区","株式会社ローカル","カブシキカイシャローカル","⑨ 通信販売・訪問販売による販売業","通信販売","熊本県熊本市西区田崎町426","",32.783081,130.677920,"","株式会社ローカル","3330001008485","熊本県熊本市西区春日3丁目15番60号ＪＲ熊本白川ビル４Ｆ","","","","","","","届出","",""
"043100","fBiz00000241930000000001","熊本県","熊本市中央区","モナコパレス浜線店","モナコパレスハマセンテン","⑬ その他の食料・飲料販売業","","熊本県熊本市南区田迎3丁目10-1","",32.778455,130.715144,"0963340071","岩下兄弟株式会社","8330001015865","熊本県人吉市中青井町字下青井田３６９番地１","","","","","","","届出","",""
"043100","fBiz00000245760000000001","熊本県","熊本市中央区","株式会社通宝","カブシキガイシャツウホウ","㉒ 海藻製造・加工業","食料品製造業","熊本県熊本市東区画図町所島1100番地","",32.770285,130.733327,"0963700066","株式会社　通宝","4330001003023","熊本県熊本市東区熊本市東区画図町所島１１００番地","","","","","","","届出","",""
"043100","fBiz00000247410000000001","熊本県","熊本市中央区","特定非営利活動法人　イルカの会","トクテイヒエイリカツドウダンタイ　イルカノカイ","⑬ その他の食料・飲料販売業","事業所","熊本県熊本市中央区黒髪5-11-12","",32.817217,130.734647,"096-346-0540","特定非営利活動法人　イルカの会","8330005002075","熊本県熊本市中央区黒髪5-11-12","","","","","","","届出","",""
"043100","fBiz00000248160000000001","熊本県","熊本市中央区","宅配クック１２３熊本中央店","タクハイクックワンツウスリークマモトチュウオウテン","③ 乳類販売業","","熊本県熊本市東区尾ノ上１丁目３４番７号","",32.792645,130.751516,"","","","","","","","","","","届出","",""
"043100","fBiz00000249880000000001","熊本県","熊本市中央区","共栄フーズ　田崎市場通り店","キョウエイフーズ　タサキイチバトオリテン","⑪ 百貨店、総合スーパー","スーパーマーケット","熊本県熊本市西区上代１丁目21-557","HIヒロセ田崎市場通り店内青果部",32.782235,130.672073,"","","","","","","","","","","届出","",""
"043100","fBiz00000249880000000004","熊本県","熊本市中央区","共栄フーズ　飛田店","キョウエイフーズ　ヒダテン","⑪ 百貨店、総合スーパー","スーパーマーケット","熊本県熊本市北区飛田３丁目8-45","HIヒロセ飛田店内青果部",32.852596,130.718206,"","","","","","","","","","","届出","",""
"043100","fBiz00000249880000000005","熊本県","熊本市中央区","共栄フーズ　渡鹿店","キョウエイフーズ　トロクテン","⑪ 百貨店、総合スーパー","スーパーマーケット","熊本県熊本市中央区渡鹿1丁目18-1","HIヒロセ渡鹿店内青果部",32.806839,130.735657,"","","","","","","","","","","届出","",""
"043100","fBiz00000249880000000010","熊本県","熊本市中央区","共栄フーズ　熊本インター店","キョウエイフーズ　クマモトインターテン","⑪ 百貨店、総合スーパー","スーパーマーケット","熊本県熊本市東区石原1丁目1-111","ミスターマックス熊本インター店内青果部",32.839048,130.777555,"","","","","","","","","","","届出","",""
"043100","fBiz00000249880000000011","熊本県","熊本市中央区","共栄フーズ　熊本店","キョウエイフーズ　クマモトテン","⑪ 百貨店、総合スーパー","スーパーマーケット","熊本県熊本市東区長嶺南4丁目1-116","ダイレックス熊本店内青果部",32.809541,130.771623,"","","","","","","","","","","届出","",""
"043100","fBiz00000249880000000012","熊本県","熊本市中央区","共栄フーズ　八反田店","キョウエイフーズ　ハッタンダテン","⑪ 百貨店、総合スーパー","スーパーマーケット","熊本県熊本市東区八反田2丁目12-7","ダイレックス八反田店内青果部",32.817254,130.760912,"","","","","","","","","","","届出","",""
"043100","fBiz00000253690000000001","熊本県","熊本市中央区","障害者多機能型施設しんせい学園","ショウガイシャタキノウガタシセツシンセイガクエン","㉖ 集団給食施設","集団給食施設","熊本県熊本市西区沖新町3994番地1","",32.765153,130.609914,"096-329-6336","社会福祉法人新生会","3330005002154","熊本県熊本市西区沖新町３９９４番地１","","","","","","","届出","",""
"043100","fBiz00000253850000000001","熊本県","熊本市中央区","城の湯","シロノユ","⑥ 弁当販売業","","熊本県熊本市西区上熊本2-8-43","",32.810769,130.701458,"","","","","","","","","","","届出","",""
"043100","fBiz00000253850000000001","熊本県","熊本市中央区","城の湯","シロノユ","⑦ 野菜果物販売業","","熊本県熊本市西区上熊本2-8-43","",32.810769,130.701458,"","","","","","","","","","","届出","",""
"043100","fBiz00000253850000000001","熊本県","熊本市中央区","城の湯","シロノユ","⑫ 自動販売機による販売業（コップ式自動販売機（自動洗浄・屋内設置）及び営業許可の対象となる自動販売機を除く）","","熊本県熊本市西区上熊本2-8-43","",32.810769,130.701458,"","","","","","","","","","","届出","",""
"043100","fBiz00000253850000000001","熊本県","熊本市中央区","城の湯","シロノユ","⑬ その他の食料・飲料販売業","","熊本県熊本市西区上熊本2-8-43","",32.810769,130.701458,"","","","","","","","","","","届出","",""
"043100","fBiz00000254040000000001","熊本県","熊本市中央区","セブンーイレブン熊本神水1丁目店","セブンーイレブンクマモトクワミズイッチョウメテン","⑩ コンビニエンスストア","コンビニエンスストア","熊本県熊本市中央区神水1-38-3","",32.787617,130.745856,"096-383-7552","株式会社URIU","5330001017807","熊本県熊本市中央区神水1-38-3","","","","","","","届出","",""
"043100","fBiz00000256800000000001","熊本県","熊本市中央区","森永牛乳　新外販売店","モリナガギュウニュウ　シンホカハンバイテン","⑬ その他の食料・飲料販売業","","熊本県熊本市東区熊本市東区新外4-3-53","",32.798983,130.767817,"0963685453","株式会社　丹波工業","7330001002939","熊本県熊本市東区熊本市東区新外4-3-53","","","","","","","届出","",""
"043100","fBiz00000513770000000050","熊本県","熊本市中央区","","","① 飲食店営業","食堂","","","","","","","","","指令（食保）第52193号",2025/08/19,2025/08/19,2025/08/19,2031/08/31,"","許可","",""
"043100","fBiz00000611120000000026","熊本県","熊本市中央区","","","⑪ 百貨店、総合スーパー","","","","","","","","","","","","","","","","届出","",""
"043100","fBiz00000257810000000044","熊本県","熊本市中央区","尾家産業　熊本営業所","オイエサンギョウ　クマモトエイギョウショ","⑬ その他の食料・飲料販売業","","熊本県熊本市南区江越2-17-33","",32.774200,130.699355,"096-359-6800","尾家産業株式会社","5120001061479","大阪府大阪市北区豊崎6-11-27","","","","","","","届出","",""
"043100","fBiz00000263220000000001","熊本県","熊本市中央区","株式会社フタバ","カブシキカイシャフタバ","㉔ その他の食料品製造・加工業","","熊本県熊本市西区城山上代町68-1","",32.779988,130.674968,"","","","","","","","","","","届出","",""
"043100","fBiz00000264710000000003","熊本県","熊本市中央区","ショップうえぞの","ショップウエゾノ","③ 乳類販売業","コンビニエンスストア","熊本県熊本市西区池田3丁目38-15","",32.831854,130.701814,"0963561246","上園タツヨ","","熊本県熊本市西区池田３丁目３８－１５","","","","","","","届出","",""
"043100","fBiz00000264710000000003","熊本県","熊本市中央区","ショップうえぞの","ショップウエゾノ","⑥ 弁当販売業","コンビニエンスストア","熊本県熊本市西区池田3丁目38-15","",32.831854,130.701814,"0963561246","上園タツヨ","","熊本県熊本市西区池田３丁目３８－１５","","","","","","","届出","",""
"043100","fBiz00000264710000000003","熊本県","熊本市中央区","ショップうえぞの","ショップウエゾノ","⑩ コンビニエンスストア","コンビニエンスストア","熊本県熊本市西区池田3丁目38-15","",32.831854,130.701814,"0963561246","上園タツヨ","","熊本県熊本市西区池田３丁目３８－１５","","","","","","","届出","",""
"043100","fBiz00000266000000000013","熊本県","熊本市中央区","三井ガーデンホテル熊本ガーデンカフェ","ミツイガーデンホテルクマモトガーデンカフェ","⑬ その他の食料・飲料販売業","ホテル　レストラン","熊本県熊本市中央区紺屋今町1-20","三井ｶﾞｰﾃﾞﾝﾎﾃﾙ熊本2F",32.797271,130.705122,"","株式会社センダン","3010001081366","東京都中央区日本橋小伝馬町10番1号","","","","","","","届出","",""
"043100","fBiz00000266000000000015","熊本県","熊本市中央区","アンドコンフィホテル熊本城ビュー内レストラン","アンドコンフィホテルクマモトジョウビューナイレストラン","① 飲食店営業","","熊本県熊本市中央区城東町5-3","アンドコンフィホテル熊本城ビュー1F",32.806058,130.710085,"","株式会社センダン","3010001081366","東京都中央区日本橋小伝馬町10番1号","指令（食保）第50377号",2022/12/09,2022/12/09,2022/12/09,2029/02/28,"","許可","",""
"043100","fBiz00000268040000000001","熊本県","熊本市中央区","合資会社中嶋商店","ゴウシガイシャナカシマショウテン","⑧ 米穀類販売業","小売業","熊本県熊本市北区八景水谷1-23-29","",32.848472,130.724755,"0963448409","合資会社中嶋商店","5330003000604","熊本県熊本市北区八景水谷1丁目１－２３－２９","","","","","","","届出","",""
"043100","fBiz00000268040000000001","熊本県","熊本市中央区","合資会社中嶋商店","ゴウシガイシャナカシマショウテン","⑬ その他の食料・飲料販売業","小売業","熊本県熊本市北区八景水谷1-23-29","",32.848472,130.724755,"0963448409","合資会社中嶋商店","5330003000604","熊本県熊本市北区八景水谷1丁目１－２３－２９","","","","","","","届出","",""
"043100","fBiz00000269780000000001","熊本県","熊本市中央区","株式会社昭和商店","カブシキガイシャショウワショウテン","① 魚介類販売業（包装済みの魚介類のみの販売）","コンビニエンスストア","熊本県熊本市南区富合町志々水6-1","",32.712944,130.675034,"0963571533","株式会社昭和商店","6330001020462","熊本県熊本市南区富合町志々水6-1","","","","","","","届出","",""
"043100","fBiz00000269780000000001","熊本県","熊本市中央区","株式会社昭和商店","カブシキガイシャショウワショウテン","⑩ コンビニエンスストア","コンビニエンスストア","熊本県熊本市南区富合町志々水6-1","",32.712944,130.675034,"0963571533","株式会社昭和商店","6330001020462","熊本県熊本市南区富合町志々水6-1","","","","","","","届出","",""
"043100","fBiz00000272290000000002","熊本県","熊本市中央区","熊本柑橘株式会社","クマモトカンキツカブシキガイシャ","⑦ 野菜果物販売業","","熊本県熊本市西区田崎町484","",32.781860,130.676946,"","熊本柑橘株式会社","3330001011571","熊本県熊本市西区田崎町４８４番地","","","","","","","届出","",""
"043100","fBiz00000276660000000002","熊本県","熊本市中央区","セブンイレブン熊本南高江","セブンイレブンクマモトミナミタカエ","① 飲食店営業","小売業","熊本県熊本市南区南高江6丁目11ｰ58","",32.748798,130.684681,"0963585038","野田龍星","","熊本県熊本市南区南高江6丁目11ｰ58","指令(食保)第50095号",2021/06/21,2021/06/21,2021/06/21,2027/08/31,"","許可","簡易飲食店営業施設",""
"043100","fBiz00000276660000000002","熊本県","熊本市中央区","セブンイレブン熊本南高江","セブンイレブンクマモトミナミタカエ","⑩ コンビニエンスストア","コンビニエンスストア","熊本県熊本市南区南高江6丁目11ｰ58","",32.748798,130.684681,"0963585038","野田龍星","","熊本県熊本市南区南高江6丁目11ｰ58","","","","","","","届出","",""
"043100","fBiz00000278270000000001","熊本県","熊本市中央区","古今堂（くまもと農菓マルシェ）","コキンドウ　クマモトノウカマルシェ","⑬ その他の食料・飲料販売業","","熊本県熊本市西区春日3丁目15-30","",32.790087,130.688362,"096-356-3577","株式会社古今堂","8330001012383","熊本県阿蘇郡南阿蘇村大字河陽５５７９番地３","","","","","","","届出","",""
"043100","fBiz00000279300000000001","熊本県","熊本市中央区","株式会社鶴屋百貨店","ツルヤヒヤッカテン","⑪ 百貨店、総合スーパー","百貨店","熊本県熊本市中央区手取本町6番1号","",32.802375,130.711039,"0963562111","株式会社鶴屋百貨店","9330001003051","熊本県熊本市中央区手取本町6番1号","","","","","","","届出","",""
"043100","fBiz00000279300000000002","熊本県","熊本市中央区","株式会社鶴屋百貨店東館","ツルヤヒヤッカテン","⑪ 百貨店、総合スーパー","百貨店","熊本県熊本市中央区手取本町8番1号","",32.802012,130.712222,"0963562111","株式会社鶴屋百貨店","9330001003051","熊本県熊本市中央区手取本町6番1号","","","","","","","届出","",""
"043100","fBiz00000282760000000004","熊本県","熊本市中央区","森川健康堂株式会社 阿蘇健康事業部","モリカワケンコウドウカブシキガイシャ アソケンコウジギョウブ","⑨ 通信販売・訪問販売による販売業","","熊本県熊本市南区富合町杉島54","",32.723761,130.680010,"096-311-3811","森川健康堂株式会社","1330001011004","熊本県上益城郡甲佐町大字田口２１７０番地","","","","","","","届出","",""
"043100","fBiz00000282760000000005","熊本県","熊本市中央区","森川健康堂株式会社 富合工場","モリカワケンコウドウカブシキガイシャ トミアイコウジョウ","⑮ いわゆる健康食品の製造・加工業","","熊本県熊本市南区富合町杉島54","",32.723761,130.680010,"096-311-3811","森川健康堂株式会社","1330001011004","熊本県上益城郡甲佐町大字田口２１７０番地","","","","","","","届出","",""
"043100","fBiz00000286290000000001","熊本県","熊本市中央区","","","② 食肉販売業（包装済みの食肉のみの販売）","通信販売","","","","","","","","","","","","","","","届出","",""
"043100","fBiz00000607320000000018","熊本県","熊本市中央区","","","⑬ その他の食料・飲料販売業","","","","","","","","","","","","","","","","届出","",""
"043100","fBiz00000287320000000714","熊本県","熊本市中央区","山内農場","ヤマウチノウジョウ","⑬ その他の食料・飲料販売業","居酒屋","熊本県熊本市中央区下通一丁目12番1号","　光園下通ビル　1階",32.800093,130.708227,"096-352-5988","株式会社モンテローザフーズ","2011101077486","東京都新宿区歌舞伎町一丁目２１番１号","","","","","","","届出","",""
"043100","fBiz00000288610000000001","熊本県","熊本市中央区","とれたて市","トレタテイチ","⑥ 弁当販売業","小売業（産直野菜及び果物含む）","熊本県熊本市北区和泉町189-24","",32.850833,130.693876,"096-245-5655","株式会社フードパル熊本","7330001004010","熊本県熊本市北区和泉町189-24","","","","","","","届出","",""
"043100","fBiz00000288610000000001","熊本県","熊本市中央区","とれたて市","トレタテイチ","⑦ 野菜果物販売業","小売業（産直野菜及び果物含む）","熊本県熊本市北区和泉町189-24","",32.850833,130.693876,"096-245-5655","株式会社フードパル熊本","7330001004010","熊本県熊本市北区和泉町189-24","","","","","","","届出","",""
"043100","fBiz00000288950000000001","熊本県","熊本市中央区","セブン-イレブン熊本手取本町店","セブンーイレブンクマモトテトリホンチョウテン","⑩ コンビニエンスストア","コンビニエンスストア","熊本県熊本市中央区手取本町4番１7号","",32.802803,130.709121,"0963562700","","","","","","","","","","届出","",""
"043100","fBiz00000288950000000003","熊本県","熊本市中央区","セブンーイレブン熊本下通アーケード店","セブンーイレブンクマモトシモトオリアーケードテン","⑩ コンビニエンスストア","コンビニエンスストア","熊本県熊本市中央区手取本町４番７号","",32.802950,130.709616,"０９６３２５３３９０","","","","","","","","","","届出","",""
"043100","fBiz00000289080000000001","熊本県","熊本市中央区","染岡農園","ソメオカノウエン","⑰ 農産保存食料品製造・加工業","","熊本県熊本市北区植木町田底2234","",32.971588,130.726094,"09086654611","染岡雅明","","熊本県熊本市北区植木町田底2234","","","","","","","届出","",""
"043100","fBiz00000289200000000001","熊本県","熊本市中央区","セブンーイレブン熊本明午橋通り店","セブンーイレブンクマモトメイゴハシトオリテン","⑩ コンビニエンスストア","コンビニエンスストア","熊本県熊本市中央区南千反畑町２番１１号","",32.806794,130.715064,"０９６３５６３７７２","","","","","","","","","","届出","",""
"043100","fBiz00000293950000000045","熊本県","熊本市中央区","","","㉖ 集団給食施設","介護事業(通所介護)","","","","","","","","","","","","","","","届出","",""
"043100","fBiz00000293950000000046","熊本県","熊本市中央区","","","㉖ 集団給食施設","介護事業(通所介護)","","","","","","","","","","","","","","","届出","",""
"043100","fBiz00000294230000000002","熊本県","熊本市中央区","きもの　すいしょう苑","キモノ　スイショウエン","② 食肉販売業（包装済みの食肉のみの販売）","自動販売機","熊本県熊本市東区若葉１丁目35-18","",32.776882,130.761298,"0962886091","合同会社絹幸","3330003007709","熊本県八代市本町１丁目７番３号","","","","","","","届出","",""
"043100","fBiz00000295230000000001","熊本県","熊本市中央区","","","⑬ その他の食料・飲料販売業","","","","","","","","","","","","","","","","届出","",""
"043100","fBiz00000296040000000086","熊本県","熊本市中央区","株式会社ブルーワンダー(屋号　アマリア）","カブシキガイシャブルーワンダー　アマリア","⑬ その他の食料・飲料販売業","催事出店2024年7月27日～2024年8月12日","熊本県熊本市西区春日3丁目15－30","肥後よかモン市場　期間限定SHOP",32.790087,130.688362,"","株式会社ブルーワンダー","1140001047125","兵庫県神戸市灘区城内通4-6-9","","","","","","","届出","",""
"043100","fBiz00000301920000001150","熊本県","熊本市中央区","しゃぶ葉　上水前寺店","シャブヨウカミスイゼンジテン","① 飲食店営業","レストラン","熊本県熊本市中央区上水前寺２丁目２－３２","",32.797326,130.745119,"096-386-1050","株式会社すかいらーくレストランツ","2012401030556","東京都武蔵野市西久保１丁目２５番８号","指令（食保）第50766号",2023/07/19,2023/07/19,2023/09/01,2029/08/31,"","許可","",""
"043100","fBiz00000301920000001150","熊本県","熊本市中央区","しゃぶ葉　上水前寺店","シャブヨウカミスイゼンジテン","⑬ その他の食料・飲料販売業","","熊本県熊本市中央区上水前寺２丁目２－３２","",32.797326,130.745119,"096-386-1050","株式会社すかいらーくレストランツ","2012401030556","東京都武蔵野市西久保１丁目２５番８号","","","","","","","届出","",""
"043100","fBiz00000301920000001165","熊本県","熊本市中央区","ガスト　熊本戸島店","ガストクマモトトシマテン","⑬ その他の食料・飲料販売業","","熊本県熊本市東区戸島西４丁目２－５３","",32.812966,130.786512,"096-331-6080","株式会社すかいらーくレストランツ","2012401030556","東京都武蔵野市西久保１丁目２５番８号","","","","","","","届出","",""
"043100","fBiz00000301920000001829","熊本県","熊本市中央区","むさしの森珈琲　健軍店","ムサシノモリコーヒーケングンテン","⑬ その他の食料・飲料販売業","","熊本県熊本市東区沼山津１丁目１－３","",32.777476,130.774721,"096-331-1027","株式会社すかいらーくレストランツ","2012401030556","東京都武蔵野市西久保１丁目２５番８号","","","","","","","届出","",""
"043100","fBiz00000301920000002003","熊本県","熊本市中央区","ガスト 熊本藤崎店","ガストクマモトフジサキテン","⑬ その他の食料・飲料販売業","","熊本県熊本市中央区北千反畑町１ー２３","",32.808736,130.715436,"096-341-1355","株式会社すかいらーくレストランツ","2012401030556","東京都武蔵野市西久保１丁目２５番８号","","","","","","","届出","",""
"043100","fBiz00000301920000002817","熊本県","熊本市中央区","ガスト 南熊本店","ガストミナミクマモトテン","⑬ その他の食料・飲料販売業","","熊本県熊本市中央区南熊本３丁目１０－１７","",32.787687,130.711377,"096-373-1033","株式会社すかいらーくレストランツ","2012401030556","東京都武蔵野市西久保１丁目２５番８号","","","","","","","届出","",""
"043100","fBiz00000301920000003166","熊本県","熊本市中央区","しゃぶ葉  熊本下通店","シャブヨウ  クマモトシモトオリテン","① 飲食店営業","レストラン","熊本県熊本市中央区下通１丁目４−１５ ","ＤＫ熊本下通ビル2階",32.801677,130.708469,"096-223-7788","株式会社すかいらーくレストランツ","2012401030556","東京都武蔵野市西久保１丁目２５番８号","指令（食保）第52134号",2025/07/22,2025/07/22,2025/07/22,2031/08/31,"","許可","",""
"043100","fBiz00000301920000003166","熊本県","熊本市中央区","しゃぶ葉  熊本下通店","シャブヨウ  クマモトシモトオリテン","⑬ その他の食料・飲料販売業","","熊本県熊本市中央区下通１丁目４−１５ ","ＤＫ熊本下通ビル2階",32.801677,130.708469,"096-223-7788","株式会社すかいらーくレストランツ","2012401030556","東京都武蔵野市西久保１丁目２５番８号","","","","","","","届出","",""
"043100","fBiz00000302710000000003","熊本県","熊本市中央区","","","⑬ その他の食料・飲料販売業","食品販売 （毎月１～2回 月・火曜日に販売）","","","","","","","","","","","","","","","届出","",""
"043100","fBiz00000302710000000004","熊本県","熊本市中央区","","","⑬ その他の食料・飲料販売業","食品販売","","","","","","","","","","","","","","","届出","",""
"043100","fBiz00000303820000000087","熊本県","熊本市中央区","イーティーズ野中店","イーティーズノナカテン","① 飲食店営業","","熊本県熊本市西区野中2丁目9番地11号","",32.776766,130.675453,"","株式会社イーティーズ","7290802022487","福岡県糟屋郡新宮町下府二丁目12番24号","指令（食保）第51013号",2024/01/30,2024/01/30,2024/01/30,2031/02/28,"","許可","",""
"043100","fBiz00000303820000000171","熊本県","熊本市中央区","イーティーズ熊本店","イーティーズクマモトテン","① 飲食店営業","弁当の製造販売","熊本県熊本市東区長嶺南4-1-116","ダイレックス熊本店内",32.809582,130.771606,"096-387-1300","株式会社イーティーズ","7290802022487","福岡県糟屋郡新宮町下府二丁目12番24号","指令（食保）第52316号",2025/10/22,2025/10/22,2025/12/01,2031/11/30,"","許可","",""
"043100","fBiz00000305240000000003","熊本県","熊本市中央区","HOW平成とうや病院店","ハウヘイセイトウヤビョウインテン","⑩ コンビニエンスストア","","熊本県熊本市南区出仲間8‐2‐15 ","",32.766878,130.718809,"","ワタキューセイモア株式会社","7130001037872","京都府綴喜郡井手町大字多賀小字茶臼塚12－2","","","","","","","届出","",""
"043100","fBiz00000305240000000010","熊本県","熊本市中央区","HOWくまもと青明病院店","ハウクマモトセイメイビョウインテン","⑩ コンビニエンスストア","","熊本県熊本市中央区渡鹿5‐1‐37","",32.810019,130.729856,"","ワタキューセイモア株式会社","7130001037872","京都府綴喜郡井手町大字多賀小字茶臼塚12－2","","","","","","","届出","",""
"043100","fBiz00000305240000000011","熊本県","熊本市中央区","HOW高野病院店","ハウタカノビョウインテン","⑩ コンビニエンスストア","","熊本県熊本市中央区大江3‐2‐55","",32.802607,130.724859,"","ワタキューセイモア株式会社","7130001037872","京都府綴喜郡井手町大字多賀小字茶臼塚12－2","","","","","","","届出","",""
"043100","fBiz00000305240000000013","熊本県","熊本市中央区","YS熊本整形外科病院店","ワイエスクマモトセイケイゲカビョウインテン","⑩ コンビニエンスストア","","熊本県熊本市中央区新屋敷1‐17‐1","",32.801035,130.718035,"","ワタキューセイモア株式会社","7130001037872","京都府綴喜郡井手町大字多賀小字茶臼塚12－2","","","","","","","届出","",""
"043100","fBiz00000305240000000014","熊本県","熊本市中央区","HOW東病院店","ハウアズマビョウインテン","⑩ コンビニエンスストア","","熊本県熊本市南区出仲間5‐2‐2","",32.769703,130.716428,"","ワタキューセイモア株式会社","7130001037872","京都府綴喜郡井手町大字多賀小字茶臼塚12－2","","","","","","","届出","",""
"043100","fBiz00000305240000000015","熊本県","熊本市中央区","HOW桔梗苑店","ハウキキョウエンテン","⑩ コンビニエンスストア","","熊本県熊本市南区城南町沈目1481","",32.697993,130.749682,"","ワタキューセイモア株式会社","7130001037872","京都府綴喜郡井手町大字多賀小字茶臼塚12－2","","","","","","","届出","",""
"043100","fBiz00000306930000000002","熊本県","熊本市中央区","業務スーパー辛島公園店青果部門","ギョウムスーパーカラシマコウエンテンセイカブモン","⑦ 野菜果物販売業","小売","熊本県熊本市中央区辛島町２−１","",32.799200,130.703407,"0964-42-9797","株式会社味采市場","2330001023155","熊本県宇土市善導寺町９５番地","","","","","","","届出","",""
"043100","fBiz00000306930000000003","熊本県","熊本市中央区","業務スーパー平成店青果部門","ギョウムスーパーヘイセイテンセイカブモン","⑦ 野菜果物販売業","小売","熊本県熊本市南区平成２丁目２−２２","",32.778573,130.703323,"0964-42-9797","株式会社味采市場","2330001023155","熊本県宇土市善導寺町９５番地","","","","","","","届出","",""
"043100","fBiz00000306930000000005","熊本県","熊本市中央区","業務スーパー花立店青果部門","ギョウムスーパーハナタテテンセイカブモン","⑦ 野菜果物販売業","小売","熊本県熊本市東区花立5丁目12-13","",32.787329,130.774308,"0964-42-9797","株式会社味采市場","2330001023155","熊本県宇土市善導寺町９５番地","","","","","","","届出","",""
"043100","fBiz00000306930000000006","熊本県","熊本市中央区","業務スーパー植木店青果部門","ギョウムスーパーウエキテンセイカブモン","⑦ 野菜果物販売業","小売","熊本県熊本市北区植木町滴水３３","",32.892453,130.689931,"","株式会社味采市場","2330001023155","熊本県宇土市善導寺町９５番地","","","","","","","届出","",""
"043100","fBiz00000306930000000007","熊本県","熊本市中央区","業務スーパー植木店（青果部門）","ギョウムスーパーウエキテンセイカブモン","⑦ 野菜果物販売業","","熊本県熊本市北区植木町滴水３３−１","",32.892526,130.690106,"","株式会社味采市場","2330001023155","熊本県宇土市善導寺町９５番地","","","","","","","届出","",""
"043100","fBiz00000306930000000008","熊本県","熊本市中央区","業務スーパー麻生田店（青果部門）","ギョウムスーパーアソウダテンセイカブモン","⑦ 野菜果物販売業","","熊本県熊本市北区清水新地３丁目７−１","",32.847663,130.741001,"","株式会社味采市場","2330001023155","熊本県宇土市善導寺町９５番地","","","","","","","届出","",""
"043100","fBiz00000313470000000024","熊本県","熊本市中央区","","","① 飲食店営業","","","","","","","","","","指令（食保）第50813号",2021/11/18,2021/11/18,2021/12/01,2027/11/30,"","許可","なし",""
"043100","fBiz00000313470000000064","熊本県","熊本市中央区","","","① 飲食店営業","すし屋","","","","","","","","","指令(食保)第50306号",2022/10/27,2022/10/27,2022/12/01,2028/11/30,"","許可","",""
"043100","fBiz00000313470000000076","熊本県","熊本市中央区","","","① 飲食店営業","すし屋","","","","","","","","","指令（食保）第50402号",2023/01/31,2023/01/31,2023/03/01,2029/02/28,"","許可","",""
"043100","fBiz00000313470000000118","熊本県","熊本市中央区","","","① 飲食店営業","すし屋","","","","","","","","","指令（食保）第50921号",2023/10/31,2023/10/31,2023/12/01,2029/11/30,"","許可","",""
"043100","fBiz00000325840000000001","熊本県","熊本市中央区","","","⑬ その他の食料・飲料販売業","食品販売業","","","","","","","","","","","","","","","届出","",""
"043100","fBiz00000329770000000001","熊本県","熊本市中央区","","","⑩ コンビニエンスストア","","","","","","","","","","","","","","","","届出","",""
"043100","fBiz00000329770000000002","熊本県","熊本市中央区","","","⑩ コンビニエンスストア","","","","","","","","","","","","","","","","届出","",""
"043100","fBiz00000329770000000003","熊本県","熊本市中央区","","","⑩ コンビニエンスストア","","","","","","","","","","","","","","","","届出","",""
"043100","fBiz00000329770000000004","熊本県","熊本市中央区","","","⑬ その他の食料・飲料販売業","","","","","","","","","","","","","","","","届出","",""
"043100","fBiz00000330040000000001","熊本県","熊本市中央区","","","⑥ 弁当販売業","販売業","熊本県熊本市中央区水前寺1-31-2","",32.794402,130.730209,"05088810338","","","","","","","","","","届出","",""
"043100","fBiz00000330520000000002","熊本県","熊本市中央区","火の国酪農業協同組合","ヒノクニラクノウギョウキョウドウクミアイ","③ 乳類販売業","","熊本県熊本市東区戸島5丁目10-15","",32.825896,130.796460,"","火の国酪農業協同組合","6330005008520","熊本県熊本市東区戸島５丁目１０番１５号","","","","","","","届出","",""
"043100","fBiz00000331310000000001","熊本県","熊本市中央区","","","③ 乳類販売業","","","","","","","","","","","","","","","","届出","",""
"043100","fBiz00000331310000000001","熊本県","熊本市中央区","","","⑬ その他の食料・飲料販売業","","","","","","","","","","","","","","","","届出","",""
"043100","fBiz00000332500000000004","熊本県","熊本市中央区","ギンザプティカスタ","ギンザプティカスタ","① 飲食店営業","飲食店営業","熊本県熊本市中央区下通1丁目３－８","COCOSA1階",32.802262,130.708806,"096-352-0553","有限会社Ｆ・Ｐフーズ","4012702012986","東京都小平市学園東町２丁目４番６号多田ビル２０１","指令（食保）第50886号",2023/12/02,2023/12/02,2023/12/02,2023/12/08,"","許可","比較的大量の水を要しない飲食店（臨時）営業",""
"043100","fBiz00000332500000000005","熊本県","熊本市中央区","ギンザプティカスタ","ギンザプティカスタ","① 飲食店営業","飲食店営業","熊本県熊本市中央区下通1丁目３－８","COCOSA1階",32.802262,130.708806,"096-352-0553","有限会社Ｆ・Ｐフーズ","4012702012986","東京都小平市学園東町２丁目４番６号多田ビル２０１","指令（食保）第50887号",2023/12/09,2023/12/09,2023/12/09,2023/12/11,"","許可","比較的大量の水を要しない飲食店（臨時）営業",""
"043100","fBiz00000332500000000007","熊本県","熊本市中央区","ギンザプティカスタ","ギンザプティカスタ","① 飲食店営業","","熊本県熊本市西区春日３丁目15-26","アミュプラザ熊本１階キタノエース前",32.788826,130.688761,"","有限会社Ｆ・Ｐフーズ","4012702012986","東京都小平市学園東町２丁目４番６号多田ビル２０１","指令（食保）第51570号",2024/08/27,2024/08/27,2024/08/27,2024/09/02,"","許可","",""
"043100","fBiz00000332500000000008","熊本県","熊本市中央区","ギンザプティカスタ","ギンザプティカスタ","① 飲食店営業","","熊本県熊本市西区春日３丁目15-26","アミュプラザ熊本１階キタノエース前",32.788826,130.688761,"","有限会社Ｆ・Ｐフーズ","4012702012986","東京都小平市学園東町２丁目４番６号多田ビル２０１","指令（食保）第51571号",2024/09/03,2024/09/03,2024/09/03,2024/09/08,"","許可","",""
"043100","fBiz00000332500000000011","熊本県","熊本市中央区","ギンザプティカスタ","ギンザプティカスタ","① 飲食店営業","","熊本県熊本市西区春日３丁目１５－２６","アミュプラザ熊本１階キタノエース前",32.788826,130.688761,"","有限会社Ｆ・Ｐフーズ","4012702012986","東京都小平市学園東町２丁目４番６号多田ビル２０１","指令（食保）第52162号",2025/08/05,2025/08/05,2025/08/05,2025/08/11,"","許可","",""
"043100","fBiz00000332500000000012","熊本県","熊本市中央区","ギンザプティカスタ","ギンザプティカスタ","① 飲食店営業","","熊本県熊本市西区春日３丁目１５－２６","アミュプラザ熊本１階キタノエース前",32.788826,130.688761,"","有限会社Ｆ・Ｐフーズ","4012702012986","東京都小平市学園東町２丁目４番６号多田ビル２０１","指令（食保）第52163号",2025/08/12,2025/08/12,2025/08/12,2025/08/18,"","許可","",""
"043100","fBiz00000332530000000001","熊本県","熊本市中央区","株式会社サン・ファーム","カブシキカイシャサン・ファーム","⑬ その他の食料・飲料販売業","","熊本県熊本市南区城南町今吉野1000−1","",32.715534,130.735195,"0984-28-3300","株式会社サン・ファーム","8330001013010","熊本県熊本市南区城南町今吉野１０００番地の１","","","","","","","届出","",""
"043100","fBiz00000335630000000005","熊本県","熊本市中央区","海星ムサシ","カイセイムサシ","① 飲食店営業","","熊本県熊本市中央区渡鹿１丁目１８−１ ","ＨＩヒロセ渡鹿店",32.806839,130.735657,"","","","福岡県福岡市中央区那の津二丁目１番３号","指令（食保）第50019号",2022/04/21,2022/04/21,2022/04/21,2028/05/31,"","許可","なし",""
"043100","fBiz00000335630000000005","熊本県","熊本市中央区","海星ムサシ","カイセイムサシ","④ 魚介類販売業","","熊本県熊本市中央区渡鹿１丁目１８−１ ","ＨＩヒロセ渡鹿店",32.806839,130.735657,"","","","福岡県福岡市中央区那の津二丁目１番３号","指令（食保）第50020号",2022/04/21,2022/04/21,2022/04/21,2028/05/31,"","許可","なし",""
"043100","fBiz00000335630000000006","熊本県","熊本市中央区","海星ムサシ","カイセイムサシ","① 飲食店営業","","熊本県熊本市北区飛田３丁目８−４５","ＨＩヒロセ飛田店",32.852596,130.718206,"","","","福岡県福岡市中央区那の津二丁目１番３号","指令（食保）第50163号",2022/07/19,2022/07/19,2022/07/19,2028/08/31,"","許可","",""
"043100","fBiz00000335630000000006","熊本県","熊本市中央区","海星ムサシ","カイセイムサシ","④ 魚介類販売業","","熊本県熊本市北区飛田３丁目８−４５","ＨＩヒロセ飛田店",32.852596,130.718206,"","","","福岡県福岡市中央区那の津二丁目１番３号","指令（食保）第50164号",2022/07/19,2022/07/19,2022/07/19,2028/08/31,"","許可","",""
"043100","fBiz00000337300000000001","熊本県","熊本市中央区","モナコパレス白山店","ハクザンテン","㉘ 露店、仮設店舗等における飲食の提供のうち、営業とみなされないもの","","熊本県熊本市中央区九品寺6丁目4-1","",32.789266,130.715421,"0962771024","岩下兄弟株式会社","8330001015865","熊本県人吉市中青井町字下青井田３６９番地１","","","","","","","届出","",""
"043100","fBiz00000339130000000122","熊本県","熊本市中央区","サーティワンアイスクリーム　アミュプラザ熊本店","サーティワンアイスクリーム　アミュプラザクマモトテン","① 飲食店営業","","熊本県熊本市西区春日３丁目１５−２６","アミュプラザ熊本",32.788826,130.688761,"","株式会社イートスタイル","1350001010012","宮崎県小林市細野２８８番地１","指令（食保）第51587号",2024/09/13,2024/09/13,2024/09/13,2040/11/30,"","許可","",""
"043100","fBiz00000341710000000001","熊本県","熊本市中央区","馬刺しの極み","バサシノキワミ","② 食肉販売業（包装済みの食肉のみの販売）","通信販売","熊本県熊本市北区西梶尾町450-4-1F","",32.869058,130.704539,"0962736823","株式会社ＲＡＤＩＡＮＴ","6330001019265","熊本県熊本市北区西梶尾町４５０－４－１Ｆ","","","","","","","届出","",""
"043100","fBiz00000341710000000001","熊本県","熊本市中央区","馬刺しの極み","バサシノキワミ","⑨ 通信販売・訪問販売による販売業","通信販売","熊本県熊本市北区西梶尾町450-4-1F","",32.869058,130.704539,"0962736823","株式会社ＲＡＤＩＡＮＴ","6330001019265","熊本県熊本市北区西梶尾町４５０－４－１Ｆ","","","","","","","届出","",""
"043100","fBiz00000343710000000003","熊本県","熊本市中央区","","","⑩ コンビニエンスストア","","","","","","","","","","","","","","","","届出","",""
"043100","fBiz00000344250000000003","熊本県","熊本市中央区","ミスタードーナツ健軍ショップ","ミスタードーナツケングンショップ","⑬ その他の食料・飲料販売業","飲食業","熊本県熊本市東区健軍三丁目51番16号","",32.778629,130.760773,"0963683141","株式会社大進","8330003001112","熊本県熊本市東区健軍三丁目５１番１６号","","","","","","","届出","",""
"043100","fBiz00000352300000000070","熊本県","熊本市中央区","サニー桜木","サニーサクラギ","⑪ 百貨店、総合スーパー","","熊本県熊本市東区花立1丁目10-16","",32.779403,130.773915,"096-367-7791","株式会社ゆめマート熊本","9330001006112","熊本県熊本市東区上南部２丁目２番２号","","","","","","","届出","",""
"043100","fBiz00000352300000000071","熊本県","熊本市中央区","サニー水前寺","サニースイゼンジ","① 飲食店営業","そうざい調理","熊本県熊本市中央区水前寺1丁目17-29","",32.793637,130.727533,"096-382-5138","株式会社ゆめマート熊本","9330001006112","熊本県熊本市東区上南部２丁目２番２号","指令（食保）第51164号",2024/04/24,2024/04/24,2024/06/01,2031/05/31,"","許可","",""
"043100","fBiz00000611120000000027","熊本県","熊本市中央区","","","⑪ 百貨店、総合スーパー","","","","","","","","","","","","","","","","届出","",""
"043100","fBiz00000352300000000081","熊本県","熊本市中央区","サニー水前寺","サニースイゼンジ","④ 魚介類販売業","スーパーマーケット","熊本県熊本市中央区水前寺1丁目17-29","",32.793637,130.727533,"096-382-5138","株式会社ゆめマート熊本","9330001006112","熊本県熊本市東区上南部２丁目２番２号","指令（食保）第51165号",2024/04/24,2024/04/24,2024/06/01,2031/05/31,"","許可","",""
"043100","fBiz00000352300000000082","熊本県","熊本市中央区","サニー水前寺","サニースイゼンジ","⑪ 百貨店、総合スーパー","","熊本県熊本市中央区水前寺1丁目17-29","",32.793637,130.727533,"096-382-5138","株式会社ゆめマート熊本","9330001006112","熊本県熊本市東区上南部２丁目２番２号","","","","","","","届出","",""
"043100","fBiz00000362970000000001","熊本県","熊本市中央区","熊本地方合同庁舎B棟売店","クマモトチホウゴウドウチョウシャビートウバイテン","⑬ その他の食料・飲料販売業","食品販売業","熊本県熊本市西区春日2丁目10-1","",32.786176,130.688518,"096-324-2511","デルソル九州株式会社","4290001031656","福岡県福岡市博多区上川端町13-8　NTT博多DOIMACHIビル　４F","","","","","","","届出","",""
"043100","fBiz00000362970000000002","熊本県","熊本市中央区","熊本地方合同庁舎Ａ棟売店","クマモトチホウゴウドウチョウシャエートウバイテン","⑬ その他の食料・飲料販売業","食品販売業","熊本県熊本市西区春日2丁目10-1","",32.786176,130.688518,"096-288-5604","デルソル九州株式会社","4290001031656","福岡県福岡市博多区上川端町13-8　NTT博多DOIMACHIビル　４F","","","","","","","届出","",""
"043100","fBiz00000364670000000001","熊本県","熊本市中央区","ペンタ・ロジスティクス株式会社","ペンタ・ロジスティクスカブシキガイシャ","⑬ その他の食料・飲料販売業","","熊本県熊本市南区城南町鰐瀬1808-23","",32.675858,130.752956,"0964275775","ペンタ・ロジスティクス株式会社","5330001001430","熊本県熊本市南区城南町鰐瀬１８０８番地２３","","","","","","","届出","",""
"043100","fBiz00000368930000000009","熊本県","熊本市中央区","イタロー熊本上通店","イタロークマモトカミトオリテン","① 飲食店営業","韓国料理","熊本県熊本市中央区南坪井町1-1","NKビル１階",32.806949,130.711995,"08044719682","株式会社巨山","4011101024759","東京都新宿区大久保１丁目１２番２９号","指令（食保）第50551号",2023/04/24,2023/04/24,2023/04/24,2029/05/31,"","許可","",""
"043100","fBiz00000368930000000010","熊本県","熊本市中央区","ネネチキン熊本下通店","ネネチキンクマモトシモトオリテン","① 飲食店営業","韓国料理","熊本県熊本市中央区安政町1-2","カリーノ下通",32.801910,130.709692,"050-8885-4501","株式会社巨山","4011101024759","東京都新宿区大久保１丁目１２番２９号","指令（食保）第50549号",2023/04/17,2023/04/17,2023/04/17,2029/05/31,"","許可","なし",""
"043100","fBiz00000369850000000019","熊本県","熊本市中央区","ファミリーマートサンロード熊本良町店","ファミリーマートサンロードクマモトヤヤマチテン","① 魚介類販売業（包装済みの魚介類のみの販売）","","熊本県熊本市南区良町3丁目14-23","",32.757084,130.724575,"","サンロード株式会社","1330001016069","熊本県球磨郡錦町大字西字打越７１５番地３２","","","","","","","届出","",""
"043100","fBiz00000369850000000019","熊本県","熊本市中央区","ファミリーマートサンロード熊本良町店","ファミリーマートサンロードクマモトヤヤマチテン","② 食肉販売業（包装済みの食肉のみの販売）","","熊本県熊本市南区良町3丁目14-23","",32.757084,130.724575,"","サンロード株式会社","1330001016069","熊本県球磨郡錦町大字西字打越７１５番地３２","","","","","","","届出","",""
"043100","fBiz00000369850000000019","熊本県","熊本市中央区","ファミリーマートサンロード熊本良町店","ファミリーマートサンロードクマモトヤヤマチテン","③ 乳類販売業","","熊本県熊本市南区良町3丁目14-23","",32.757084,130.724575,"","サンロード株式会社","1330001016069","熊本県球磨郡錦町大字西字打越７１５番地３２","","","","","","","届出","",""
"043100","fBiz00000369850000000019","熊本県","熊本市中央区","ファミリーマートサンロード熊本良町店","ファミリーマートサンロードクマモトヤヤマチテン","⑦ 野菜果物販売業","","熊本県熊本市南区良町3丁目14-23","",32.757084,130.724575,"","サンロード株式会社","1330001016069","熊本県球磨郡錦町大字西字打越７１５番地３２","","","","","","","届出","",""
"043100","fBiz00000369850000000019","熊本県","熊本市中央区","ファミリーマートサンロード熊本良町店","ファミリーマートサンロードクマモトヤヤマチテン","⑩ コンビニエンスストア","","熊本県熊本市南区良町3丁目14-23","",32.757084,130.724575,"","サンロード株式会社","1330001016069","熊本県球磨郡錦町大字西字打越７１５番地３２","","","","","","","届出","",""
"043100","fBiz00000374920000000042","熊本県","熊本市中央区","ファミリーマート銘品蔵熊本駅改札内店","ファミリーマートメイヒングラクマモトエキカイサツナイテン","⑩ コンビニエンスストア","","熊本県熊本市西区春日３丁目１５－３０","",32.790087,130.688362,"096-312-0226","ＪＲ九州リテール株式会社","1290001013566","福岡県福岡市博多区博多駅東１丁目１－１４","","","","","","","届出","",""
"043100","fBiz00000374920000000049","熊本県","熊本市中央区","ファミリーマート銘品蔵熊本駅新幹線口店","ファミリーマートメイヒングラクマモトエキシンカンセンクチテン","⑩ コンビニエンスストア","","熊本県熊本市西区春日３丁目１５－３０","",32.790087,130.688362,"096-312-0881","ＪＲ九州リテール株式会社","1290001013566","福岡県福岡市博多区博多駅東１丁目１－１４","","","","","","","届出","",""
"043100","fBiz00000374920000000051","熊本県","熊本市中央区","ファミリーマート熊本駅白川口店","ファミリーマートクマモトエキシラカワクチテン","⑩ コンビニエンスストア","","熊本県熊本市西区春日３丁目１５－３０","",32.790087,130.688362,"096-312-2501","ＪＲ九州リテール株式会社","1290001013566","福岡県福岡市博多区博多駅東１丁目１－１４","","","","","","","届出","",""
"043100","fBiz00000374920000000058","熊本県","熊本市中央区","ファミリーマート熊本市民病院店","ファミリーマートクマモトシミンビョウインテン","⑩ コンビニエンスストア","","熊本県熊本市東区東町４丁目１－６０","",32.787571,130.763749,"096-331-6020","ＪＲ九州リテール株式会社","1290001013566","福岡県福岡市博多区博多駅東１丁目１－１４","","","","","","","届出","",""
"043100","fBiz00000374920000000070","熊本県","熊本市中央区","ファミリーマートＪＲ熊本駅前店","ファミリーマートジェイアールクマモトエキマエテン","⑩ コンビニエンスストア","","熊本県熊本市西区春日３丁目１５－５５","",32.790514,130.689198,"096-319-2050","ＪＲ九州リテール株式会社","1290001013566","福岡県福岡市博多区博多駅東１丁目１－１４","","","","","","","届出","",""
"043100","fBiz00000378780000000003","熊本県","熊本市中央区","ナカムラ商会株式会社","ナカムラショウカイカブシキガイシャ","⑩ コンビニエンスストア","小売業","熊本県熊本市南区八分字町11番地13","",32.758539,130.661332,"09043441969","ナカムラ商会株式会社","8330001027101","熊本県熊本市南区八分字町11番地13","","","","","","","届出","",""
"043100","fBiz00000387940000000001","熊本県","熊本市中央区","有限会社　タチバナ薬局","ユウゲンガイシャ　タチバナヤッキョク","㉙ その他","薬局","熊本県熊本市中央区南熊本4-2-14","",32.790869,130.709015,"096-371-5963","有限会社　タチバナ薬局","5330002006627","熊本県熊本市中央区南熊本4-2-14","","","","","","","届出","",""
"043100","fBiz00000391460000000001","熊本県","熊本市中央区","高山商店","タカヤマショウテン","⑬ その他の食料・飲料販売業","","熊本県熊本市中央区菅原町1-3","",32.791590,130.720469,"0963661662","高山美枝子","","熊本県熊本市中央区菅原町1-3","","","","","","","届出","",""
"043100","fBiz00000417660000000018","熊本県","熊本市中央区","ゆめタウンサンピアン","ユメタウンサンピアン","⑪ 百貨店、総合スーパー","","熊本県熊本市東区上南部二丁目2番2号","",32.827140,130.763394,"096-380-1125","株式会社イズミ","8240001000777","広島県広島市東区二葉の里３丁目３番１号","","","","","","","届出","",""
"043100","fBiz00000417660000000052","熊本県","熊本市中央区","ゆめタウンはません","ユメタウンハマセン","⑪ 百貨店、総合スーパー","","熊本県熊本市南区田井島一丁目2番1号","",32.770108,130.727817,"096-334-1625","","","","","","","","","","届出","",""
"043100","fBiz00000417660000000067","熊本県","熊本市中央区","ゆめマート田崎","ユメマートタサキ","⑪ 百貨店、総合スーパー","","熊本県熊本市西区田崎二丁目5番1号","",32.783412,130.679824,"096-312-3111","","","","","","","","","","届出","",""
"043100","fBiz00000417660000000072","熊本県","熊本市中央区","ゆめマート大江","ユメマートオオエ","⑪ 百貨店、総合スーパー","","熊本県熊本市中央区大江三丁目2番40号","",32.803007,130.725602,"096-211-5500","","","","","","","","","","届出","",""
"043100","fBiz00000418980000000001","熊本県","熊本市中央区","","","⑦ 野菜果物販売業","","","","","","","","","","","","","","","","届出","",""
"043100","fBiz00000420900000000029","熊本県","熊本市中央区","鶴屋百貨店　ユーハイム","ツルヤヒャッカテン　ユーハイム","⑪ 百貨店、総合スーパー","","熊本県熊本市中央区手取本町6番1号","",32.802375,130.711039,"096-359-5811","株式会社ユーハイム","8140001011529","兵庫県神戸市中央区港島中町7-7-4","","","","","","","届出","",""
"043100","fBiz00000422790000000040","熊本県","熊本市中央区","麺場　田所商店　熊本駅店","メンバ　タドコロショウテン　クマモトエキテン","① 飲食店営業","味噌らーめん店(飲食店)","熊本県熊本市西区春日３丁目１５−３０","肥後よかモン市場内",32.790087,130.688362,"096-342-6393","株式会社トライ・インターナショナル","9040001011471","千葉県千葉市美浜区中瀬２丁目６番地１","指令（食保）第51594号",2024/08/23,2024/08/23,2024/08/23,2030/08/31,"","許可","",""
"043100","fBiz00000422790000000041","熊本県","熊本市中央区","麺場　田所商店　東バイパス店","メンバ タドコロショウテン ヒガシバイパステン","① 飲食店営業","味噌らーめん店(飲食店)","熊本県熊本市東区保田窪３丁目１５−１","",32.809721,130.749238,"096-385-1188","株式会社トライ・インターナショナル","9040001011471","千葉県千葉市美浜区中瀬２丁目６番地１","指令（食保）発51593号",2024/08/23,2024/08/23,2024/08/23,2030/08/31,"","許可","",""
"043100","fBiz00000422790000000047","熊本県","熊本市中央区","麺場 田所商店 楡木店","メンバ タドコロショウテン ニレノキテン","① 飲食店営業","味噌らーめん店(飲食店)","熊本県熊本市北区楡木４丁目５−６","",32.849618,130.755594,"0963388844","株式会社トライ・インターナショナル","9040001011471","千葉県千葉市美浜区中瀬２丁目６番地１","指令（食保）第51786号",2025/01/24,2025/01/24,2025/01/24,2031/02/28,"","許可","",""
"043100","fBiz00000426820000000029","熊本県","熊本市中央区","トライアルクイック清水店","トライアルクイックシミズテン","⑪ 百貨店、総合スーパー","スーパー","熊本県熊本市北区清水町松崎４６―１","",32.831913,130.720892,"096-341-1551","株式会社トライアルクイック","7290001061989","福岡県福岡市東区多の津一丁目12番2号","","","","","","","届出","",""
"043100","fBiz00000427700000000024","熊本県","熊本市中央区","ドラッグイレブン健軍店","ドラッグイレブンケングンテン","⑪ 百貨店、総合スーパー","","熊本県熊本市東区健軍本町21-3","",32.787892,130.756941,"096-331-7801","株式会社ドラッグイレブン","9290001042145","福岡県大野城市川久保一丁目2番1号","","","","","","","届出","",""
"043100","fBiz00000427700000000040","熊本県","熊本市中央区","ドラッグイレブン帯山店","ドラッグイレブンオビヤマテン","⑪ 百貨店、総合スーパー","","熊本県熊本市中央区帯山１丁目１９番２９号","",32.799645,130.739652,"","株式会社ドラッグイレブン","9290001042145","福岡県大野城市川久保一丁目2番1号","","","","","","","届出","",""
"043100","fBiz00000427700000000059","熊本県","熊本市中央区","ドラッグイレブン江津店","ドラッグイレブンエヅテン","⑪ 百貨店、総合スーパー","","熊本県熊本市東区江津２丁目２７番３７号","",32.774716,130.734351,"","株式会社ドラッグイレブン","9290001042145","福岡県大野城市川久保一丁目2番1号","","","","","","","届出","",""
"043100","fBiz00000427700000000060","熊本県","熊本市中央区","ドラッグイレブン島町店","ドラッグイレブンシママチテン","⑪ 百貨店、総合スーパー","","熊本県熊本市南区島町４丁目１４－１７","",32.762945,130.677019,"","株式会社ドラッグイレブン","9290001042145","福岡県大野城市川久保一丁目2番1号","","","","","","","届出","",""
"043100","fBiz00000427700000000082","熊本県","熊本市中央区","ドラッグイレブン御領店","ドラッグイレブンゴリョウテン","⑪ 百貨店、総合スーパー","","熊本県熊本市東区御領２丁目２０番１号","",32.822025,130.762821,"","株式会社ドラッグイレブン","9290001042145","福岡県大野城市川久保一丁目2番1号","","","","","","","届出","",""
"043100","fBiz00000427700000000134","熊本県","熊本市中央区","ドラッグイレブン月出店","ドラッグイレブンツキデテン","⑪ 百貨店、総合スーパー","","熊本県熊本市東区月出1丁目5番17号","",32.802610,130.762917,"096-213-6711","株式会社ドラッグイレブン","9290001042145","福岡県大野城市川久保一丁目2番1号","","","","","","","届出","",""
"043100","fBiz00000427700000000154","熊本県","熊本市中央区","ドラッグイレブンイオンタウン西熊本店","ドラッグイレブンイオンタウンニシクマモトテン","⑪ 百貨店、総合スーパー","","熊本県熊本市南区島町3丁目1番1号","",32.764545,130.682372,"096-357-3011","株式会社ドラッグイレブン","9290001042145","福岡県大野城市川久保一丁目2番1号","","","","","","","届出","",""
"043100","fBiz00000431940000000199","熊本県","熊本市中央区","びっくりドンキー南熊本店","ビックリドンキーミナミクマモトテン","⑧ 米穀類販売業","レストラン","熊本県熊本市中央区九品寺６丁目９番４２号","ワンダーシティ南熊本内",32.787451,130.714847,"096-375-1312","株式会社アレフ","9430001001078","北海道札幌市白石区菊水六条3丁目1番26号","","","","","","","届出","",""
"043100","fBiz00000476530000000014","熊本県","熊本市中央区","イオン九州マックスバリュ神水","イオンキュウシュウマックスバリュクワミズ","⑪ 百貨店、総合スーパー","","熊本県熊本市中央区神水2丁目11番16号","",32.788317,130.747098,"","イオン九州株式会社","6290001017604","福岡県福岡市東区香椎浜２丁目８番３０号","","","","","","","届出","",""
"043100","fBiz00000431940000000199","熊本県","熊本市中央区","びっくりドンキー南熊本店","ビックリドンキーミナミクマモトテン","⑬ その他の食料・飲料販売業","レストラン","熊本県熊本市中央区九品寺６丁目９番４２号","ワンダーシティ南熊本内",32.787451,130.714847,"096-375-1312","株式会社アレフ","9430001001078","北海道札幌市白石区菊水六条3丁目1番26号","","","","","","","届出","",""
"043100","fBiz00000431940000000204","熊本県","熊本市中央区","びっくりドンキー熊本インター店","ビックリドンキークマモトインターテン","⑧ 米穀類販売業","レストラン","熊本県熊本市東区石原１丁目１番地１１０","ミスターマックスショッピングセンター内",32.838878,130.778520,"096-349-7380","株式会社アレフ","9430001001078","北海道札幌市白石区菊水六条3丁目1番26号","","","","","","","届出","",""
"043100","fBiz00000431940000000204","熊本県","熊本市中央区","びっくりドンキー熊本インター店","ビックリドンキークマモトインターテン","⑬ その他の食料・飲料販売業","レストラン","熊本県熊本市東区石原１丁目１番地１１０","ミスターマックスショッピングセンター内",32.838878,130.778520,"096-349-7380","株式会社アレフ","9430001001078","北海道札幌市白石区菊水六条3丁目1番26号","","","","","","","届出","",""
"043100","fBiz00000433460000000004","熊本県","熊本市中央区","桝田そば製粉株式会社","マスダソバセイフンカブシキガイシャ","⑳ 精穀・製粉業","","熊本県熊本市東区鹿帰瀬町629","",32.847808,130.796273,"0963802634","桝田そば製粉株式会社","6330001004325","熊本県熊本市東区鹿帰瀬町629","","","","","","","届出","",""
"043100","fBiz00000436460000000340","熊本県","熊本市中央区","トライアルクイック清水店","トライアルクイックシミズテン","① 飲食店営業","スーパー","熊本県熊本市北区清水町大字松崎46-1","",32.831913,130.720892,"096-341-1551","株式会社トライアルカンパニー","1290001009110","福岡県福岡市東区多の津一丁目12番2号","指令（食保）第50378号",2021/08/27,2021/08/27,2021/09/01,2027/08/31,"","許可","特になし",""
"043100","fBiz00000436460000000573","熊本県","熊本市中央区","メガセンタートライアル上熊本店","メガセンタートライアルカミクマモトテン","㉛ 食品の小分け業","スーパー","熊本県熊本市西区上熊本三丁目８番１","",32.822923,130.700170,"096-326-3010","株式会社トライアルカンパニー","1290001009110","福岡県福岡市東区多の津一丁目12番2号","指令（食保）第50975号",2023/12/05,2023/12/05,2023/12/05,2031/02/28,"","許可","",""
"043100","fBiz00000436460000000609","熊本県","熊本市中央区","スーパーセンタートライアル尾ノ上店","スーパーセンタートライアルオノウエテン","③ 食肉販売業","総合スーパー","熊本県熊本市東区尾ノ上四丁目１８番１１５号","",32.794509,130.761063,"096-285-8473","株式会社トライアルカンパニー","1290001009110","福岡県福岡市東区多の津一丁目12番2号","指令(食保)第51022号",2024/02/06,2024/02/06,2024/02/06,2030/02/28,"","許可","なし",""
"043100","fBiz00000436460000000610","熊本県","熊本市中央区","スーパーセンタートライアル尾ノ上店","スーパーセンタートライアルオノウエテン","④ 魚介類販売業","総合スーパー","熊本県熊本市東区尾ノ上四丁目１８番１１５号","",32.794509,130.761063,"096-285-8473","株式会社トライアルカンパニー","1290001009110","福岡県福岡市東区多の津一丁目12番2号","指令(食保)第51021号",2024/02/06,2024/02/06,2024/02/06,2030/02/28,"","許可","なし",""
"043100","fBiz00000436460000000611","熊本県","熊本市中央区","スーパーセンタートライアル尾ノ上店","スーパーセンタートライアルオノウエテン","① 飲食店営業","総合スーパー","熊本県熊本市東区尾ノ上四丁目１８番１１５号","",32.794509,130.761063,"096-285-8473","株式会社トライアルカンパニー","1290001009110","福岡県福岡市東区多の津一丁目12番2号","指令(食保)第51018号",2024/02/06,2024/02/06,2024/02/06,2030/02/28,"","許可","なし",""
"043100","fBiz00000436460000000612","熊本県","熊本市中央区","スーパーセンタートライアル尾ノ上店","スーパーセンタートライアルオノウエテン","① 飲食店営業","総合スーパー","熊本県熊本市東区尾ノ上四丁目１８番１１５号","",32.794509,130.761063,"096-285-8473","株式会社トライアルカンパニー","1290001009110","福岡県福岡市東区多の津一丁目12番2号","指令(食保)第51019号",2024/02/06,2024/02/06,2024/02/06,2030/02/28,"","許可","なし",""
"043100","fBiz00000436460000000613","熊本県","熊本市中央区","スーパーセンタートライアル尾ノ上店","スーパーセンタートライアルオノウエテン","⑪ 菓子製造業","総合スーパー","熊本県熊本市東区尾ノ上四丁目１８番１１５号","",32.794509,130.761063,"096-285-8473","株式会社トライアルカンパニー","1290001009110","福岡県福岡市東区多の津一丁目12番2号","指令(食保)第51020号",2024/02/06,2024/02/06,2024/02/06,2030/02/28,"","許可","なし",""
"043100","fBiz00000436460000000613","熊本県","熊本市中央区","スーパーセンタートライアル尾ノ上店","スーパーセンタートライアルオノウエテン","⑪ 百貨店、総合スーパー","総合スーパー","熊本県熊本市東区尾ノ上四丁目１８番１１５号","",32.794509,130.761063,"096-285-8473","株式会社トライアルカンパニー","1290001009110","福岡県福岡市東区多の津一丁目12番2号","","","","","","","届出","",""
"043100","fBiz00000436460000000689","熊本県","熊本市中央区","メガセンタートライアル上熊本店","メガセンタートライアルカミクマモトテン","⑪ 百貨店、総合スーパー","スーパー","熊本県熊本市西区上熊本三丁目８番１","",32.822945,130.700174,"096-326-3010","株式会社トライアルカンパニー","1290001009110","福岡県福岡市東区多の津一丁目12番2号","","","","","","","届出","",""
"043100","fBiz00000436460000000724","熊本県","熊本市中央区","鮮魚フローズン熊本CK","センギョフローズンクマモトシーケー","⑯ 水産製品製造業","製造業","熊本県熊本市西区田崎町484","",32.781860,130.676946,"0963232324","株式会社トライアルカンパニー","1290001009110","福岡県福岡市東区多の津一丁目12番2号","指令（食保）51515号",2024/08/01,2024/08/01,2024/08/01,2030/08/31,"","許可","なし",""
"043100","fBiz00000448430000000009","熊本県","熊本市中央区","","","⑬ その他の食料・飲料販売業","","","","","","","","","","","","","","","","届出","",""
"043100","fBiz00000448430000000048","熊本県","熊本市中央区","","","① 飲食店営業","","","","","","","","","","指令（食保）第50337号",2022/11/29,2022/11/29,2022/12/01,2028/11/30,"","許可","",""
"043100","fBiz00000449540000000001","熊本県","熊本市中央区","株式会社フジバンビ四方寄工場","カブシキガイシャフジバンビヨモギコウジョウ","⑪ 菓子製造業","","熊本県熊本市北区四方寄町１４４５番地１","",32.867069,130.706823,"096-245-5350","株式会社フジバンビ","4330001004079","熊本県熊本市北区四方寄町１４４５番地１","指令（食保）第50328号",2021/08/24,2021/08/24,2021/09/01,2027/08/31,"","許可","特になし",""
"043100","fBiz00000449540000000001","熊本県","熊本市中央区","フジバンビ四方寄総本店","フジバンビヨモギソウホンテン","⑨ 通信販売・訪問販売による販売業","小売り","熊本県熊本市北区四方寄町１４４５番地１","",32.867069,130.706823,"096-245-5350","株式会社フジバンビ","4330001004079","熊本県熊本市北区四方寄町１４４５番地１","","","","","","","届出","",""
"043100","fBiz00000449540000000001","熊本県","熊本市中央区","フジバンビ四方寄総本店","フジバンビヨモギソウホンテン","⑬ その他の食料・飲料販売業","小売り","熊本県熊本市北区四方寄町１４４５番地１","",32.867069,130.706823,"096-245-5350","株式会社フジバンビ","4330001004079","熊本県熊本市北区四方寄町１４４５番地１","","","","","","","届出","",""
"043100","fBiz00000449540000000004","熊本県","熊本市中央区","フジバンビ熊本駅店","フジバンビクマモトエキテン","⑬ その他の食料・飲料販売業","小売り","熊本県熊本市西区春日３丁目15-30","",32.790087,130.688362,"096-359-5910","株式会社フジバンビ","4330001004079","熊本県熊本市北区四方寄町１４４５番地１","","","","","","","届出","",""
"043100","fBiz00000450710000000037","熊本県","熊本市中央区","KFCゆめタウン大江店","ケンタッキーフライドチキンユメタウンオオエテン","⑬ その他の食料・飲料販売業","","熊本県熊本市中央区大江3丁目2-40","",32.802866,130.725837,"096-375-7717","ＪＲ九州ファーストフーズ株式会社","6290001013578","福岡県福岡市博多区博多駅東１丁目１０番７号","","","","","","","届出","",""
"043100","fBiz00000450710000000041","熊本県","熊本市中央区","KFCイオンタウン田崎店","ケンタッキーフライドチキンイオンタウンタサキテン","⑬ その他の食料・飲料販売業","","熊本県熊本市西区田崎町下寄380","",32.783943,130.677990,"096-311-1657","ＪＲ九州ファーストフーズ株式会社","6290001013578","福岡県福岡市博多区博多駅東１丁目１０番７号","","","","","","","届出","",""
"043100","fBiz00000450710000000052","熊本県","熊本市中央区","KFCアミュプラザくまもと店","ケンタッキー・フライド・チキンアミュプラザクマモトテン","⑬ その他の食料・飲料販売業","","熊本県熊本市西区春日3丁目15-26","アミュプラザくまもと6F",32.788826,130.688761,"096-312-0601","ＪＲ九州ファーストフーズ株式会社","6290001013578","福岡県福岡市博多区博多駅東１丁目１０番７号","","","","","","","届出","",""
"043100","fBiz00000450710000000074","熊本県","熊本市中央区","ミスタードーナツゆめタウンサンピアン店","ミスタードーナツユメタウンサンピアンテン","⑬ その他の食料・飲料販売業","飲食業","熊本県熊本市東区上南部2丁目2-2","",32.827176,130.763524,"","","","","","","","","","","届出","",""
"043100","fBiz00000450710000000077","熊本県","熊本市中央区","ミスタードーナツJR熊本店","ミスタードーナツジェイアールクマモトテン","⑬ その他の食料・飲料販売業","飲食業","熊本県熊本市西区春日3‐15‐30","",32.790087,130.688362,"","","","","","","","","","","届出","",""
"043100","fBiz00000450710000000078","熊本県","熊本市中央区","ミスタードーナツゆめタウンサンピアン店","ミスタードーナツユメタウンサンピアンテン","⑬ その他の食料・飲料販売業","飲食業","熊本県熊本市南区島町3－1-1","",32.764545,130.682372,"","","","","","","","","","","届出","",""
"043100","fBiz00000450710000000089","熊本県","熊本市中央区","スターバックスコーヒー熊本駅店","スターバックスコーヒークマモトエキテン","⑬ その他の食料・飲料販売業","","熊本県熊本市西区春日3丁目15－30","",32.790087,130.688362,"","ＪＲ九州ファーストフーズ株式会社","6290001013578","福岡県福岡市博多区博多駅東１丁目１０番７号","","","","","","","届出","",""
"043100","fBiz00000450710000000096","熊本県","熊本市中央区","スターバックスコーヒーアミュプラザくまもと店","スターバックスコーヒーアミュプラザクマモトテン","⑬ その他の食料・飲料販売業","","熊本県熊本市西区春日3丁目15－26アミュプラザくまもと５F","",32.789004,130.688668,"","ＪＲ九州ファーストフーズ株式会社","6290001013578","福岡県福岡市博多区博多駅東１丁目１０番７号","","","","","","","届出","",""
"043100","fBiz00000450710000000194","熊本県","熊本市中央区","ケンタッキーフライドチキン熊本水前寺店","ケンタッキーフライドチキンクマモトスイゼンジテン","① 飲食店営業","飲食","熊本県熊本市中央区水前寺6丁目51－18","",32.792507,130.744754,"","ＪＲ九州ファーストフーズ株式会社","6290001013578","福岡県福岡市博多区博多駅東１丁目１０番７号","指令（食保）第51843号",2025/02/12,2025/02/12,2025/02/12,2032/02/29,"","許可","",""
"043100","fBiz00000456990000000005","熊本県","熊本市中央区","","","⑦ 野菜果物販売業","青果小売店","","","","","","","","","","","","","","","届出","",""
"043100","fBiz00000461940000000001","熊本県","熊本市中央区","","","㉑ 製茶業","製造業","","","","","","","","","","","","","","","届出","",""
"043100","fBiz00000469610000000001","熊本県","熊本市中央区","PLAZA　アミュプラザくまもと店","プラザ　アミュプラザクマモトテン","② 食肉販売業（包装済みの食肉のみの販売）","その他の食料・飲料販売業","熊本県熊本市西区春日3-15-26","アミュプラザくまもと　２F",32.788826,130.688761,"0962771057","株式会社スタイリングライフ・ホールディングス","6010401087893","東京都新宿区北新宿２丁目２１番１号","","","","","","","届出","",""
"043100","fBiz00000470600000000002","熊本県","熊本市中央区","","","⑩ コンビニエンスストア","","","","","","","","","","","","","","","","届出","",""
"043100","fBiz00000475150000000001","熊本県","熊本市中央区","","","⑥ 弁当販売業","","","","","","","","","","","","","","","","届出","",""
"043100","fBiz00000475150000000001","熊本県","熊本市中央区","","","⑬ その他の食料・飲料販売業","","","","","","","","","","","","","","","","届出","",""
"043100","fBiz00000475150000000002","熊本県","熊本市中央区","","","⑥ 弁当販売業","","","","","","","","","","","","","","","","届出","",""
"043100","fBiz00000475150000000002","熊本県","熊本市中央区","","","⑬ その他の食料・飲料販売業","","","","","","","","","","","","","","","","届出","",""
"043100","fBiz00000475150000000003","熊本県","熊本市中央区","","","⑤ コップ式自動販売機（自動洗浄・屋内設置）","","","","","","","","","","","","","","","","届出","",""
"043100","fBiz00000475650000000001","熊本県","熊本市中央区","","","⑩ コンビニエンスストア","コンビニエンスストア","","","","","","","","","","","","","","","届出","",""
"043100","fBiz00000475650000000003","熊本県","熊本市中央区","","","⑩ コンビニエンスストア","コンビニエンスストア","","","","","","","","","","","","","","","届出","",""
"043100","fBiz00000475650000000005","熊本県","熊本市中央区","","","⑩ コンビニエンスストア","コンビニエンスストア","","","","","","","","","","","","","","","届出","",""
"043100","fBiz00000476530000000009","熊本県","熊本市中央区","マックスバリュサンロードシティ熊本店","マックスバリュサンロードシティクマモトテン","⑪ 百貨店、総合スーパー","","熊本県熊本市東区東町3-3-3","",32.786906,130.767085,"0963315422","イオン九州株式会社","6290001017604","福岡県福岡市東区香椎浜２丁目８番３０号","","","","","","","届出","",""
"043100","fBiz00000476530000000012","熊本県","熊本市中央区","マックスバリュ長嶺店","マックスバリュナガミネテン","⑪ 百貨店、総合スーパー","","熊本県熊本市東区長嶺南3丁目1-25","","","","","イオン九州株式会社","6290001017604","福岡県福岡市東区香椎浜２丁目８番３０号","","","","","","","届出","",""
"043100","fBiz00000476530000000016","熊本県","熊本市中央区","COCOSA　B1店","ココサ　ビーワンテン","⑪ 百貨店、総合スーパー","","熊本県熊本市中央区下通1丁目3番8号","",32.802262,130.708806,"","イオン九州株式会社","6290001017604","福岡県福岡市東区香椎浜２丁目８番３０号","","","","","","","届出","",""
"043100","fBiz00000476530000000019","熊本県","熊本市中央区","マックスバリュ新託麻店","マックスバリュシンタクマテン","⑪ 百貨店、総合スーパー","","熊本県熊本市東区小山2丁目13－60","",32.827340,130.788291,"0962927742","イオン九州株式会社","6290001017604","福岡県福岡市東区香椎浜２丁目８番３０号","","","","","","","届出","",""
"043100","fBiz00000476530000000025","熊本県","熊本市中央区","マックスバリュ新戸島店","マックスバリュシントシマテン","⑪ 百貨店、総合スーパー","","熊本県熊本市東区戸島西5丁目1-16","",32.813369,130.790155,"096-368-1108","イオン九州株式会社","6290001017604","福岡県福岡市東区香椎浜２丁目８番３０号","","","","","","","届出","",""
"043100","fBiz00000476530000000026","熊本県","熊本市中央区","マックスバリュくらし館国府店","マックスバリュクラシカンコクフテン","⑪ 百貨店、総合スーパー","","熊本県熊本市中央区国府3丁目28-32","",32.787067,130.718391,"096-375-7380","イオン九州株式会社","6290001017604","福岡県福岡市東区香椎浜２丁目８番３０号","","","","","","","届出","",""
"043100","fBiz00000476530000000027","熊本県","熊本市中央区","マックスバリュ田崎店","マックスバリュタサキテン","⑪ 百貨店、総合スーパー","","熊本県熊本市西区田崎町字下寄380番地","",32.782356,130.677187,"096-324-6077","イオン九州株式会社","6290001017604","福岡県福岡市東区香椎浜２丁目８番３０号","","","","","","","届出","",""
"043100","fBiz00000476530000000029","熊本県","熊本市中央区","マックスバリュ帯山店","マックスバリュオビヤマテン","⑪ 百貨店、総合スーパー","","熊本県熊本市中央区帯山4丁目２－85","",32.800693,130.746885,"0962738263","イオン九州株式会社","6290001017604","福岡県福岡市東区香椎浜２丁目８番３０号","","","","","","","届出","",""
"043100","fBiz00000476530000000032","熊本県","熊本市中央区","イオン九州株式会社　マックスバリュ熊本北","イオンキュウシュウ　マックスバリュクマモトキタ","⑪ 百貨店、総合スーパー","","熊本県熊本市北区津浦町31番１０号","",32.828573,130.711262,"096-328-1500","イオン九州株式会社","6290001017604","福岡県福岡市東区香椎浜２丁目８番３０号","","","","","","","届出","",""
"043100","fBiz00000476530000000032","熊本県","熊本市中央区","イオン九州株式会社　マックスバリュ熊本北","イオンキュウシュウ　マックスバリュクマモトキタ","⑫ 自動販売機による販売業（コップ式自動販売機（自動洗浄・屋内設置）及び営業許可の対象となる自動販売機を除く）","","熊本県熊本市北区津浦町31番１０号","",32.828573,130.711262,"096-328-1500","イオン九州株式会社","6290001017604","福岡県福岡市東区香椎浜２丁目８番３０号","","","","","","","届出","",""
"043100","fBiz00000476530000000034","熊本県","熊本市中央区","マックスバリュ御幸笛田","マックスバリュミユキフエダ","⑪ 百貨店、総合スーパー","","熊本県熊本市南区御幸笛田4丁目4-10","",32.760882,130.714396,"096-370-3011","イオン九州株式会社","6290001017604","福岡県福岡市東区香椎浜２丁目８番３０号","","","","","","","届出","",""
"043100","fBiz00000476530000000035","熊本県","熊本市中央区","マックスバリュ西熊本店","マックスバリュニシクマモトテン","⑪ 百貨店、総合スーパー","","熊本県熊本市南区島町三丁目１番１号","",32.750379,130.714574,"","イオン九州株式会社","6290001017604","福岡県福岡市東区香椎浜２丁目８番３０号","","","","","","","届出","",""
"043100","fBiz00000476530000000054","熊本県","熊本市中央区","マックスバリュ内坪井店","マックスバリュウチツボイテン","⑪ 百貨店、総合スーパー","","熊本県熊本市中央区内坪井町1番83号","",32.810442,130.707248,"096-356-2331","イオン九州株式会社","6290001017604","福岡県福岡市東区香椎浜２丁目８番３０号","","","","","","","届出","",""
"043100","fBiz00000486380000000001","熊本県","熊本市中央区","川尻商店粋","カワシリショウテンスイ","⑬ その他の食料・飲料販売業","","熊本県熊本市南区川尻１丁目3-77","",32.740507,130.682171,"0963113777","一般社団法人川尻まちづくり","2330005009803","熊本県熊本市南区川尻４丁目３番77号","","","","","","","届出","",""
"043100","fBiz00000490260000000001","熊本県","熊本市中央区","有限会社吉村商店","ユウゲンガイシャヨシムラショウテン","⑦ 野菜果物販売業","青果卸売業","熊本県熊本市西区田崎町484番地","",32.781860,130.676946,"0963232424","有限会社吉村商店","3330002011257","熊本県熊本市西区田崎町４８４番地","","","","","","","届出","",""
"043100","fBiz00000495870000000136","熊本県","熊本市中央区","ピザーラ熊本中央","ピザーラクマモトチュウオウ","⑬ その他の食料・飲料販売業","","熊本県熊本市中央区子飼本町1-5","ﾘﾊﾞｰｻｲﾄﾞﾙﾐｶ 1Ｆ",32.812211,130.721137,"096-342-0100","株式会社フォーシーズ","1010401049915","東京都港区南青山５丁目１２番４号","","","","","","","届出","",""
"043100","fBiz00000495870000000138","熊本県","熊本市中央区","ピザーラ熊本南","ピザーラクマモトミナミ","⑬ その他の食料・飲料販売業","","熊本県熊本市南区江越2-9-3","ｸﾞﾚｰｽ江越102",32.774272,130.702165,"096-378-4800","株式会社フォーシーズ","1010401049915","東京都港区南青山５丁目１２番４号","","","","","","","届出","",""
"043100","fBiz00000496210000000004","熊本県","熊本市中央区","はらドーナッツ　熊本店","ハラドーナッツ　クマモトテン","① 飲食店営業","","熊本県熊本市中央区上通町4-18","",32.804055,130.710512,"096-359-0827","株式会社フジオフードシステム","2120001168995","大阪府大阪市北区菅原町2番16号　FUJIOBLDG.","指令（食保）第50560号",2021/09/30,2021/09/30,2021/09/30,2027/11/30,"","許可","飲食店営業",""
"043100","fBiz00000499030000000281","熊本県","熊本市中央区","","","⑬ その他の食料・飲料販売業","","","","","","","","","","","","","","","","届出","",""
"043100","fBiz00000499030000000292","熊本県","熊本市中央区","","","⑬ その他の食料・飲料販売業","","","","","","","","","","","","","","","","届出","",""
"043100","fBiz00000499030000000314","熊本県","熊本市中央区","","","⑬ その他の食料・飲料販売業","","","","","","","","","","","","","","","","届出","",""
"043100","fBiz00000499030000000330","熊本県","熊本市中央区","","","⑬ その他の食料・飲料販売業","","","","","","","","","","","","","","","","届出","",""
"043100","fBiz00000499030000000543","熊本県","熊本市中央区","","","⑫ 自動販売機による販売業（コップ式自動販売機（自動洗浄・屋内設置）及び営業許可の対象となる自動販売機を除く）","冷凍食品の自動販売機","","","","","","","","","","","","","","","届出","",""
"043100","fBiz00000503420000000038","熊本県","熊本市中央区","","","⑬ その他の食料・飲料販売業","","","","","","","","","","","","","","","","届出","",""
"043100","fBiz00000505560000000001","熊本県","熊本市中央区","藤井商店","フジイショウテン","⑬ その他の食料・飲料販売業","食品販売業","熊本県熊本市北区植木町宮原153-4","",32.968105,130.714263,"096-274-6149","藤井幸助","","熊本県熊本市北区植木町153-4","","","","","","","届出","",""
"043100","fBiz00000510660000000003","熊本県","熊本市中央区","チャレンジめいとくの里","チャレンジメイトクノサト","⑬ その他の食料・飲料販売業","社会福祉施設","熊本県熊本市北区明徳町707-1","",32.883920,130.709083,"0962159103","社会福祉法人明徳会チャレンジめいとくの里","2330005002056","熊本県熊本市北区明徳町707-1","","","","","","","届出","",""
"043100","fBiz00000514930000000008","熊本県","熊本市中央区","株式会社JSP九州工場","カブシキカイシャジェイエスピーキュウシュウコウジョウ","㉗ 器具、容器包装の製造・加工業（合成樹脂が使用された器具又は容器包装の製造、加工に限る。）","","熊本県熊本市北区植木町宮原５５３","株式会社JSP九州工場",32.974609,130.711710,"096-274-7101","株式会社ジェイエスピー","9010001019484","東京都千代田区丸の内３丁目４番２号","","","","","","","届出","",""
"043100","fBiz00000520920000000052","熊本県","熊本市中央区","サクラマチクマモトBAGEL & BAGEL催事","サクラマチクマモト　ベーグルアンドベーグルサイジ","⑬ その他の食料・飲料販売業","","熊本県熊本市中央区桜町13-10","サクラマチクマモト　B1カルディ横スペース",32.800840,130.702864,"096-345-1111","株式会社アルテゴ","5011001052058","東京都中央区日本橋蛎殻町1-5-6","","","","","","","届出","",""
"043100","fBiz00000520920000000066","熊本県","熊本市中央区","アミュプラザくまもと　BAGEL&BAGEL 催事","アミュプラザクマモト　ベーグルアンドベーグルサイジ","⑬ その他の食料・飲料販売業","食物販","熊本県熊本市西区春日3丁目15-26","アミュプラザくまもと",32.788826,130.688761,"096-202-3370","株式会社アルテゴ","5011001052058","東京都中央区日本橋蛎殻町1-5-6","","","","","","","届出","",""
"043100","fBiz00000528930000000001","熊本県","熊本市中央区","ローソン済生会熊本病院店","ローソンサイセイカイクマモトビョウインテン","⑩ コンビニエンスストア","","熊本県熊本市南区近見5丁目3-1","",32.765809,130.700855,"096-351-0383","社会福祉法人 恩賜財団 済生会","3010405001696","東京都港区三田一丁目4番28号","","","","","","","届出","",""
"043100","fBiz00000529720000000002","熊本県","熊本市中央区","岩下加工所","イワシタカコウショ","㉙ その他","","熊本県熊本市北区植木町内470番地の2","",32.929864,130.685545,"096-272-4578","岩下由美子","","熊本県熊本市北区植木町内470-2","","","","","","","届出","",""
"043100","fBiz00000533240000000001","熊本県","熊本市中央区","ピネル記念病院","ピネルキネンビョウイン","㉖ 集団給食施設","","熊本県熊本市東区佐土原1-8-33","",32.790789,130.770765,"","医療法人社団　ピネル会","9330005001324","熊本県熊本市東区佐土原1-8-33","","","","","","","届出","",""
"043100","fBiz00000540230000000010","熊本県","熊本市中央区","生活協同組合くまもと熊本北支所","セイカツキョウドウクミアイクマモトクマモトキタシショ","① 魚介類販売業（包装済みの魚介類のみの販売）","","熊本県熊本市北区植木町木留６６７","",32.874592,130.662006,"05038196673","生活協同組合くまもと","2330005006593","熊本県水俣市古賀町1丁目１番１号","","","","","","","届出","",""
"043100","fBiz00000540230000000010","熊本県","熊本市中央区","生活協同組合くまもと熊本北支所","セイカツキョウドウクミアイクマモトクマモトキタシショ","② 食肉販売業（包装済みの食肉のみの販売）","","熊本県熊本市北区植木町木留６６７","",32.874592,130.662006,"05038196673","生活協同組合くまもと","2330005006593","熊本県水俣市古賀町1丁目１番１号","","","","","","","届出","",""
"043100","fBiz00000540230000000010","熊本県","熊本市中央区","生活協同組合くまもと熊本北支所","セイカツキョウドウクミアイクマモトクマモトキタシショ","③ 乳類販売業","","熊本県熊本市北区植木町木留６６７","",32.874592,130.662006,"05038196673","生活協同組合くまもと","2330005006593","熊本県水俣市古賀町1丁目１番１号","","","","","","","届出","",""
"043100","fBiz00000540230000000010","熊本県","熊本市中央区","生活協同組合くまもと熊本北支所","セイカツキョウドウクミアイクマモトクマモトキタシショ","⑦ 野菜果物販売業","","熊本県熊本市北区植木町木留６６７","",32.874592,130.662006,"05038196673","生活協同組合くまもと","2330005006593","熊本県水俣市古賀町1丁目１番１号","","","","","","","届出","",""
"043100","fBiz00000540230000000010","熊本県","熊本市中央区","生活協同組合くまもと熊本北支所","セイカツキョウドウクミアイクマモトクマモトキタシショ","⑧ 米穀類販売業","","熊本県熊本市北区植木町木留６６７","",32.874592,130.662006,"05038196673","生活協同組合くまもと","2330005006593","熊本県水俣市古賀町1丁目１番１号","","","","","","","届出","",""
"043100","fBiz00000540230000000010","熊本県","熊本市中央区","生活協同組合くまもと熊本北支所","セイカツキョウドウクミアイクマモトクマモトキタシショ","⑬ その他の食料・飲料販売業","","熊本県熊本市北区植木町木留６６７","",32.874592,130.662006,"05038196673","生活協同組合くまもと","2330005006593","熊本県水俣市古賀町1丁目１番１号","","","","","","","届出","",""
"043100","fBiz00000540230000000012","熊本県","熊本市中央区","生活協同組合くまもと　熊本南支所","セイカツキョウドウクミアイクマモト　クマモトミナミシショ","① 魚介類販売業（包装済みの魚介類のみの販売）","","熊本県熊本市南区近見７丁目３－２３","",32.761135,130.691367,"05038196676","生活協同組合くまもと","2330005006593","熊本県水俣市古賀町1丁目１番１号","","","","","","","届出","",""
"043100","fBiz00000540230000000012","熊本県","熊本市中央区","生活協同組合くまもと　熊本南支所","セイカツキョウドウクミアイクマモト　クマモトミナミシショ","② 食肉販売業（包装済みの食肉のみの販売）","","熊本県熊本市南区近見７丁目３－２３","",32.761135,130.691367,"05038196676","生活協同組合くまもと","2330005006593","熊本県水俣市古賀町1丁目１番１号","","","","","","","届出","",""
"043100","fBiz00000540230000000012","熊本県","熊本市中央区","生活協同組合くまもと　熊本南支所","セイカツキョウドウクミアイクマモト　クマモトミナミシショ","③ 乳類販売業","","熊本県熊本市南区近見７丁目３－２３","",32.761135,130.691367,"05038196676","生活協同組合くまもと","2330005006593","熊本県水俣市古賀町1丁目１番１号","","","","","","","届出","",""
"043100","fBiz00000540230000000012","熊本県","熊本市中央区","生活協同組合くまもと　熊本南支所","セイカツキョウドウクミアイクマモト　クマモトミナミシショ","⑦ 野菜果物販売業","","熊本県熊本市南区近見７丁目３－２３","",32.761135,130.691367,"05038196676","生活協同組合くまもと","2330005006593","熊本県水俣市古賀町1丁目１番１号","","","","","","","届出","",""
"043100","fBiz00000540230000000012","熊本県","熊本市中央区","生活協同組合くまもと　熊本南支所","セイカツキョウドウクミアイクマモト　クマモトミナミシショ","⑧ 米穀類販売業","","熊本県熊本市南区近見７丁目３－２３","",32.761135,130.691367,"05038196676","生活協同組合くまもと","2330005006593","熊本県水俣市古賀町1丁目１番１号","","","","","","","届出","",""
"043100","fBiz00000540230000000012","熊本県","熊本市中央区","生活協同組合くまもと　熊本南支所","セイカツキョウドウクミアイクマモト　クマモトミナミシショ","⑬ その他の食料・飲料販売業","","熊本県熊本市南区近見７丁目３－２３","",32.761135,130.691367,"05038196676","生活協同組合くまもと","2330005006593","熊本県水俣市古賀町1丁目１番１号","","","","","","","届出","",""
"043100","fBiz00000540230000000021","熊本県","熊本市中央区","生活協同組合くまもと　コープ春日","セイカツキョウドウクミアイクマモト　コープカスガ","⑪ 百貨店、総合スーパー","","熊本県熊本市西区春日７丁目２７－６０","",32.784901,130.674254,"0963225533","生活協同組合くまもと","2330005006593","熊本県水俣市古賀町1丁目１番１号","","","","","","","届出","",""
"043100","fBiz00000541630000000001","熊本県","熊本市中央区","","","㉖ 集団給食施設","","","","","","","","","","","","","","","","届出","",""
"043100","fBiz00000553780000000001","熊本県","熊本市中央区","ファミリーマート熊本国体道路店","ファミリーマートクマモトコクタイドウロテン","⑩ コンビニエンスストア","","熊本県熊本市東区小山6丁目1438-1","",32.834907,130.790586,"","三浦敬一郎","","熊本県熊本市東区小山6丁目1438-1","","","","","","","届出","",""
"043100","fBiz00000553870000000002","熊本県","熊本市中央区","有限会社緒方米穀","ユウゲンガイシャオガタベイコク","⑧ 米穀類販売業","","熊本県熊本市中央区坪井1-3-44","",32.808911,130.711286,"","有限会社緒方米穀","1330002001813","熊本県熊本市中央区坪井熊本市中央区坪井, 1-3-44","","","","","","","届出","",""
"043100","fBiz00000554390000000001","熊本県","熊本市中央区","明和学園","メイワガクエン","㉖ 集団給食施設","","熊本県熊本市南区中無田町648","",32.734816,130.669637,"","社会福祉法人勝縁会","8330005001507","熊本県熊本市南区中無田町６４８番地","","","","","","","届出","",""
"043100","fBiz00000557420000000001","熊本県","熊本市中央区","ファミリーマートTSUTAYA植木店","ファミリーマートツタヤウエキテン","⑩ コンビニエンスストア","","熊本県熊本市北区植木町舞尾５４５−２","",32.901334,130.690988,"096-275-5656","ニューコ・ワン株式会社","6330001026195","熊本県熊本市中央区安政町１－２","","","","","","","届出","",""
"043100","fBiz00000557420000000003","熊本県","熊本市中央区","TSUTAYA　AVクラブ　琴平店","ツタヤエーブイクラブコトヒラテン","⑦ 野菜果物販売業","","熊本県熊本市中央区本荘町７２６－１","",32.784802,130.702585,"0963711288","ニューコ・ワン株式会社","6330001026195","熊本県熊本市中央区安政町１－２","","","","","","","届出","",""
"043100","fBiz00000557420000000003","熊本県","熊本市中央区","TSUTAYA　AVクラブ　琴平店","ツタヤエーブイクラブコトヒラテン","⑬ その他の食料・飲料販売業","","熊本県熊本市中央区本荘町７２６－１","",32.784802,130.702585,"0963711288","ニューコ・ワン株式会社","6330001026195","熊本県熊本市中央区安政町１－２","","","","","","","届出","",""
"043100","fBiz00000557420000000008","熊本県","熊本市中央区","TSUTAYA　AVクラブ　近見店","ツタヤエーブイクラブチカミテン","⑦ 野菜果物販売業","","熊本県熊本市南区日吉2丁目1-9","",32.759390,130.688039,"0963570030","ニューコ・ワン株式会社","6330001026195","熊本県熊本市中央区安政町１－２","","","","","","","届出","",""
"043100","fBiz00000557420000000008","熊本県","熊本市中央区","TSUTAYA　AVクラブ　近見店","ツタヤエーブイクラブチカミテン","⑬ その他の食料・飲料販売業","","熊本県熊本市南区日吉2丁目1-9","",32.759390,130.688039,"0963570030","ニューコ・ワン株式会社","6330001026195","熊本県熊本市中央区安政町１－２","","","","","","","届出","",""
"043100","fBiz00000557420000000009","熊本県","熊本市中央区","TSUTAYA　AVクラブ　浜線店","ツタヤエーブイクラブハマセンテン","⑦ 野菜果物販売業","","熊本県熊本市南区田井島1丁目12-8","",32.768718,130.725639,"0963794131","ニューコ・ワン株式会社","6330001026195","熊本県熊本市中央区安政町１－２","","","","","","","届出","",""
"043100","fBiz00000557420000000009","熊本県","熊本市中央区","TSUTAYA　AVクラブ　浜線店","ツタヤエーブイクラブハマセンテン","⑬ その他の食料・飲料販売業","","熊本県熊本市南区田井島1丁目12-8","",32.768718,130.725639,"0963794131","ニューコ・ワン株式会社","6330001026195","熊本県熊本市中央区安政町１－２","","","","","","","届出","",""
"043100","fBiz00000557420000000011","熊本県","熊本市中央区","TSUTAYA　AVクラブ　健軍店","ツタヤエーブイクラブケングンテン","⑦ 野菜果物販売業","","熊本県熊本市東区健軍1丁目27-10","",32.787765,130.751690,"0963685231","ニューコ・ワン株式会社","6330001026195","熊本県熊本市中央区安政町１－２","","","","","","","届出","",""
"043100","fBiz00000557420000000011","熊本県","熊本市中央区","TSUTAYA　AVクラブ　健軍店","ツタヤエーブイクラブケングンテン","⑬ その他の食料・飲料販売業","","熊本県熊本市東区健軍1丁目27-10","",32.787765,130.751690,"0963685231","ニューコ・ワン株式会社","6330001026195","熊本県熊本市中央区安政町１－２","","","","","","","届出","",""
"043100","fBiz00000557420000000012","熊本県","熊本市中央区","TSUTAYA　AVクラブ　御領店","ツタヤエーブイクラブゴリョウテン","⑦ 野菜果物販売業","","熊本県熊本市東区御領2丁目20-5","",32.822203,130.762620,"0963880877","ニューコ・ワン株式会社","6330001026195","熊本県熊本市中央区安政町１－２","","","","","","","届出","",""
"043100","fBiz00000557420000000012","熊本県","熊本市中央区","TSUTAYA　AVクラブ　御領店","ツタヤエーブイクラブゴリョウテン","⑬ その他の食料・飲料販売業","","熊本県熊本市東区御領2丁目20-5","",32.822203,130.762620,"0963880877","ニューコ・ワン株式会社","6330001026195","熊本県熊本市中央区安政町１－２","","","","","","","届出","",""
"043100","fBiz00000557420000000016","熊本県","熊本市中央区","TSUTAYA　AVクラブ　田崎店","ツタヤエーブイクラブタサキテン","⑦ 野菜果物販売業","","熊本県熊本市西区田崎2丁目340-23","",32.783899,130.682452,"0963533330","ニューコ・ワン株式会社","6330001026195","熊本県熊本市中央区安政町１－２","","","","","","","届出","",""
"043100","fBiz00000557420000000016","熊本県","熊本市中央区","TSUTAYA　AVクラブ　田崎店","ツタヤエーブイクラブタサキテン","⑧ 米穀類販売業","","熊本県熊本市西区田崎2丁目340-23","",32.783899,130.682452,"0963533330","ニューコ・ワン株式会社","6330001026195","熊本県熊本市中央区安政町１－２","","","","","","","届出","",""
"043100","fBiz00000557420000000016","熊本県","熊本市中央区","TSUTAYA　AVクラブ　田崎店","ツタヤエーブイクラブタサキテン","⑬ その他の食料・飲料販売業","","熊本県熊本市西区田崎2丁目340-23","",32.783899,130.682452,"0963533330","ニューコ・ワン株式会社","6330001026195","熊本県熊本市中央区安政町１－２","","","","","","","届出","",""
"043100","fBiz00000557420000000018","熊本県","熊本市中央区","TSUTAYA　AVクラブ　植木店","ツタヤエーブイクラブウエキテン","⑦ 野菜果物販売業","","熊本県熊本市北区植木町舞尾545-2","",32.901334,130.690988,"0962751222","ニューコ・ワン株式会社","6330001026195","熊本県熊本市中央区安政町１－２","","","","","","","届出","",""
"043100","fBiz00000557420000000018","熊本県","熊本市中央区","TSUTAYA　AVクラブ　植木店","ツタヤエーブイクラブウエキテン","⑧ 米穀類販売業","","熊本県熊本市北区植木町舞尾545-2","",32.901334,130.690988,"0962751222","ニューコ・ワン株式会社","6330001026195","熊本県熊本市中央区安政町１－２","","","","","","","届出","",""
"043100","fBiz00000607320000000020","熊本県","熊本市中央区","石川製パン","イシカワセイパン","⑬ その他の食料・飲料販売業","","","","","","","","","","","","","","","","届出","",""
"043100","fBiz00000557420000000018","熊本県","熊本市中央区","TSUTAYA　AVクラブ　植木店","ツタヤエーブイクラブウエキテン","⑬ その他の食料・飲料販売業","","熊本県熊本市北区植木町舞尾545-2","",32.901334,130.690988,"0962751222","ニューコ・ワン株式会社","6330001026195","熊本県熊本市中央区安政町１－２","","","","","","","届出","",""
"043100","fBiz00000557420000000021","熊本県","熊本市中央区","TSUTAYA　さくらの森店","ツタヤサクラノモリテン","① 魚介類販売業（包装済みの魚介類のみの販売）","","熊本県熊本市東区桜木6丁目6-1","",32.790369,130.781895,"0962412180","ニューコ・ワン株式会社","6330001026195","熊本県熊本市中央区安政町１－２","","","","","","","届出","",""
"043100","fBiz00000557420000000021","熊本県","熊本市中央区","TSUTAYA　さくらの森店","ツタヤサクラノモリテン","② 食肉販売業（包装済みの食肉のみの販売）","","熊本県熊本市東区桜木6丁目6-1","",32.790369,130.781895,"0962412180","ニューコ・ワン株式会社","6330001026195","熊本県熊本市中央区安政町１－２","","","","","","","届出","",""
"043100","fBiz00000557420000000021","熊本県","熊本市中央区","TSUTAYA　さくらの森店","ツタヤサクラノモリテン","③ 乳類販売業","","熊本県熊本市東区桜木6丁目6-1","",32.790369,130.781895,"0962412180","ニューコ・ワン株式会社","6330001026195","熊本県熊本市中央区安政町１－２","","","","","","","届出","",""
"043100","fBiz00000557420000000021","熊本県","熊本市中央区","TSUTAYA　さくらの森店","ツタヤサクラノモリテン","⑥ 弁当販売業","","熊本県熊本市東区桜木6丁目6-1","",32.790369,130.781895,"0962412180","ニューコ・ワン株式会社","6330001026195","熊本県熊本市中央区安政町１－２","","","","","","","届出","",""
"043100","fBiz00000557420000000021","熊本県","熊本市中央区","TSUTAYA　さくらの森店","ツタヤサクラノモリテン","⑦ 野菜果物販売業","","熊本県熊本市東区桜木6丁目6-1","",32.790369,130.781895,"0962412180","ニューコ・ワン株式会社","6330001026195","熊本県熊本市中央区安政町１－２","","","","","","","届出","",""
"043100","fBiz00000557420000000021","熊本県","熊本市中央区","TSUTAYA　さくらの森店","ツタヤサクラノモリテン","⑧ 米穀類販売業","","熊本県熊本市東区桜木6丁目6-1","",32.790369,130.781895,"0962412180","ニューコ・ワン株式会社","6330001026195","熊本県熊本市中央区安政町１－２","","","","","","","届出","",""
"043100","fBiz00000557420000000021","熊本県","熊本市中央区","TSUTAYA　さくらの森店","ツタヤサクラノモリテン","⑬ その他の食料・飲料販売業","","熊本県熊本市東区桜木6丁目6-1","",32.790369,130.781895,"0962412180","ニューコ・ワン株式会社","6330001026195","熊本県熊本市中央区安政町１－２","","","","","","","届出","",""
"043100","fBiz00000557420000000022","熊本県","熊本市中央区","蔦屋書店熊本三年坂","ツタヤショテンクマモトサンネンザカ","① 魚介類販売業（包装済みの魚介類のみの販売）","","熊本県熊本市中央区安政町1-2","カリーノ下通",32.801886,130.709747,"0962129111","ニューコ・ワン株式会社","6330001026195","熊本県熊本市中央区安政町１－２","","","","","","","届出","",""
"043100","fBiz00000557420000000022","熊本県","熊本市中央区","蔦屋書店熊本三年坂","ツタヤショテンクマモトサンネンザカ","② 食肉販売業（包装済みの食肉のみの販売）","","熊本県熊本市中央区安政町1-2","カリーノ下通",32.801886,130.709747,"0962129111","ニューコ・ワン株式会社","6330001026195","熊本県熊本市中央区安政町１－２","","","","","","","届出","",""
"043100","fBiz00000557420000000022","熊本県","熊本市中央区","蔦屋書店熊本三年坂","ツタヤショテンクマモトサンネンザカ","③ 乳類販売業","","熊本県熊本市中央区安政町1-2","カリーノ下通",32.801886,130.709747,"0962129111","ニューコ・ワン株式会社","6330001026195","熊本県熊本市中央区安政町１－２","","","","","","","届出","",""
"043100","fBiz00000557420000000022","熊本県","熊本市中央区","蔦屋書店熊本三年坂","ツタヤショテンクマモトサンネンザカ","⑥ 弁当販売業","","熊本県熊本市中央区安政町1-2","カリーノ下通",32.801886,130.709747,"0962129111","ニューコ・ワン株式会社","6330001026195","熊本県熊本市中央区安政町１－２","","","","","","","届出","",""
"043100","fBiz00000557420000000022","熊本県","熊本市中央区","蔦屋書店熊本三年坂","ツタヤショテンクマモトサンネンザカ","⑦ 野菜果物販売業","","熊本県熊本市中央区安政町1-2","カリーノ下通",32.801886,130.709747,"0962129111","ニューコ・ワン株式会社","6330001026195","熊本県熊本市中央区安政町１－２","","","","","","","届出","",""
"043100","fBiz00000557420000000022","熊本県","熊本市中央区","蔦屋書店熊本三年坂","ツタヤショテンクマモトサンネンザカ","⑧ 米穀類販売業","","熊本県熊本市中央区安政町1-2","カリーノ下通",32.801886,130.709747,"0962129111","ニューコ・ワン株式会社","6330001026195","熊本県熊本市中央区安政町１－２","","","","","","","届出","",""
"043100","fBiz00000557420000000022","熊本県","熊本市中央区","蔦屋書店熊本三年坂","ツタヤショテンクマモトサンネンザカ","⑬ その他の食料・飲料販売業","","熊本県熊本市中央区安政町1-2","カリーノ下通",32.801886,130.709747,"0962129111","ニューコ・ワン株式会社","6330001026195","熊本県熊本市中央区安政町１－２","","","","","","","届出","",""
"043100","fBiz00000557420000000024","熊本県","熊本市中央区","Yesmart熊本店","イエスマートクマモトテン","⑬ その他の食料・飲料販売業","","熊本県熊本市中央区本荘町726-1","",32.784807,130.702587,"096-241-0288","ニューコ・ワン株式会社","6330001026195","熊本県熊本市中央区安政町１－２","","","","","","","届出","",""
"043100","fBiz00000557420000000027","熊本県","熊本市中央区","TSUTAYA POPUP STORE","ツタヤポップアップストア","⑬ その他の食料・飲料販売業","","熊本県熊本市中央区桜町3番10号","SAKURA MACHI Kumamoto 2階",32.800526,130.703635,"08049355234","ニューコ・ワン株式会社","6330001026195","熊本県熊本市中央区安政町１－２","","","","","","","届出","",""
"043100","fBiz00000557420000000028","熊本県","熊本市中央区","My Thing!","マイシング","⑬ その他の食料・飲料販売業","店頭販売","熊本県熊本市中央区安政町1番2号","カリーノ下通1階",32.801886,130.709747,"08040599245","ニューコ・ワン株式会社","6330001026195","熊本県熊本市中央区安政町１－２","","","","","","","届出","",""
"043100","fBiz00000557750000000001","熊本県","熊本市中央区","","","① 飲食店営業","","","","","","","","","","指令（食保）第50277号",2021/07/27,2021/07/27,2021/09/01,2027/08/31,"","許可","なし",""
"043100","fBiz00000557750000000014","熊本県","熊本市中央区","","","① 飲食店営業","","","","","","","","","","指令（食保）第52195号",2025/08/18,2025/08/18,2025/09/01,2031/08/31,"","許可","",""
"043100","fBiz00000558430000000001","熊本県","熊本市中央区","ニューヤマザキデイリーストア東海大学熊本店","ニューヤマザキデイリーストアトウカイダイガククマモトテン","⑩ コンビニエンスストア","コンビニエンスストア","熊本県熊本市東区渡鹿9丁目230-3","",32.812504,130.744366,"096-387-3225","東海教育産業株式会社","7021001021209","神奈川県伊勢原市下糟屋164番地","","","","","","","届出","",""
"043100","fBiz00000607320000000023","熊本県","熊本市中央区","","","⑬ その他の食料・飲料販売業","","","","","","","","","","","","","","","","届出","",""
"043100","fBiz00000558430000000002","熊本県","熊本市中央区","東海大学付属熊本星翔高等学校売店","トウカイダイガクフゾククマモトセイショウコウトウガッコウバイテン","⑥ 弁当販売業","食品販売業","熊本県熊本市東区渡鹿9‐1‐1","",32.811756,130.743040,"0963836063","東海教育産業株式会社","7021001021209","神奈川県伊勢原市下糟屋164番地","","","","","","","届出","",""
"043100","fBiz00000558430000000002","熊本県","熊本市中央区","東海大学付属熊本星翔高等学校売店","トウカイダイガクフゾククマモトセイショウコウトウガッコウバイテン","⑩ コンビニエンスストア","食品販売業","熊本県熊本市東区渡鹿9‐1‐1","",32.811756,130.743040,"0963836063","東海教育産業株式会社","7021001021209","神奈川県伊勢原市下糟屋164番地","","","","","","","届出","",""
"043100","fBiz00000559520000000003","熊本県","熊本市中央区","","","⑩ コンビニエンスストア","コンビニエンスストア","","","","","","","","","","","","","","","届出","",""
"043100","fBiz00000559990000000003","熊本県","熊本市中央区","株式会社丸本熊本工場","カブシキガイシャマルモトクマモトコウジョウ","㉗ 器具、容器包装の製造・加工業（合成樹脂が使用された器具又は容器包装の製造、加工に限る。）","容器包装製造事業者","熊本県熊本市東区戸島町920-27","",32.827321,130.822005,"096-380-5219","株式会社丸本","5310001002100","長崎県長崎市田中町593-1","","","","","","","届出","",""
"043100","fBiz00000565660000000001","熊本県","熊本市中央区","ローソンクマモト長嶺西三丁目店","ローソンクマモトナガミネニシサンチョウメテン","① 魚介類販売業（包装済みの魚介類のみの販売）","小売業","熊本県熊本市東区長嶺西3－4－1","",32.817062,130.766914,"0963884777","田上大樹","","熊本県熊本市東区長嶺西3－4－1","","","","","","","届出","",""
"043100","fBiz00000565660000000001","熊本県","熊本市中央区","ローソンクマモト長嶺西三丁目店","ローソンクマモトナガミネニシサンチョウメテン","② 食肉販売業（包装済みの食肉のみの販売）","小売業","熊本県熊本市東区長嶺西3－4－1","",32.817062,130.766914,"0963884777","田上大樹","","熊本県熊本市東区長嶺西3－4－1","","","","","","","届出","",""
"043100","fBiz00000565660000000001","熊本県","熊本市中央区","ローソンクマモト長嶺西三丁目店","ローソンクマモトナガミネニシサンチョウメテン","③ 乳類販売業","小売業","熊本県熊本市東区長嶺西3－4－1","",32.817062,130.766914,"0963884777","田上大樹","","熊本県熊本市東区長嶺西3－4－1","","","","","","","届出","",""
"043100","fBiz00000565660000000001","熊本県","熊本市中央区","ローソンクマモト長嶺西三丁目店","ローソンクマモトナガミネニシサンチョウメテン","⑥ 弁当販売業","小売業","熊本県熊本市東区長嶺西3－4－1","",32.817062,130.766914,"0963884777","田上大樹","","熊本県熊本市東区長嶺西3－4－1","","","","","","","届出","",""
"043100","fBiz00000565660000000001","熊本県","熊本市中央区","ローソンクマモト長嶺西三丁目店","ローソンクマモトナガミネニシサンチョウメテン","⑦ 野菜果物販売業","小売業","熊本県熊本市東区長嶺西3－4－1","",32.817062,130.766914,"0963884777","田上大樹","","熊本県熊本市東区長嶺西3－4－1","","","","","","","届出","",""
"043100","fBiz00000565660000000001","熊本県","熊本市中央区","ローソンクマモト長嶺西三丁目店","ローソンクマモトナガミネニシサンチョウメテン","⑧ 米穀類販売業","小売業","熊本県熊本市東区長嶺西3－4－1","",32.817062,130.766914,"0963884777","田上大樹","","熊本県熊本市東区長嶺西3－4－1","","","","","","","届出","",""
"043100","fBiz00000565660000000001","熊本県","熊本市中央区","ローソンクマモト長嶺西三丁目店","ローソンクマモトナガミネニシサンチョウメテン","⑩ コンビニエンスストア","小売業","熊本県熊本市東区長嶺西3－4－1","",32.817062,130.766914,"0963884777","田上大樹","","熊本県熊本市東区長嶺西3－4－1","","","","","","","届出","",""
"043100","fBiz00000565660000000001","熊本県","熊本市中央区","ローソンクマモト長嶺西三丁目店","ローソンクマモトナガミネニシサンチョウメテン","⑬ その他の食料・飲料販売業","小売業","熊本県熊本市東区長嶺西3－4－1","",32.817062,130.766914,"0963884777","田上大樹","","熊本県熊本市東区長嶺西3－4－1","","","","","","","届出","",""
"043100","fBiz00000565660000000002","熊本県","熊本市中央区","ローソン熊本長嶺西一丁目店","ローソンクマモトナガミネニシイッチョウメテン","① 魚介類販売業（包装済みの魚介類のみの販売）","小売業","熊本県熊本市東区長嶺西1－1－1","",32.809089,130.759670,"0963857737","田上大樹","","熊本県熊本市東区長嶺西3－4－1","","","","","","","届出","",""
"043100","fBiz00000565660000000002","熊本県","熊本市中央区","ローソン熊本長嶺西一丁目店","ローソンクマモトナガミネニシイッチョウメテン","② 食肉販売業（包装済みの食肉のみの販売）","小売業","熊本県熊本市東区長嶺西1－1－1","",32.809089,130.759670,"0963857737","田上大樹","","熊本県熊本市東区長嶺西3－4－1","","","","","","","届出","",""
"043100","fBiz00000565660000000002","熊本県","熊本市中央区","ローソン熊本長嶺西一丁目店","ローソンクマモトナガミネニシイッチョウメテン","③ 乳類販売業","小売業","熊本県熊本市東区長嶺西1－1－1","",32.809089,130.759670,"0963857737","田上大樹","","熊本県熊本市東区長嶺西3－4－1","","","","","","","届出","",""
"043100","fBiz00000565660000000002","熊本県","熊本市中央区","ローソン熊本長嶺西一丁目店","ローソンクマモトナガミネニシイッチョウメテン","⑥ 弁当販売業","小売業","熊本県熊本市東区長嶺西1－1－1","",32.809089,130.759670,"0963857737","田上大樹","","熊本県熊本市東区長嶺西3－4－1","","","","","","","届出","",""
"043100","fBiz00000565660000000002","熊本県","熊本市中央区","ローソン熊本長嶺西一丁目店","ローソンクマモトナガミネニシイッチョウメテン","⑦ 野菜果物販売業","小売業","熊本県熊本市東区長嶺西1－1－1","",32.809089,130.759670,"0963857737","田上大樹","","熊本県熊本市東区長嶺西3－4－1","","","","","","","届出","",""
"043100","fBiz00000565660000000002","熊本県","熊本市中央区","ローソン熊本長嶺西一丁目店","ローソンクマモトナガミネニシイッチョウメテン","⑧ 米穀類販売業","小売業","熊本県熊本市東区長嶺西1－1－1","",32.809089,130.759670,"0963857737","田上大樹","","熊本県熊本市東区長嶺西3－4－1","","","","","","","届出","",""
"043100","fBiz00000565660000000002","熊本県","熊本市中央区","ローソン熊本長嶺西一丁目店","ローソンクマモトナガミネニシイッチョウメテン","⑩ コンビニエンスストア","小売業","熊本県熊本市東区長嶺西1－1－1","",32.809089,130.759670,"0963857737","田上大樹","","熊本県熊本市東区長嶺西3－4－1","","","","","","","届出","",""
"043100","fBiz00000566310000000003","熊本県","熊本市中央区","","","⑦ 野菜果物販売業","テントブース販売（3/12・13　2日間販売）","","","","","","","","","","","","","","","届出","",""
"043100","fBiz00000566310000000004","熊本県","熊本市中央区","ウシジマ青果株式会社","ウシジマセイカカブシキカイシャ","⑦ 野菜果物販売業","ホームページ","熊本県熊本市西区河内町河内2616","",32.826832,130.595353,"0962760292","ウシジマ青果株式会社","5330002001140","熊本県熊本市西区河内町河内2616","","","","","","","届出","",""
"043100","fBiz00000566310000000005","熊本県","熊本市中央区","くまもと森都心プラザ交流広場","クマモトシントシンプラザコウリュウヒロバ","⑦ 野菜果物販売業","テントブース販売（3/18・19　2日間販売）","熊本県熊本市西区春日1丁目14-1","",32.790312,130.691020,"","ウシジマ青果株式会社","5330002001140","熊本県熊本市西区河内町河内2616","","","","","","","届出","",""
"043100","fBiz00000568340000000087","熊本県","熊本市中央区","餃子の王将 西原店","ギョウザノオウショウ　ニシバルテン","⑬ その他の食料・飲料販売業","その他の食料・飲料販売業 ","熊本県熊本市東区西原１－１１－３６","",32.815946,130.751192,"096-385-7290","株式会社王将フードサービス","3130001012441","京都府京都市山科区西野山射庭ノ上町２９４番地の１","","","","","","","届出","",""
"043100","fBiz00000568340000000088","熊本県","熊本市中央区","餃子の王将 熊本近見店","ギョウザノオウショウ　クマモトチカミテン","⑬ その他の食料・飲料販売業","その他の食料・飲料販売業 ","熊本県熊本市南区近見６－１－４０","",32.766642,130.691708,"096-355-2171","株式会社王将フードサービス","3130001012441","京都府京都市山科区西野山射庭ノ上町２９４番地の１","","","","","","","届出","",""
"043100","fBiz00000568340000000089","熊本県","熊本市中央区","餃子の王将 下通店","ギョウザノオウショウ　シモトオリテン","⑬ その他の食料・飲料販売業","その他の食料・飲料販売業 ","熊本県熊本市中央区下通１－１１－１２","下通田尻ビル1F",32.800174,130.707897,"096-355-6373","株式会社王将フードサービス","3130001012441","京都府京都市山科区西野山射庭ノ上町２９４番地の１","","","","","","","届出","",""
"043100","fBiz00000568340000000090","熊本県","熊本市中央区","餃子の王将 ゆめタウンはません店","ギョウザノオウショウ　ユメタウンハマセンテン","⑬ その他の食料・飲料販売業","その他の食料・飲料販売業 ","熊本県熊本市南区田井島1丁目2-1","ゆめタウンはません1階",32.771653,130.726312,"096-379-1780","株式会社王将フードサービス","3130001012441","京都府京都市山科区西野山射庭ノ上町２９４番地の１","","","","","","","届出","",""
"043100","fBiz00000570730000000002","熊本県","熊本市中央区","焼肉館　彩炉　南高江店","ヤキニクカン　サイロ　ミナミタカエテン","① 飲食店営業","レストラン","熊本県熊本市南区南高江５丁目7-84","",32.748701,130.688083,"096-358-8131","株式会社雄和","5330001004796","熊本県熊本市中央区八王寺町４番５号","食保（指令）第50848号",2023/08/30,2023/08/30,2023/09/01,2029/08/31,"","許可","",""
"043100","fBiz00000572530000000145","熊本県","熊本市中央区","","","⑬ その他の食料・飲料販売業","「GRANDE」という名称の、サプリメントを吐出するマシン（非自販機）の設置","","","","","","","","","","","","","","","届出","",""
"043100","fBiz00000572530000000353","熊本県","熊本市中央区","","","⑬ その他の食料・飲料販売業","「GRANDE」という名称の、サプリメントを吐出するマシンの設置","","","","","","","","","","","","","","","届出","",""
"043100","fBiz00000576580000000060","熊本県","熊本市中央区","ドラッグストア　マツモトキヨシ黒髪店","ドラッグストア　マツモトキヨシクロカミテン","⑬ その他の食料・飲料販売業","","熊本県熊本市中央区薬園町10-4","",32.814430,130.718752,"0962150133","株式会社マツモトキヨシ九州販売","5340001004192","福岡県福岡市早良区飯倉六丁目24番20号","","","","","","","届出","",""
"043100","fBiz00000576580000000077","熊本県","熊本市中央区","ドラッグストア　マツモトキヨシ上熊本駅通店","ドラッグストア　マツモトキヨシカミクマモトエキトオリテン","⑬ その他の食料・飲料販売業","","熊本県熊本市西区上熊本2丁目16-17","",32.814687,130.699592,"0963123825","株式会社マツモトキヨシ九州販売","5340001004192","福岡県福岡市早良区飯倉六丁目24番20号","","","","","","","届出","",""
"043100","fBiz00000576580000000103","熊本県","熊本市中央区","ドラッグストア　マツモトキヨシ楠店","ドラッグストア　マツモトキヨシクスノキテン","⑬ その他の食料・飲料販売業","","熊本県熊本市北区楠3丁目10-22","",32.848545,130.757382,"0963487180","株式会社マツモトキヨシ九州販売","5340001004192","福岡県福岡市早良区飯倉六丁目24番20号","","","","","","","届出","",""
"043100","fBiz00000581500000000023","熊本県","熊本市中央区","","","⑫ 自動販売機による販売業（コップ式自動販売機（自動洗浄・屋内設置）及び営業許可の対象となる自動販売機を除く）","","","","","","","","","","","","","","","","届出","",""
"043100","fBiz00000581500000000059","熊本県","熊本市中央区","","","⑫ 自動販売機による販売業（コップ式自動販売機（自動洗浄・屋内設置）及び営業許可の対象となる自動販売機を除く）","","","","","","","","","","","","","","","","届出","",""
"043100","fBiz00000581500000000065","熊本県","熊本市中央区","","","⑫ 自動販売機による販売業（コップ式自動販売機（自動洗浄・屋内設置）及び営業許可の対象となる自動販売機を除く）","","","","","","","","","","","","","","","","届出","",""
"043100","fBiz00000581500000000091","熊本県","熊本市中央区","","","⑫ 自動販売機による販売業（コップ式自動販売機（自動洗浄・屋内設置）及び営業許可の対象となる自動販売機を除く）","","","","","","","","","","","","","","","","届出","",""
"043100","fBiz00000581500000000093","熊本県","熊本市中央区","","","⑫ 自動販売機による販売業（コップ式自動販売機（自動洗浄・屋内設置）及び営業許可の対象となる自動販売機を除く）","","","","","","","","","","","","","","","","届出","",""
"043100","fBiz00000581500000000133","熊本県","熊本市中央区","","","⑫ 自動販売機による販売業（コップ式自動販売機（自動洗浄・屋内設置）及び営業許可の対象となる自動販売機を除く）","","","","","","","","","","","","","","","","届出","",""
"043100","fBiz00000581500000000221","熊本県","熊本市中央区","","","⑫ 自動販売機による販売業（コップ式自動販売機（自動洗浄・屋内設置）及び営業許可の対象となる自動販売機を除く）","","","","","","","","","","","","","","","","届出","",""
"043100","fBiz00000581500000000223","熊本県","熊本市中央区","","","⑫ 自動販売機による販売業（コップ式自動販売機（自動洗浄・屋内設置）及び営業許可の対象となる自動販売機を除く）","","","","","","","","","","","","","","","","届出","",""
"043100","fBiz00000581500000000266","熊本県","熊本市中央区","","","⑫ 自動販売機による販売業（コップ式自動販売機（自動洗浄・屋内設置）及び営業許可の対象となる自動販売機を除く）","","","","","","","","","","","","","","","","届出","",""
"043100","fBiz00000581500000000309","熊本県","熊本市中央区","","","⑫ 自動販売機による販売業（コップ式自動販売機（自動洗浄・屋内設置）及び営業許可の対象となる自動販売機を除く）","","","","","","","","","","","","","","","","届出","",""
"043100","fBiz00000581500000000317","熊本県","熊本市中央区","","","⑫ 自動販売機による販売業（コップ式自動販売機（自動洗浄・屋内設置）及び営業許可の対象となる自動販売機を除く）","","","","","","","","","","","","","","","","届出","",""
"043100","fBiz00000581500000000377","熊本県","熊本市中央区","","","⑫ 自動販売機による販売業（コップ式自動販売機（自動洗浄・屋内設置）及び営業許可の対象となる自動販売機を除く）","","","","","","","","","","","","","","","","届出","",""
"043100","fBiz00000581500000000394","熊本県","熊本市中央区","","","⑫ 自動販売機による販売業（コップ式自動販売機（自動洗浄・屋内設置）及び営業許可の対象となる自動販売機を除く）","","","","","","","","","","","","","","","","届出","",""
"043100","fBiz00000581500000000404","熊本県","熊本市中央区","","","⑫ 自動販売機による販売業（コップ式自動販売機（自動洗浄・屋内設置）及び営業許可の対象となる自動販売機を除く）","","","","","","","","","","","","","","","","届出","",""
"043100","fBiz00000581500000000453","熊本県","熊本市中央区","","","⑫ 自動販売機による販売業（コップ式自動販売機（自動洗浄・屋内設置）及び営業許可の対象となる自動販売機を除く）","","","","","","","","","","","","","","","","届出","",""
"043100","fBiz00000581500000000454","熊本県","熊本市中央区","","","⑫ 自動販売機による販売業（コップ式自動販売機（自動洗浄・屋内設置）及び営業許可の対象となる自動販売機を除く）","","","","","","","","","","","","","","","","届出","",""
"043100","fBiz00000581500000000483","熊本県","熊本市中央区","","","⑫ 自動販売機による販売業（コップ式自動販売機（自動洗浄・屋内設置）及び営業許可の対象となる自動販売機を除く）","","","","","","","","","","","","","","","","届出","",""
"043100","fBiz00000581500000000541","熊本県","熊本市中央区","","","⑫ 自動販売機による販売業（コップ式自動販売機（自動洗浄・屋内設置）及び営業許可の対象となる自動販売機を除く）","","","","","","","","","","","","","","","","届出","",""
"043100","fBiz00000581500000000555","熊本県","熊本市中央区","","","⑫ 自動販売機による販売業（コップ式自動販売機（自動洗浄・屋内設置）及び営業許可の対象となる自動販売機を除く）","","","","","","","","","","","","","","","","届出","",""
"043100","fBiz00000581500000000568","熊本県","熊本市中央区","","","⑫ 自動販売機による販売業（コップ式自動販売機（自動洗浄・屋内設置）及び営業許可の対象となる自動販売機を除く）","","","","","","","","","","","","","","","","届出","",""
"043100","fBiz00000581500000000606","熊本県","熊本市中央区","","","⑫ 自動販売機による販売業（コップ式自動販売機（自動洗浄・屋内設置）及び営業許可の対象となる自動販売機を除く）","","","","","","","","","","","","","","","","届出","",""
"043100","fBiz00000581500000000625","熊本県","熊本市中央区","","","⑫ 自動販売機による販売業（コップ式自動販売機（自動洗浄・屋内設置）及び営業許可の対象となる自動販売機を除く）","","","","","","","","","","","","","","","","届出","",""
"043100","fBiz00000581500000000705","熊本県","熊本市中央区","","","⑫ 自動販売機による販売業（コップ式自動販売機（自動洗浄・屋内設置）及び営業許可の対象となる自動販売機を除く）","","","","","","","","","","","","","","","","届出","",""
"043100","fBiz00000581500000000777","熊本県","熊本市中央区","","","⑫ 自動販売機による販売業（コップ式自動販売機（自動洗浄・屋内設置）及び営業許可の対象となる自動販売機を除く）","","","","","","","","","","","","","","","","届出","",""
"043100","fBiz00000581500000000825","熊本県","熊本市中央区","","","⑫ 自動販売機による販売業（コップ式自動販売機（自動洗浄・屋内設置）及び営業許可の対象となる自動販売機を除く）","","","","","","","","","","","","","","","","届出","",""
"043100","fBiz00000581500000000866","熊本県","熊本市中央区","","","⑫ 自動販売機による販売業（コップ式自動販売機（自動洗浄・屋内設置）及び営業許可の対象となる自動販売機を除く）","","","","","","","","","","","","","","","","届出","",""
"043100","fBiz00000581500000000877","熊本県","熊本市中央区","","","⑫ 自動販売機による販売業（コップ式自動販売機（自動洗浄・屋内設置）及び営業許可の対象となる自動販売機を除く）","","","","","","","","","","","","","","","","届出","",""
"043100","fBiz00000581500000000884","熊本県","熊本市中央区","","","⑫ 自動販売機による販売業（コップ式自動販売機（自動洗浄・屋内設置）及び営業許可の対象となる自動販売機を除く）","","","","","","","","","","","","","","","","届出","",""
"043100","fBiz00000581500000000885","熊本県","熊本市中央区","","","⑫ 自動販売機による販売業（コップ式自動販売機（自動洗浄・屋内設置）及び営業許可の対象となる自動販売機を除く）","","","","","","","","","","","","","","","","届出","",""
"043100","fBiz00000581500000000906","熊本県","熊本市中央区","","","⑫ 自動販売機による販売業（コップ式自動販売機（自動洗浄・屋内設置）及び営業許可の対象となる自動販売機を除く）","","","","","","","","","","","","","","","","届出","",""
"043100","fBiz00000581500000001004","熊本県","熊本市中央区","","","⑫ 自動販売機による販売業（コップ式自動販売機（自動洗浄・屋内設置）及び営業許可の対象となる自動販売機を除く）","","","","","","","","","","","","","","","","届出","",""
"043100","fBiz00000581500000001009","熊本県","熊本市中央区","","","⑫ 自動販売機による販売業（コップ式自動販売機（自動洗浄・屋内設置）及び営業許可の対象となる自動販売機を除く）","","","","","","","","","","","","","","","","届出","",""
"043100","fBiz00000581500000001025","熊本県","熊本市中央区","","","⑫ 自動販売機による販売業（コップ式自動販売機（自動洗浄・屋内設置）及び営業許可の対象となる自動販売機を除く）","","","","","","","","","","","","","","","","届出","",""
"043100","fBiz00000581500000001080","熊本県","熊本市中央区","","","⑫ 自動販売機による販売業（コップ式自動販売機（自動洗浄・屋内設置）及び営業許可の対象となる自動販売機を除く）","","","","","","","","","","","","","","","","届出","",""
"043100","fBiz00000581500000001133","熊本県","熊本市中央区","","","⑫ 自動販売機による販売業（コップ式自動販売機（自動洗浄・屋内設置）及び営業許可の対象となる自動販売機を除く）","","","","","","","","","","","","","","","","届出","",""
"043100","fBiz00000581500000001142","熊本県","熊本市中央区","","","⑫ 自動販売機による販売業（コップ式自動販売機（自動洗浄・屋内設置）及び営業許可の対象となる自動販売機を除く）","","","","","","","","","","","","","","","","届出","",""
"043100","fBiz00000581500000001143","熊本県","熊本市中央区","","","⑫ 自動販売機による販売業（コップ式自動販売機（自動洗浄・屋内設置）及び営業許可の対象となる自動販売機を除く）","","","","","","","","","","","","","","","","届出","",""
"043100","fBiz00000581500000001145","熊本県","熊本市中央区","","","⑫ 自動販売機による販売業（コップ式自動販売機（自動洗浄・屋内設置）及び営業許可の対象となる自動販売機を除く）","","","","","","","","","","","","","","","","届出","",""
"043100","fBiz00000581500000001188","熊本県","熊本市中央区","","","⑫ 自動販売機による販売業（コップ式自動販売機（自動洗浄・屋内設置）及び営業許可の対象となる自動販売機を除く）","","","","","","","","","","","","","","","","届出","",""
"043100","fBiz00000581500000001205","熊本県","熊本市中央区","","","⑫ 自動販売機による販売業（コップ式自動販売機（自動洗浄・屋内設置）及び営業許可の対象となる自動販売機を除く）","","","","","","","","","","","","","","","","届出","",""
"043100","fBiz00000581500000001269","熊本県","熊本市中央区","","","⑫ 自動販売機による販売業（コップ式自動販売機（自動洗浄・屋内設置）及び営業許可の対象となる自動販売機を除く）","","","","","","","","","","","","","","","","届出","",""
"043100","fBiz00000611120000000021","熊本県","熊本市中央区","","","⑪ 百貨店、総合スーパー","","","","","","","","","","","","","","","","届出","",""
"043100","fBiz00000581500000001326","熊本県","熊本市中央区","","","⑫ 自動販売機による販売業（コップ式自動販売機（自動洗浄・屋内設置）及び営業許可の対象となる自動販売機を除く）","","","","","","","","","","","","","","","","届出","",""
"043100","fBiz00000581500000001373","熊本県","熊本市中央区","","","⑫ 自動販売機による販売業（コップ式自動販売機（自動洗浄・屋内設置）及び営業許可の対象となる自動販売機を除く）","","","","","","","","","","","","","","","","届出","",""
"043100","fBiz00000581500000001389","熊本県","熊本市中央区","","","⑫ 自動販売機による販売業（コップ式自動販売機（自動洗浄・屋内設置）及び営業許可の対象となる自動販売機を除く）","","","","","","","","","","","","","","","","届出","",""
"043100","fBiz00000581500000001390","熊本県","熊本市中央区","","","⑫ 自動販売機による販売業（コップ式自動販売機（自動洗浄・屋内設置）及び営業許可の対象となる自動販売機を除く）","","","","","","","","","","","","","","","","届出","",""
"043100","fBiz00000581500000001452","熊本県","熊本市中央区","","","⑫ 自動販売機による販売業（コップ式自動販売機（自動洗浄・屋内設置）及び営業許可の対象となる自動販売機を除く）","","","","","","","","","","","","","","","","届出","",""
"043100","fBiz00000581500000001457","熊本県","熊本市中央区","","","⑫ 自動販売機による販売業（コップ式自動販売機（自動洗浄・屋内設置）及び営業許可の対象となる自動販売機を除く）","","","","","","","","","","","","","","",2025/10/31,"届出(廃業)","",""
"043100","fBiz00000581500000001482","熊本県","熊本市中央区","","","⑫ 自動販売機による販売業（コップ式自動販売機（自動洗浄・屋内設置）及び営業許可の対象となる自動販売機を除く）","","","","","","","","","","","","","","","","届出","",""
"043100","fBiz00000581500000001535","熊本県","熊本市中央区","","","⑫ 自動販売機による販売業（コップ式自動販売機（自動洗浄・屋内設置）及び営業許可の対象となる自動販売機を除く）","","","","","","","","","","","","","","","","届出","",""
"043100","fBiz00000581500000001542","熊本県","熊本市中央区","","","⑫ 自動販売機による販売業（コップ式自動販売機（自動洗浄・屋内設置）及び営業許可の対象となる自動販売機を除く）","","","","","","","","","","","","","","","","届出","",""
"043100","fBiz00000581500000001675","熊本県","熊本市中央区","","","⑫ 自動販売機による販売業（コップ式自動販売機（自動洗浄・屋内設置）及び営業許可の対象となる自動販売機を除く）","","","","","","","","","","","","","","","","届出","",""
"043100","fBiz00000581500000001691","熊本県","熊本市中央区","","","⑫ 自動販売機による販売業（コップ式自動販売機（自動洗浄・屋内設置）及び営業許可の対象となる自動販売機を除く）","","","","","","","","","","","","","","","","届出","",""
"043100","fBiz00000581500000001712","熊本県","熊本市中央区","","","⑫ 自動販売機による販売業（コップ式自動販売機（自動洗浄・屋内設置）及び営業許可の対象となる自動販売機を除く）","","","","","","","","","","","","","","","","届出","",""
"043100","fBiz00000581500000001913","熊本県","熊本市中央区","","","⑫ 自動販売機による販売業（コップ式自動販売機（自動洗浄・屋内設置）及び営業許可の対象となる自動販売機を除く）","","","","","","","","","","","","","","","","届出","",""
"043100","fBiz00000581500000001941","熊本県","熊本市中央区","","","⑫ 自動販売機による販売業（コップ式自動販売機（自動洗浄・屋内設置）及び営業許可の対象となる自動販売機を除く）","","","","","","","","","","","","","","","","届出","",""
"043100","fBiz00000581500000001959","熊本県","熊本市中央区","","","⑫ 自動販売機による販売業（コップ式自動販売機（自動洗浄・屋内設置）及び営業許可の対象となる自動販売機を除く）","","","","","","","","","","","","","","","","届出","",""
"043100","fBiz00000581500000001972","熊本県","熊本市中央区","","","⑫ 自動販売機による販売業（コップ式自動販売機（自動洗浄・屋内設置）及び営業許可の対象となる自動販売機を除く）","","","","","","","","","","","","","","","","届出","",""
"043100","fBiz00000581500000001993","熊本県","熊本市中央区","","","⑫ 自動販売機による販売業（コップ式自動販売機（自動洗浄・屋内設置）及び営業許可の対象となる自動販売機を除く）","","","","","","","","","","","","","","","","届出","",""
"043100","fBiz00000581500000001996","熊本県","熊本市中央区","","","⑫ 自動販売機による販売業（コップ式自動販売機（自動洗浄・屋内設置）及び営業許可の対象となる自動販売機を除く）","","","","","","","","","","","","","","","","届出","",""
"043100","fBiz00000581500000002067","熊本県","熊本市中央区","","","⑫ 自動販売機による販売業（コップ式自動販売機（自動洗浄・屋内設置）及び営業許可の対象となる自動販売機を除く）","","","","","","","","","","","","","","","","届出","",""
"043100","fBiz00000581500000002076","熊本県","熊本市中央区","","","⑫ 自動販売機による販売業（コップ式自動販売機（自動洗浄・屋内設置）及び営業許可の対象となる自動販売機を除く）","","","","","","","","","","","","","","","","届出","",""
"043100","fBiz00000581500000002154","熊本県","熊本市中央区","","","⑫ 自動販売機による販売業（コップ式自動販売機（自動洗浄・屋内設置）及び営業許可の対象となる自動販売機を除く）","","","","","","","","","","","","","","","","届出","",""
"043100","fBiz00000581500000002196","熊本県","熊本市中央区","","","⑫ 自動販売機による販売業（コップ式自動販売機（自動洗浄・屋内設置）及び営業許可の対象となる自動販売機を除く）","","","","","","","","","","","","","","","","届出","",""
"043100","fBiz00000581500000002198","熊本県","熊本市中央区","","","⑫ 自動販売機による販売業（コップ式自動販売機（自動洗浄・屋内設置）及び営業許可の対象となる自動販売機を除く）","","","","","","","","","","","","","","","","届出","",""
"043100","fBiz00000581500000002283","熊本県","熊本市中央区","","","⑫ 自動販売機による販売業（コップ式自動販売機（自動洗浄・屋内設置）及び営業許可の対象となる自動販売機を除く）","","","","","","","","","","","","","","","","届出","",""
"043100","fBiz00000581500000002285","熊本県","熊本市中央区","","","⑫ 自動販売機による販売業（コップ式自動販売機（自動洗浄・屋内設置）及び営業許可の対象となる自動販売機を除く）","","","","","","","","","","","","","","","","届出","",""
"043100","fBiz00000581500000002286","熊本県","熊本市中央区","","","⑫ 自動販売機による販売業（コップ式自動販売機（自動洗浄・屋内設置）及び営業許可の対象となる自動販売機を除く）","","","","","","","","","","","","","","","","届出","",""
"043100","fBiz00000581500000002368","熊本県","熊本市中央区","","","⑫ 自動販売機による販売業（コップ式自動販売機（自動洗浄・屋内設置）及び営業許可の対象となる自動販売機を除く）","","","","","","","","","","","","","","","","届出","",""
"043100","fBiz00000581500000002553","熊本県","熊本市中央区","","","⑫ 自動販売機による販売業（コップ式自動販売機（自動洗浄・屋内設置）及び営業許可の対象となる自動販売機を除く）","","","","","","","","","","","","","","","","届出","",""
"043100","fBiz00000581500000002574","熊本県","熊本市中央区","","","⑫ 自動販売機による販売業（コップ式自動販売機（自動洗浄・屋内設置）及び営業許可の対象となる自動販売機を除く）","","","","","","","","","","","","","","","","届出","",""
"043100","fBiz00000581500000002633","熊本県","熊本市中央区","","","⑫ 自動販売機による販売業（コップ式自動販売機（自動洗浄・屋内設置）及び営業許可の対象となる自動販売機を除く）","","","","","","","","","","","","","","","","届出","",""
"043100","fBiz00000581500000002658","熊本県","熊本市中央区","","","⑫ 自動販売機による販売業（コップ式自動販売機（自動洗浄・屋内設置）及び営業許可の対象となる自動販売機を除く）","","","","","","","","","","","","","","","","届出","",""
"043100","fBiz00000581500000002745","熊本県","熊本市中央区","","","⑫ 自動販売機による販売業（コップ式自動販売機（自動洗浄・屋内設置）及び営業許可の対象となる自動販売機を除く）","","","","","","","","","","","","","","","","届出","",""
"043100","fBiz00000581500000002749","熊本県","熊本市中央区","","","⑫ 自動販売機による販売業（コップ式自動販売機（自動洗浄・屋内設置）及び営業許可の対象となる自動販売機を除く）","","","","","","","","","","","","","","","","届出","",""
"043100","fBiz00000581500000002759","熊本県","熊本市中央区","","","⑫ 自動販売機による販売業（コップ式自動販売機（自動洗浄・屋内設置）及び営業許可の対象となる自動販売機を除く）","","","","","","","","","","","","","","","","届出","",""
"043100","fBiz00000581500000002760","熊本県","熊本市中央区","","","⑫ 自動販売機による販売業（コップ式自動販売機（自動洗浄・屋内設置）及び営業許可の対象となる自動販売機を除く）","","","","","","","","","","","","","","","","届出","",""
"043100","fBiz00000581500000002763","熊本県","熊本市中央区","","","⑫ 自動販売機による販売業（コップ式自動販売機（自動洗浄・屋内設置）及び営業許可の対象となる自動販売機を除く）","","","","","","","","","","","","","","","","届出","",""
"043100","fBiz00000581500000002856","熊本県","熊本市中央区","","","⑫ 自動販売機による販売業（コップ式自動販売機（自動洗浄・屋内設置）及び営業許可の対象となる自動販売機を除く）","","","","","","","","","","","","","","","","届出","",""
"043100","fBiz00000581500000002866","熊本県","熊本市中央区","","","⑫ 自動販売機による販売業（コップ式自動販売機（自動洗浄・屋内設置）及び営業許可の対象となる自動販売機を除く）","","","","","","","","","","","","","","","","届出","",""
"043100","fBiz00000581500000002881","熊本県","熊本市中央区","","","⑫ 自動販売機による販売業（コップ式自動販売機（自動洗浄・屋内設置）及び営業許可の対象となる自動販売機を除く）","","","","","","","","","","","","","","","","届出","",""
"043100","fBiz00000581500000002898","熊本県","熊本市中央区","","","⑫ 自動販売機による販売業（コップ式自動販売機（自動洗浄・屋内設置）及び営業許可の対象となる自動販売機を除く）","","","","","","","","","","","","","","","","届出","",""
"043100","fBiz00000581500000002935","熊本県","熊本市中央区","","","⑫ 自動販売機による販売業（コップ式自動販売機（自動洗浄・屋内設置）及び営業許可の対象となる自動販売機を除く）","","","","","","","","","","","","","","","","届出","",""
"043100","fBiz00000581500000002962","熊本県","熊本市中央区","","","⑫ 自動販売機による販売業（コップ式自動販売機（自動洗浄・屋内設置）及び営業許可の対象となる自動販売機を除く）","","","","","","","","","","","","","","","","届出","",""
"043100","fBiz00000581500000002964","熊本県","熊本市中央区","","","⑫ 自動販売機による販売業（コップ式自動販売機（自動洗浄・屋内設置）及び営業許可の対象となる自動販売機を除く）","","","","","","","","","","","","","","","","届出","",""
"043100","fBiz00000581500000002967","熊本県","熊本市中央区","","","⑫ 自動販売機による販売業（コップ式自動販売機（自動洗浄・屋内設置）及び営業許可の対象となる自動販売機を除く）","","","","","","","","","","","","","","","","届出","",""
"043100","fBiz00000581500000003005","熊本県","熊本市中央区","","","⑫ 自動販売機による販売業（コップ式自動販売機（自動洗浄・屋内設置）及び営業許可の対象となる自動販売機を除く）","","","","","","","","","","","","","","","","届出","",""
"043100","fBiz00000581500000003042","熊本県","熊本市中央区","","","⑫ 自動販売機による販売業（コップ式自動販売機（自動洗浄・屋内設置）及び営業許可の対象となる自動販売機を除く）","","","","","","","","","","","","","","","","届出","",""
"043100","fBiz00000581500000003059","熊本県","熊本市中央区","","","⑫ 自動販売機による販売業（コップ式自動販売機（自動洗浄・屋内設置）及び営業許可の対象となる自動販売機を除く）","","","","","","","","","","","","","","","","届出","",""
"043100","fBiz00000581660000000001","熊本県","熊本市中央区","ファミリーマート熊本健軍一丁目","ファミリーマートクマモトケングンイッチョウメ","⑩ コンビニエンスストア","","熊本県熊本市東区健軍1丁目38-10","",32.787065,130.753240,"","前田真一","","熊本県熊本市東区健軍1丁目38-10","","","","","","","届出","",""
"043100","fBiz00000584400000000001","熊本県","熊本市中央区","スペースクリエイト自遊空間　熊本十禅寺店","スペースクリエイトジユウクウカン　クマモトジュウゼンジテン","① 飲食店営業","インターネットカフェ","熊本県熊本市南区十禅寺2-8-3","",32.776200,130.695516,"","株式会社ランシステム","3030001026708","","指令(食保)第50330号",2021/08/13,2021/08/13,2021/09/01,2027/08/31,"","許可","簡易飲食店営業",""
"043100","fBiz00000589550000000001","熊本県","熊本市中央区","ロッキー川尻店","ロッキーカワシリテン","① 魚介類販売業（包装済みの魚介類のみの販売）","","熊本県熊本市南区八幡7丁目1－28","",32.743198,130.683121,"0963584711","","","","","","","","","","届出","",""
"043100","fBiz00000589550000000001","熊本県","熊本市中央区","ロッキー川尻店","ロッキーカワシリテン","② 食肉販売業（包装済みの食肉のみの販売）","","熊本県熊本市南区八幡7丁目1－28","",32.743198,130.683121,"0963584711","","","","","","","","","","届出","",""
"043100","fBiz00000589550000000001","熊本県","熊本市中央区","ロッキー川尻店","ロッキーカワシリテン","③ 乳類販売業","","熊本県熊本市南区八幡7丁目1－28","",32.743198,130.683121,"0963584711","","","","","","","","","","届出","",""
"043100","fBiz00000594300000000001","熊本県","熊本市中央区","ロッキー島崎店","ロッキー　シマサキテン","① 魚介類販売業（包装済みの魚介類のみの販売）","","熊本県熊本市西区島崎2丁目16－33","",32.809874,130.688748,"0963112271","株式会社ロッキー","2330001010517","熊本県熊本市北区植木町植木１３３番地の１","","","","","","","届出","",""
"043100","fBiz00000594300000000001","熊本県","熊本市中央区","ロッキー島崎店","ロッキー　シマサキテン","② 食肉販売業（包装済みの食肉のみの販売）","","熊本県熊本市西区島崎2丁目16－33","",32.809874,130.688748,"0963112271","株式会社ロッキー","2330001010517","熊本県熊本市北区植木町植木１３３番地の１","","","","","","","届出","",""
"043100","fBiz00000594300000000001","熊本県","熊本市中央区","ロッキー島崎店","ロッキー　シマサキテン","③ 乳類販売業","","熊本県熊本市西区島崎2丁目16－33","",32.809874,130.688748,"0963112271","株式会社ロッキー","2330001010517","熊本県熊本市北区植木町植木１３３番地の１","","","","","","","届出","",""
"043100","fBiz00000611120000000022","熊本県","熊本市中央区","","","⑪ 百貨店、総合スーパー","","","","","","","","","","","","","","","","届出","",""
"043100","fBiz00000611120000000023","熊本県","熊本市中央区","","","⑪ 百貨店、総合スーパー","","","","","","","","","","","","","","","","届出","",""
"043100","fBiz00000594300000000002","熊本県","熊本市中央区","ロッキー　清水店","ロッキー　シミズテン","① 魚介類販売業（包装済みの魚介類のみの販売）","スーパーマーケット","熊本県熊本市北区清水本町11－11","",32.831044,130.724926,"0962235698","株式会社ロッキー","2330001010517","熊本県熊本市北区植木町植木１３３番地の１","","","","","","","届出","",""
"043100","fBiz00000594300000000002","熊本県","熊本市中央区","ロッキー　清水店","ロッキー　シミズテン","② 食肉販売業（包装済みの食肉のみの販売）","スーパーマーケット","熊本県熊本市北区清水本町11－11","",32.831044,130.724926,"0962235698","株式会社ロッキー","2330001010517","熊本県熊本市北区植木町植木１３３番地の１","","","","","","","届出","",""
"043100","fBiz00000594300000000002","熊本県","熊本市中央区","ロッキー　清水店","ロッキー　シミズテン","③ 乳類販売業","スーパーマーケット","熊本県熊本市北区清水本町11－11","",32.831044,130.724926,"0962235698","株式会社ロッキー","2330001010517","熊本県熊本市北区植木町植木１３３番地の１","","","","","","","届出","",""
"043100","fBiz00000594300000000008","熊本県","熊本市中央区","ロッキー水前寺店","ロッキースイゼンジテン","⑪ 百貨店、総合スーパー","スーパーマーケット","熊本県熊本市中央区水前寺2丁目4－15","",32.792678,130.732885,"0962120831","株式会社ロッキー","2330001010517","熊本県熊本市北区植木町植木１３３番地の１","","","","","","","届出","",""
"043100","fBiz00000594300000000010","熊本県","熊本市中央区","ロッキー坪井店","ロッキーツボイテン","⑪ 百貨店、総合スーパー","百貨店スーパー","熊本県熊本市中央区坪井5丁目1-47","",32.813159,130.712136,"096-273-6820","株式会社ロッキー","2330001010517","熊本県熊本市北区植木町植木１３３番地の１","","","","","","","届出","",""
"043100","fBiz00000594300000000011","熊本県","熊本市中央区","ロッキー佐土原店","ロッキーサドハラテン","⑪ 百貨店、総合スーパー","百貨店スーパー","熊本県熊本市東区山ノ内1丁目1-60","",32.797684,130.767355,"096-214-6162","株式会社ロッキー","2330001010517","熊本県熊本市北区植木町植木１３３番地の１","","","","","","","届出","",""
"043100","fBiz00000594300000000012","熊本県","熊本市中央区","ロッキー御領店","ロッキーゴリョウテン","⑪ 百貨店、総合スーパー","百貨店スーパー","熊本県熊本市東区御領2丁目7-28","",32.823042,130.769002,"096-349-6621","株式会社ロッキー","2330001010517","熊本県熊本市北区植木町植木１３３番地の１","","","","","","","届出","",""
"043100","fBiz00000594300000000013","熊本県","熊本市中央区","ロッキー本山店","ロッキーモトヤマテン","⑪ 百貨店、総合スーパー","スーパーマーケット","熊本県熊本市中央区世安町378-4","",32.786192,130.696632,"096-212-3610","株式会社ロッキー","2330001010517","熊本県熊本市北区植木町植木１３３番地の１","","","","","","","届出","",""
"043100","fBiz00000594300000000014","熊本県","熊本市中央区","ロッキー植木店","ロッキーウエキテン","⑪ 百貨店、総合スーパー","スーパーマーケット","熊本県熊本市北区植木町植木133-1","",32.903347,130.692801,"096-272-1122","株式会社ロッキー","2330001010517","熊本県熊本市北区植木町植木１３３番地の１","","","","","","","届出","",""
"043100","fBiz00000594790000000015","熊本県","熊本市中央区","47861事業所","ヨンナナハチロクイチジギョウショ","① 飲食店営業","","熊本県熊本市中央区新大江3-7-7","",32.802689,130.736904,"","一冨士フードサービス株式会社","9120001109274","大阪府大阪市北区梅田３丁目３番２０号","指令（食保）第51323号",2022/03/17,2022/03/17,2022/03/17,2029/05/31,"","許可","なし",""
"043100","fBiz00000594790000000062","熊本県","熊本市中央区","","","① 飲食店営業","","","","","","","","","","指令（食保）第50727号",2023/07/18,2023/07/18,2023/07/18,2029/08/31,"","許可","",""
"043100","fBiz00000594790000000092","熊本県","熊本市中央区","","","① 飲食店営業","","","","","","","","","","指令（食保）第51101",2024/03/13,2024/03/13,2024/03/13,2031/05/31,"","許可","",""
"043100","fBiz00000595370000000005","熊本県","熊本市中央区","ファミリーマート植木田原坂店","ファミリーマートウエキタバルザカテン","⑩ コンビニエンスストア","","熊本県熊本市北区植木町滴水1683-1","",32.882336,130.663611,"096-275-5011","株式会社ＭＲ","6330001008722","熊本県熊本市中央区黒髪3丁目14番15-14号","","","","","","","届出","",""
"043100","fBiz00000598710000000028","熊本県","熊本市中央区","MACAPRESSO","マカプレッソ","⑬ その他の食料・飲料販売業","","熊本県熊本市西区春日3-15-26","アミュプラザ熊本1 階イートインスペース",32.788900,130.688284,"","株式会社ＨｉｇａｓｈｉｍｏｒｉｍｉｗＡ","3010801026231","東京都港区南青山２丁目２番１５号","","","","","","","届出","",""
"043100","fBiz00000599050000000001","熊本県","熊本市中央区","","","㉖ 集団給食施設","","","","","","","","","","","","","","","","届出","",""
"043100","fBiz00000600100000000001","熊本県","熊本市中央区","ファミリーマート熊本小峯二丁目店","ファミリーマートクマモトオミネニチョウメテン","⑩ コンビニエンスストア","","熊本県熊本市東区小峯2丁目2-136","",32.802335,130.776403,"","宮田清美","","熊本県熊本市東区小峯2丁目2-136","","","","","","","届出","",""
"043100","fBiz00000603110000000001","熊本県","熊本市中央区","","","① 飲食店営業","","","","","","","","","","指令（食保）第50297号",2021/07/30,2021/07/30,2021/09/01,2027/08/31,"","許可","なし",""
"043100","fBiz00000605520000000001","熊本県","熊本市中央区","株式会社萬屋茶舗","カブシキガイシャヨロズヤチャホ","㉑ 製茶業","","熊本県熊本市南区川尻4丁目9番28号","",32.737668,130.681448,"096-357-8050","株式会社萬屋茶舗","9330003000996","熊本県熊本市南区川尻4丁目9番28号","","","","","","","届出","",""
"043100","fBiz00000607160000000005","熊本県","熊本市中央区","776チーズケーキ","ナナナナロクチーズケーキ","⑬ その他の食料・飲料販売業","菓子製造販売業","熊本県熊本市中央区桜町3番10号","サクラマチ",32.800526,130.703635,"0963251219","清正製菓株式会社","3330001024177","熊本県熊本市北区貢町537-18","","","","","","","届出","",""
"043100","fBiz00000607160000000007","熊本県","熊本市中央区","熊本城ホール","クマモトジョウホール","㉔ その他の食料品製造・加工業","菓子製造販売業","熊本県熊本市中央区桜町3-40","",32.800591,130.703498,"096-363-6655","清正製菓株式会社","3330001024177","熊本県熊本市北区貢町537-18","","","","","","","届出","",""
"043100","fBiz00000607160000000009","熊本県","熊本市中央区","白い貴婦人いしむら田崎店","シロイキフジンイシムラタサキテン","⑬ その他の食料・飲料販売業","菓子販売業","熊本県熊本市西区田崎町380-7","",32.784180,130.677790,"","清正製菓株式会社","3330001024177","熊本県熊本市北区貢町537-18","","","","","","","届出","",""
"043100","fBiz00000607320000000003","熊本県","熊本市中央区","石川製パン","イシカワセイパン","⑬ その他の食料・飲料販売業","","","","","","","","","","","","","","","","届出","",""
"043100","fBiz00000607320000000015","熊本県","熊本市中央区","石川製パン","イシカワセイパン","⑬ その他の食料・飲料販売業","","","","","","","","","","","","","","","","届出","",""
"043100","fBiz00000607320000000016","熊本県","熊本市中央区","石川製パン","イシカワセイパン","⑬ その他の食料・飲料販売業","","","","","","","","","","","","","","","","届出","",""
"043100","fBiz00000611120000000028","熊本県","熊本市中央区","","","⑪ 百貨店、総合スーパー","","","","","","","","","","","","","","","","届出","",""
"043100","fBiz00000611120000000029","熊本県","熊本市中央区","","","⑪ 百貨店、総合スーパー","","","","","","","","","","","","","","","","届出","",""
"043100","fBiz00000611120000000181","熊本県","熊本市中央区","","","⑪ 百貨店、総合スーパー","","","","","","","","","","","","","","","","届出","",""
"043100","fBiz00000618310000000001","熊本県","熊本市中央区","ファミリーマート御領三丁目店","ファミリーマートゴリョウサンチョウメ","⑩ コンビニエンスストア","","熊本県熊本市東区御領3丁目424-1","",32.825395,130.768431,"0962928260","溝口望","","熊本県熊本市東区御領3丁目424-1","","","","","","","届出","",""
"043100","fBiz00000632760000000001","熊本県","熊本市中央区","","","⑱ 調味料製造・加工業","","","","","","","","","","","","","","","","届出","",""
"043100","fBiz00000633130000000002","熊本県","熊本市中央区","","","⑩ コンビニエンスストア","","","","","","","","","","","","","","","","届出","",""
"043100","fBiz00000633960000000005","熊本県","熊本市中央区","京都キョーワズ珈琲 　鶴屋百貨店","キョウトキョーワズコーヒー　ツルヤヒャッカテン","⑯ コーヒー製造・加工業（飲料の製造を除く。）","","熊本県熊本市中央区手取本町6番1号","鶴屋百貨店 本館地下１階",32.802761,130.710920,"096-323-6295","キョーワズ珈琲株式会社","2130001033356","京都府久世郡久御山町田井新荒見１００番地","","","","","","","届出","",""
"043100","fBiz00000635780000000115","熊本県","熊本市中央区","うなぎの柳川　新市街店","ウナギノヤナガワ　シンシガイテン","⑫ 自動販売機による販売業（コップ式自動販売機（自動洗浄・屋内設置）及び営業許可の対象となる自動販売機を除く）","","熊本県熊本市中央区新市街9-1","",32.798779,130.706668,"","株式会社ＪｉＨＡＮ","7290001065016","福岡県久留米市梅満町１３８－１－２","","","","","","","届出","",""
"043100","fBiz00000635780000000119","熊本県","熊本市中央区","ダイイチパーク　熊本上通町","ダイイチパーク　クマモトカミドリマチ","⑫ 自動販売機による販売業（コップ式自動販売機（自動洗浄・屋内設置）及び営業許可の対象となる自動販売機を除く）","","熊本県熊本市中央区上通町5","",32.803987,130.712676,"","株式会社ＪｉＨＡＮ","7290001065016","福岡県久留米市梅満町１３８－１－２","","","","","","","届出","",""
"043100","fBiz00000635780000000124","熊本県","熊本市中央区","有限会社熊本看板工芸社","ユウゲンガイシャクマモトカンバンコウゲイシャ","⑫ 自動販売機による販売業（コップ式自動販売機（自動洗浄・屋内設置）及び営業許可の対象となる自動販売機を除く）","","熊本県熊本市南区近見8丁目6-47","",32.760321,130.694070,"","株式会社ＪｉＨＡＮ","7290001065016","福岡県久留米市梅満町１３８－１－２","","","","","","","届出","",""
"043100","fBiz00000635780000000127","熊本県","熊本市中央区","つる乃湯 熊本インター店","ツルノユ クマモトインターテン","⑫ 自動販売機による販売業（コップ式自動販売機（自動洗浄・屋内設置）及び営業許可の対象となる自動販売機を除く）","","熊本県熊本市東区石原2丁目10-10","",32.843111,130.786156,"096-335-8000","株式会社ＪｉＨＡＮ","7290001065016","福岡県久留米市梅満町１３８－１－２","","","","","","","届出","",""
"043100","fBiz00000635780000000146","熊本県","熊本市中央区","熊本県民総合運動公園　自販機","クマモトケンミンソウゴウウンドウコウエン　ジハンキ","⑫ 自動販売機による販売業（コップ式自動販売機（自動洗浄・屋内設置）及び営業許可の対象となる自動販売機を除く）","","熊本県熊本市東区石原2-9-1","",32.842547,130.784220,"","株式会社ＪｉＨＡＮ","7290001065016","福岡県久留米市梅満町１３８－１－２","","","","","","","届出","",""
"043100","fBiz00000637080000000002","熊本県","熊本市中央区","Let’s リハ！熊本北店","レッツリハクマモトキタテン","㉖ 集団給食施設","","熊本県熊本市北区高平3-42-3","",32.838978,130.719047,"","株式会社桜十字","6330001008136","熊本県熊本市南区御幸木部1-1-1","","","","","","","届出","",""
"043100","fBiz00000637080000000003","熊本県","熊本市中央区","Let’s リハ！健軍店","レッツリハケングンテン","㉖ 集団給食施設","","熊本県熊本市東区健軍1-28-10","",32.787868,130.753115,"","株式会社桜十字","6330001008136","熊本県熊本市南区御幸木部1-1-1","","","","","","","届出","",""
"043100","fBiz00000637080000000004","熊本県","熊本市中央区","Let’s リハ！近見店","レッツリハチカミテン","㉖ 集団給食施設","","熊本県熊本市南区日吉1-1-7","",32.761434,130.688990,"","株式会社桜十字","6330001008136","熊本県熊本市南区御幸木部1-1-1","","","","","","","届出","",""
"043100","fBiz00000637080000000005","熊本県","熊本市中央区","Let's リハ！熊本中央店","レッツリハクマモトチュウオウテン","㉖ 集団給食施設","","熊本県熊本市中央区本荘6-7-21","九電工熊本支店ビル1F",32.792037,130.709757,"","株式会社桜十字","6330001008136","熊本県熊本市南区御幸木部1-1-1","","","","","","","届出","",""
"043100","fBiz00000643650000000001","熊本県","熊本市中央区","湯らっくす","ユラックス","㉙ その他","","熊本県熊本市中央区本荘町722","",32.785363,130.702388,"0963621126","共栄観光株式会社","3330001000954","熊本県熊本市中央区本荘町722","","","","","","","届出","",""
"043100","fBiz00000645440000000002","熊本県","熊本市中央区","有限会社サンアイ商事","ユウゲンガイシャサンアイショウジ","㉗ 器具、容器包装の製造・加工業（合成樹脂が使用された器具又は容器包装の製造、加工に限る。）","","熊本県熊本市北区植木町岩野538番地の2","",32.904127,130.708809,"0962725759","有限会社サンアイ商事","1330002019145","熊本県熊本市北区植木町岩野５３８番地の２","","","","","","","届出","",""
"043100","fBiz00000645890000000612","熊本県","熊本市中央区","リンガーハット上熊本店","リンガーハットカミクマモトテン","⑬ その他の食料・飲料販売業","長崎ちゃんぽんチェーン店","熊本県熊本市西区上熊本2-8-49","",32.810395,130.701978,"096-359-2002","リンガーハットジャパン株式会社","2310001003811","長崎県長崎市鍛冶屋町６番５０号","","","","","","","届出","",""
"043100","fBiz00000645890000000613","熊本県","熊本市中央区","リンガーハット熊本清水バイパス店","リンガーハットクマモトシミズバイパステン","⑬ その他の食料・飲料販売業","長崎ちゃんぽんチェーン店","熊本県熊本市北区山室5-7-1","",32.845775,130.716070,"096-343-7436","リンガーハットジャパン株式会社","2310001003811","長崎県長崎市鍛冶屋町６番５０号","","","","","","","届出","",""
"043100","fBiz00000645890000000614","熊本県","熊本市中央区","リンガーハット熊本浜線バイパス店","リンガーハットクマモトハマセンバイパステン","⑬ その他の食料・飲料販売業","長崎ちゃんぽんチェーン店","熊本県熊本市南区田井島1-7-30","",32.769577,130.722971,"096-379-1852","リンガーハットジャパン株式会社","2310001003811","長崎県長崎市鍛冶屋町６番５０号","","","","","","","届出","",""
"043100","fBiz00001072870000000002","熊本県","熊本市中央区","","","⑬ その他の食料・飲料販売業","","","","","","","","","","","","","","","","届出","",""
"043100","fBiz00000645890000000615","熊本県","熊本市中央区","リンガーハット熊本東バイパス店","リンガーハットクマモトヒガシバイパステン","⑬ その他の食料・飲料販売業","長崎ちゃんぽんチェーン店","熊本県熊本市中央区保田窪2-7-15","",32.804971,130.747075,"096-385-1941","リンガーハットジャパン株式会社","2310001003811","長崎県長崎市鍛冶屋町６番５０号","","","","","","","届出","",""
"043100","fBiz00000645890000000616","熊本県","熊本市中央区","リンガーハットゆめタウンはません店","リンガーハットユメタウンハマセンテン","⑬ その他の食料・飲料販売業","長崎ちゃんぽんチェーン店","熊本県熊本市南区田井島1-2-1","",32.770146,130.727830,"096-288-6450","リンガーハットジャパン株式会社","2310001003811","長崎県長崎市鍛冶屋町６番５０号","","","","","","","届出","",""
"043100","fBiz00000671000000000004","熊本県","熊本市中央区","旬彩館　熊本城桜の馬場城彩苑店","シュンサイカン　クマモトジョウサクラノババジョウサイエンテン","⑬ その他の食料・飲料販売業","","熊本県熊本市中央区二の丸1-1-2","",32.803671,130.703755,"","九州産交リテール株式会社","4330001021405","熊本県熊本市中央区花畑町4番3号","","","","","","","届出","",""
"043100","fBiz00000671000000000005","熊本県","熊本市中央区","旬彩館　JR熊本駅店","シュンサイカン　ジェイアールクマモトエキテン","⑬ その他の食料・飲料販売業","","熊本県熊本市西区春日3丁目15-30","JR熊本駅内",32.790087,130.688362,"","九州産交リテール株式会社","4330001021405","熊本県熊本市中央区花畑町4番3号","","","","","","","届出","",""
"043100","fBiz00000671000000000006","熊本県","熊本市中央区","旬彩館さくら","シュンサイカンサクラ","⑬ その他の食料・飲料販売業","","熊本県熊本市中央区桜町3-10","SAKURA MACHI Kumamoto B1F",32.800526,130.703635,"096-300-8120","九州産交リテール株式会社","4330001021405","熊本県熊本市中央区花畑町4番3号","","","","","","","届出","",""
"043100","fBiz00000671000000000007","熊本県","熊本市中央区","旬彩館さくらLIQUOR","シュンサイカンサクラリカー","⑬ その他の食料・飲料販売業","","熊本県熊本市中央区桜町3-10","SAKURA MACHI Kumamoto B1F",32.800526,130.703635,"096-300-8111","九州産交リテール株式会社","4330001021405","熊本県熊本市中央区花畑町4番3号","","","","","","","届出","",""
"043100","fBiz00000671000000000008","熊本県","熊本市中央区","九州アニメデッキ","キュウシュウアニメデッキ","⑬ その他の食料・飲料販売業","","熊本県熊本市中央区桜町3-10","SAKURA MACHI Kumamoto 3F",32.800526,130.703635,"096-300-8119","九州産交リテール株式会社","4330001021405","熊本県熊本市中央区花畑町4番3号","","","","","","","届出","",""
"043100","fBiz00000671880000000002","熊本県","熊本市中央区","ハンドメイドセレクトショップHakobuNe","ハンドメイドセレクトショップハコブネ","① 飲食店営業","","熊本県熊本市東区健軍4-3-7","アベニュー神水１F",32.782854,130.747829,"07089925733","廣森正和","","熊本県熊本市東区健軍4-3-7","指令(食保)第50388号",2021/08/31,2021/08/31,2021/08/31,2027/08/31,"","許可","飲食店営業",""
"043100","fBiz00000675200000000069","熊本県","熊本市中央区","カラオケ館下通り本店","カラオケカンシモトオリホンテン","① 飲食店営業","カラオケボックス","熊本県熊本市中央区下通一丁目8-27","",32.800865,130.708562,"096-324-0711","株式会社B＆V","8011101056286","東京都練馬区向山四丁目１番１号","指令（食保）第52197号",2025/08/26,2025/08/26,2025/09/01,2031/08/31,"","許可","",""
"043100","fBiz00000675400000000031","熊本県","熊本市中央区","カラオケ館　熊本近見店","カラオケカン　クマモトチカミテン","① 飲食店営業","","熊本県熊本市南区近見7丁目1-18","",32.760851,130.689764,"096-326-7788","シダックス・コミュニティー株式会社","6012401007856","東京都練馬区向山4-1-1","指令（食保）第52038号",2025/05/16,2025/05/16,2025/06/01,2031/05/31,"","許可","",""
"043100","fBiz00000688660000000008","熊本県","熊本市中央区","北熊本サービスエリア","キタクマモトサービスエリア","⑬ その他の食料・飲料販売業","売店","熊本県熊本市北区改寄町1199 ","九州自動車道上り線北熊本サービスエリア内",32.894260,130.718120,"0962452066","ロイヤルコントラクトサービス株式会社","7010901016970","東京都世田谷区桜新町1丁目34番6号","","","","","","","届出","",""
"043100","fBiz00000688660000000044","熊本県","熊本市中央区","いねや熊本","イネヤクマモト","⑬ その他の食料・飲料販売業","飲食業","熊本県熊本市中央区新市街６－１６","",32.799205,130.706944,"0963112110","ロイヤルコントラクトサービス株式会社","7010901016970","東京都世田谷区桜新町1丁目34番6号","","","","","","","届出","",""
"043100","fBiz00000689950000000027","熊本県","熊本市中央区","マリンフーズ株式会社　熊本事業所","マリンフーズカブシキガイシャ　クマモトジギョウショ","① 魚介類販売業（包装済みの魚介類のみの販売）","","熊本県熊本市南区富合町釈迦堂714","富合工業団地内",32.734121,130.703547,"096-211-7588","マリンフーズ　株式会社","8010701019776","東京都港区六本木三丁目１番１号","","","","","","","届出","",""
"043100","fBiz00000694790000000004","熊本県","熊本市中央区","ファミリーマート上熊本2丁目店","ファミリーマートカミクマモトニチョウメ","⑩ コンビニエンスストア","","熊本県熊本市西区上熊本2丁目2ー18ー56","",32.810828,130.699480,"0962112055","林桂太郎","","熊本県熊本市東区御領8丁目8-20","","","","","","","届出","",""
"043100","fBiz00000694790000000005","熊本県","熊本市中央区","ファミリーマート熊本島崎4丁目店","ファミリーマートクマモトシマサキヨンチョウメ","⑩ コンビニエンスストア","","熊本県熊本市西区島崎4丁目1ー1","",32.810691,130.686683,"0963121355","林桂太郎","","熊本県熊本市東区御領8丁目8-20","","","","","","","届出","",""
"043100","fBiz00000694790000000006","熊本県","熊本市中央区","ファミリーマート熊本御領8丁目店","ファミリーマートクマモトゴリョウハチチョウメテン","⑩ コンビニエンスストア","","熊本県熊本市東区御領8丁目8-20","",32.833391,130.772913,"0963497005","林桂太郎","","熊本県熊本市東区御領8丁目8-20","","","","","","","届出","",""
"043100","fBiz00000694790000000012","熊本県","熊本市中央区","ファミリーマート熊本御領8丁目店","ファミリーマートクマモトゴリョウハチチョウメテン","⑩ コンビニエンスストア","","熊本県熊本市東区御領8丁目8-20","",32.833391,130.772913,"0963497005","林桂太郎","","熊本県熊本市東区御領8丁目8-20","","","","","","","届出","",""
"043100","fBiz00000702500000000008","熊本県","熊本市中央区","イワサキエース　花園店","イワサキエース　ハナゾノテン","⑪ 百貨店、総合スーパー","スーパーマーケット","熊本県熊本市西区花園5丁目7-1","",32.818393,130.695137,"096-359-4577","株式会社イワサキ","6330001005439","熊本県熊本市中央区本山4-4-1","","","","","","","届出","",""
"043100","fBiz00000702500000000010","熊本県","熊本市中央区","イワサキエース　上熊本店","イワサキエース　カミクマモトテン","⑪ 百貨店、総合スーパー","スーパーマーケット","熊本県熊本市西区上熊本2丁目16-10","",32.814255,130.699485,"096-212-6911","株式会社イワサキ","6330001005439","熊本県熊本市中央区本山4-4-1","","","","","","","届出","",""
"043100","fBiz00000702500000000012","熊本県","熊本市中央区","イワサキエース　並木坂店","イワサキエース　ナミキザカテン","① 飲食店営業","スーパーマーケット","熊本県熊本市中央区上林町1-25","",32.807277,130.711693,"096-312-8233","株式会社イワサキ","6330001005439","熊本県熊本市中央区本山4-4-1","指令（食保）第50793号",2021/11/17,2021/11/17,2021/12/01,2027/11/30,"","許可","特になし",""
"043100","fBiz00000702500000000014","熊本県","熊本市中央区","イワサキエース　JR上熊本駅店","イワサキエース　ジェイアールカミクマモトエキテン","⑪ 百貨店、総合スーパー","スーパーマーケット","熊本県熊本市西区上熊本2丁目18-1","",32.818646,130.699734,"096-353-3355","株式会社イワサキ","6330001005439","熊本県熊本市中央区本山4-4-1","","","","","","","届出","",""
"043100","fBiz00000702500000000015","熊本県","熊本市中央区","イワサキエース　琴平店","イワサキエース　コトヒラテン","⑪ 百貨店、総合スーパー","スーパーマーケット","熊本県熊本市中央区琴平本町7-1","",32.788475,130.706682,"096-363-1088","株式会社イワサキ","6330001005439","熊本県熊本市中央区本山4-4-1","","","","","","","届出","",""
"043100","fBiz00000702500000000016","熊本県","熊本市中央区","イワサキエース　島崎店","イワサキエース　シマサキテン","⑪ 百貨店、総合スーパー","スーパーマーケット","熊本県熊本市中央区島崎1丁目29-6","",32.803873,130.690931,"096-359-3377","株式会社イワサキ","6330001005439","熊本県熊本市中央区本山4-4-1","","","","","","","届出","",""
"043100","fBiz00000702500000000018","熊本県","熊本市中央区","イワサキエース　新南部店","イワサキエース　シンナベテン","⑪ 百貨店、総合スーパー","スーパーマーケット","熊本県熊本市東区新南部2丁目1-97","",32.815877,130.745869,"096-349-8181","株式会社イワサキ","6330001005439","熊本県熊本市中央区本山4-4-1","","","","","","","届出","",""
"043100","fBiz00000702500000000019","熊本県","熊本市中央区","イワサキエース　田迎店","イワサキエース　タムカエテン","⑪ 百貨店、総合スーパー","スーパーマーケット","熊本県熊本市南区出仲間7丁目3-35","",32.769441,130.718487,"096-214-3002","株式会社イワサキ","6330001005439","熊本県熊本市中央区本山4-4-1","","","","","","","届出","",""
"043100","fBiz00000702500000000020","熊本県","熊本市中央区","イワサキエース　並木坂店","イワサキエース　ナミキザカテン","⑪ 百貨店、総合スーパー","スーパーマーケット","熊本県熊本市中央区上林町1-25","",32.807277,130.711693,"096-312-8233","株式会社イワサキ","6330001005439","熊本県熊本市中央区本山4-4-1","","","","","","","届出","",""
"043100","fBiz00000702500000000021","熊本県","熊本市中央区","イワサキエース　川尻店","イワサキエース　カワシリテン","⑪ 百貨店、総合スーパー","スーパーマーケット","熊本県熊本市南区野田2丁目28-18","",32.731597,130.682519,"096-320-0501","株式会社イワサキ","6330001005439","熊本県熊本市中央区本山4-4-1","","","","","","","届出","",""
"043100","fBiz00000702830000000001","熊本県","熊本市中央区","","","⑤ コップ式自動販売機（自動洗浄・屋内設置）","建設業","","","","","","","","","","","","","","","届出","",""
"043100","fBiz00000702830000000003","熊本県","熊本市中央区","","","⑫ 自動販売機による販売業（コップ式自動販売機（自動洗浄・屋内設置）及び営業許可の対象となる自動販売機を除く）","工場","","","","","","","","","","","","","","","届出","",""
"043100","fBiz00000702830000000004","熊本県","熊本市中央区","","","⑤ コップ式自動販売機（自動洗浄・屋内設置）","","","","","","","","","","","","","","","","届出","",""
"043100","fBiz00000702830000000027","熊本県","熊本市中央区","","","⑫ 自動販売機による販売業（コップ式自動販売機（自動洗浄・屋内設置）及び営業許可の対象となる自動販売機を除く）","","","","","","","","","","","","","","","","届出","",""
"043100","fBiz00000703420000000021","熊本県","熊本市中央区","ドミノ・ピザ　北熊本店","ドミノ・ピザ　キタクマモトテン","① 飲食店営業","","熊本県熊本市北区清水本町2-1","",32.829191,130.722870,"","株式会社ドミノ・ピザジャパン","5010001140979","東京都品川区上大崎2丁目13-30","指令（食保）第51331号",2022/04/07,2022/04/07,2022/04/07,2028/05/31,"","許可","",""
"043100","fBiz00000703420000000099","熊本県","熊本市中央区","ドミノ・ピザ　熊本画図店","ドミノ・ピザ　クマモトエズテン","① 飲食店営業","","熊本県熊本市東区画図町重富1002-1","",32.763348,130.731260,"","株式会社ドミノ・ピザジャパン","5010001140979","東京都品川区上大崎2丁目13-30","指令（食保）第50643号",2023/06/06,2023/06/06,2023/06/06,2029/08/31,"","許可","",""
"043100","fBiz00000708490000000001","熊本県","熊本市中央区","マルショク健軍店","マルショクケングンテン","⑦ 野菜果物販売業","","熊本県熊本市東区若葉1丁目34-1","",32.776507,130.761809,"","株式会社藤本物産","7330001004084","熊本県熊本市西区田崎町414-12","","","","","","","届出","",""
"043100","fBiz00000709830000000001","熊本県","熊本市中央区","マルショク子飼店","マルショクコカイテン","⑦ 野菜果物販売業","","熊本県熊本市中央区西子飼町8-26","",32.811678,130.718844,"0962005030","株式会社藤本物産","7330001004084","熊本県熊本市西区田崎町414-12","","","","","","","届出","",""
"043100","fBiz00000709950000000308","熊本県","熊本市中央区","ロイヤルホスト熊本インター店","ロイヤルホストクマモトインターテン","⑬ その他の食料・飲料販売業","飲食店営業","熊本県熊本市東区保田窪本町10-62","",32.807800,130.747936,"096-383-5008","ロイヤルフードサービス株式会社","8010901020897","東京都世田谷区桜新町１丁目３４番６号","","","","","","","届出","",""
"043100","fBiz00000709950000000312","熊本県","熊本市中央区","ロイヤルホスト南熊本店","ロイヤルホストミナミクマモトテン","⑬ その他の食料・飲料販売業","飲食店営業","熊本県熊本市中央区九品寺6-4-31","",32.788362,130.714356,"096-373-7171","ロイヤルフードサービス株式会社","8010901020897","東京都世田谷区桜新町１丁目３４番６号","","","","","","","届出","",""
"043100","fBiz00000711270000000001","熊本県","熊本市中央区","","","① 飲食店営業","バー","","","","","","","","","指令（食保）第50370号",2021/09/13,2021/09/13,2021/09/13,2027/11/30,"","許可","簡易飲食店営業施設",""
"043100","fBiz00000713640000000007","熊本県","熊本市中央区","ココカラファイン　下通店","ココカラファイン　シモトオリテン","③ 乳類販売業","ドラッグストア","熊本県熊本市中央区下通1丁目6-28","",32.801285,130.708766,"0963530666","株式会社ココカラファインヘルスケア","8120001082605","神奈川県横浜市港北区新横浜３丁目１７番６号","","","","","","","届出","",""
"043100","fBiz00000713640000000007","熊本県","熊本市中央区","ココカラファイン　下通店","ココカラファイン　シモトオリテン","⑬ その他の食料・飲料販売業","ドラッグストア","熊本県熊本市中央区下通1丁目6-28","",32.801285,130.708766,"0963530666","株式会社ココカラファインヘルスケア","8120001082605","神奈川県横浜市港北区新横浜３丁目１７番６号","","","","","","","届出","",""
"043100","fBiz00000880980000000012","熊本県","熊本市中央区","KFC近見店","ケンタッキー・フライド・チキンチカミテン","⑬ その他の食料・飲料販売業","小売り","熊本県熊本市南区近見9-1-13","",32.762351,130.698704,"096-311-1728","株式会社Misumi","4340001004160","鹿児島県鹿児島市卸本町7番地20","","","","","","","届出","",""
"043100","fBiz00000713640000000025","熊本県","熊本市中央区","ココカラファイン　上通店","ココカラファイン　カミトオリテン","⑬ その他の食料・飲料販売業","ドラッグストア","熊本県熊本市中央区上通町6番15号","",32.805413,130.711147,"0962064898","株式会社ココカラファインヘルスケア","8120001082605","神奈川県横浜市港北区新横浜３丁目１７番６号","","","","","","","届出","",""
"043100","fBiz00000713640000000032","熊本県","熊本市中央区","ココカラファイン　熊本城山店","ココカラファイン　クマモトジョウザンテン","⑪ 百貨店、総合スーパー","ドラッグストア","熊本県熊本市西区城山下代2-6-15","",32.777407,130.655579,"0963194775","株式会社ココカラファインヘルスケア","8120001082605","神奈川県横浜市港北区新横浜３丁目１７番６号","","","","","","","届出","",""
"043100","fBiz00000713640000000032","熊本県","熊本市中央区","ココカラファイン　熊本城山店","ココカラファイン　クマモトジョウザンテン","⑫ 自動販売機による販売業（コップ式自動販売機（自動洗浄・屋内設置）及び営業許可の対象となる自動販売機を除く）","ドラッグストア","熊本県熊本市西区城山下代2-6-15","",32.777407,130.655579,"0963194775","株式会社ココカラファインヘルスケア","8120001082605","神奈川県横浜市港北区新横浜３丁目１７番６号","","","","","","","届出","",""
"043100","fBiz00000713640000000032","熊本県","熊本市中央区","ココカラファイン　熊本城山店","ココカラファイン　クマモトジョウザンテン","⑬ その他の食料・飲料販売業","ドラッグストア","熊本県熊本市西区城山下代2-6-15","",32.777407,130.655579,"0963194775","株式会社ココカラファインヘルスケア","8120001082605","神奈川県横浜市港北区新横浜３丁目１７番６号","","","","","","","届出","",""
"043100","fBiz00000714000000000001","熊本県","熊本市中央区","サンリブシティくまなん","サンリブシティクマナン","⑦ 野菜果物販売業","","熊本県熊本市中央区平成３丁目23-30","",32.777655,130.704607,"","株式会社藤本物産","7330001004084","熊本県熊本市西区田崎町414-12","","","","","","","届出","",""
"043100","fBiz00000714720000000001","熊本県","熊本市中央区","ダイレックス九品寺店","ダイレックスクホンジテン","⑦ 野菜果物販売業","","熊本県熊本市中央区九品寺3丁目16番50号","",32.793829,130.716424,"0962882326","株式会社藤本物産","7330001004084","熊本県熊本市西区田崎町414-12","","","","","","","届出","",""
"043100","fBiz00000718290000000005","熊本県","熊本市中央区","","","① 飲食店営業","","","","","","","","","","指令（食保）第52198号",2025/08/20,2025/08/20,2025/09/01,2031/08/31,"","許可","",""
"043100","fBiz00000723650000000001","熊本県","熊本市中央区","","","⑬ その他の食料・飲料販売業","","","","","","","","","","","","","","","","届出","",""
"043100","fBiz00000723650000000002","熊本県","熊本市中央区","","","⑬ その他の食料・飲料販売業","","","","","","","","","","","","","","","","届出","",""
"043100","fBiz00000723650000000003","熊本県","熊本市中央区","","","⑬ その他の食料・飲料販売業","","","","","","","","","","","","","","","","届出","",""
"043100","fBiz00000723650000000004","熊本県","熊本市中央区","","","⑬ その他の食料・飲料販売業","","","","","","","","","","","","","","","","届出","",""
"043100","fBiz00000723650000000008","熊本県","熊本市中央区","","","③ 食肉販売業","","","","","","","","","","指令（食保）第50362号",2022/11/24,2022/11/24,2022/12/01,2028/11/30,"","許可","",""
"043100","fBiz00000723650000000011","熊本県","熊本市中央区","","","① 飲食店営業","","","","","","","","","","指令（食保）第50496号",2023/03/15,2023/03/15,2023/03/15,2029/05/31,"","許可","なし",""
"043100","fBiz00000723650000000012","熊本県","熊本市中央区","","","③ 食肉販売業","","","","","","","","","","指令（食保）第50970号",2023/11/21,2023/11/21,2023/12/01,2029/11/30,"","許可","",""
"043100","fBiz00000723650000000013","熊本県","熊本市中央区","","","① 飲食店営業","","","","","","","","","","指令(食保)第51090号",2024/02/28,2024/02/28,2024/03/01,2029/02/28,"","許可","簡易な営業の飲食店(仮設)営業",""
"043100","fBiz00000723650000000014","熊本県","熊本市中央区","","","① 飲食店営業","","","","","","","","","","指令（食保）第51203",2024/05/26,2024/05/26,2024/06/01,2030/05/31,"","許可","",""
"043100","fBiz00000736180000000001","熊本県","熊本市中央区","","","⑬ その他の食料・飲料販売業","","","","","","","","","","","","","","","","届出","",""
"043100","fBiz00000736720000000001","熊本県","熊本市中央区","","","⑬ その他の食料・飲料販売業","","","","","","","","","","","","","","","","届出","",""
"043100","fBiz00000737790000000035","熊本県","熊本市中央区","一風堂　健軍東町店","イップウドウ　ケングンヒガシマチテン","① 飲食店営業","ラーメン店","熊本県熊本市東区東町4丁目2－1","",32.786485,130.760541,"096-234-6039","株式会社力の源カンパニー","6290001064472","福岡県福岡市中央区大名一丁目１３番１４号","指令（食保）第50335号",2022/11/18,2022/11/18,2022/11/18,2029/11/30,"","許可","なし",""
"043100","fBiz00000739390000000012","熊本県","熊本市中央区","医療法人　室原会　菊南病院","イリョウホウジン　ムロハラカイ　キクナンビョウイン","① 飲食店営業","飲食店営業","熊本県熊本市北区鶴羽田３丁目１−５３","",32.858831,130.726866,"096-344-1711","日清医療食品株式会社","9010001063474","東京都千代田区丸の内２丁目７番３号","指令（食保）第51288号",2022/04/01,2022/04/01,2022/04/01,2029/05/31,"","許可","",""
"043100","fBiz00000739390000000013","熊本県","熊本市中央区","社会福祉法人　愛育学園　福祉型障害児入所施設　愛育学園","シャカイフクシホウジン　アイイクガクエン　フクシガタショウガイジニュウショシセツ　アイイクガクエン","① 飲食店営業","飲食店営業","熊本県熊本市北区清水新地1丁目3-1","",32.848764,130.730569,"096-344-8705","日清医療食品株式会社","9010001063474","東京都千代田区丸の内２丁目７番３号","指令（食保）第51287号",2022/04/01,2022/04/01,2022/04/01,2028/05/31,"","許可","",""
"043100","fBiz00000739390000000014","熊本県","熊本市中央区","ナーシングホームはなぞの","ナーシングホームハナゾノ","① 飲食店営業","飲食店営業","熊本県熊本市西区花園1丁目12-8","",32.812525,130.696684,"","日清医療食品株式会社","9010001063474","東京都千代田区丸の内２丁目７番３号","指令（食保）第51309号",2022/04/13,2022/04/13,2022/04/13,2028/05/31,"","許可","",""
"043100","fBiz00000739390000000038","熊本県","熊本市中央区","メディケア癒やし京町台","メディケアイヤシキョウマチダイ","① 飲食店営業","飲食店営業","熊本県熊本市西区津浦町4-13","",32.823056,130.708648,"096-273-7610","日清医療食品株式会社","9010001063474","東京都千代田区丸の内２丁目７番３号","指令（食保）第50495号",2023/03/23,2023/03/23,2023/03/23,2030/05/31,"","許可","",""
"043100","fBiz00000740000000000051","熊本県","熊本市中央区","スマートNICO　ＫＩＳ本社","スマートニコ　ケーアイエスホンシャ","⑬ その他の食料・飲料販売業","無人コンビニ","熊本県熊本市南区幸田1-6-27","",32.766482,130.716685,"","イオン九州株式会社","6290001017604","福岡県福岡市東区香椎浜２丁目８番３０号","","","","","","","届出","",""
"043100","fBiz00000740000000000052","熊本県","熊本市中央区","スマートNICO　KISラボ","スマートニコ　ケーアイエスラボ","⑬ その他の食料・飲料販売業","無人コンビニ","熊本県熊本市南区幸田1-4-7","",32.767008,130.714976,"","イオン九州株式会社","6290001017604","福岡県福岡市東区香椎浜２丁目８番３０号","","","","","","","届出","",""
"043100","fBiz00001068550000000001","熊本県","熊本市中央区","","","⑦ 野菜果物販売業","","","","","","","","","","","","","","","","届出","",""
"043100","fBiz00000740000000000067","熊本県","熊本市中央区","スマートＮＩＣＯ　株式会社カネイチ","スマートニコ　カブシキガイシャカネイチ","⑬ その他の食料・飲料販売業","","熊本県熊本市西区上代5-2-66","",32.775864,130.670247,"096-323-2745","イオン九州株式会社","6290001017604","福岡県福岡市東区香椎浜２丁目８番３０号","","","","","","","届出","",""
"043100","fBiz00000741210000000005","熊本県","熊本市中央区","","","⑬ その他の食料・飲料販売業","","","","","","","","","","","","","","","","届出","",""
"043100","fBiz00000741210000000009","熊本県","熊本市中央区","","","⑬ その他の食料・飲料販売業","","","","","","","","","","","","","","","","届出","",""
"043100","fBiz00000743520000000002","熊本県","熊本市中央区","パディーマーケット","パディーマーケット","⑪ 百貨店、総合スーパー","スーパーマーケット","熊本県熊本市西区城山半田1丁目2番25号","",32.776702,130.656849,"096-329-1733","株式会社エムアンドエス","4330001017015","熊本県熊本市西区城山半田1丁目2番25号","","","","","","","届出","",""
"043100","fBiz00000744960000000001","熊本県","熊本市中央区","","","⑬ その他の食料・飲料販売業","食品販売業","","","","","","","","","","","","","","","届出","",""
"043100","fBiz00000753970000000004","熊本県","熊本市中央区","アウトレット","アウトレット","③ 乳類販売業","","熊本県熊本市北区植木町舞尾671","",32.897743,130.681793,"096-272-2123","株式会社リョーユーパン","2290001041302","福岡県大野城市旭ケ丘1丁目7-1","","","","","","","届出","",""
"043100","fBiz00000753970000000004","熊本県","熊本市中央区","アウトレット","アウトレット","⑥ 弁当販売業","","熊本県熊本市北区植木町舞尾671","",32.897743,130.681793,"096-272-2123","株式会社リョーユーパン","2290001041302","福岡県大野城市旭ケ丘1丁目7-1","","","","","","","届出","",""
"043100","fBiz00000753970000000004","熊本県","熊本市中央区","アウトレット","アウトレット","⑬ その他の食料・飲料販売業","","熊本県熊本市北区植木町舞尾671","",32.897743,130.681793,"096-272-2123","株式会社リョーユーパン","2290001041302","福岡県大野城市旭ケ丘1丁目7-1","","","","","","","届出","",""
"043100","fBiz00000775750000000002","熊本県","熊本市中央区","","","㉖ 集団給食施設","施設給食","","","","","","","","","","","","","","","届出","",""
"043100","fBiz00000783920000000001","熊本県","熊本市中央区","セブンイレブン熊本尾ノ上1丁目","セブンイレブンクマモトオノウエイチチョウメ","⑩ コンビニエンスストア","","熊本県熊本市東区尾ノ上１丁目５-１","",32.788324,130.750265,"0963683171","高目翼","","熊本県熊本市東区尾ノ上一丁目5-1","","","","","","","届出","",""
"043100","fBiz00000787220000000001","熊本県","熊本市中央区","","","③ 乳類販売業","自営業","","","","","","","","","","","","","","","届出","",""
"043100","fBiz00000787220000000001","熊本県","熊本市中央区","","","⑦ 野菜果物販売業","自営業","","","","","","","","","","","","","","","届出","",""
"043100","fBiz00000795680000000002","熊本県","熊本市中央区","さしより　cafe","サシヨリ　カフェ","⑥ 弁当販売業","","熊本県熊本市南区城南町塚原252","",32.691739,130.741957,"0964275820","社会福祉法人　慶信会　城南学園　じょうなんみなサポ","8330005005441","熊本県熊本市南区城南町塚原252","","","","","","","届出","",""
"043100","fBiz00000800760000000002","熊本県","熊本市中央区","","","① 魚介類販売業（包装済みの魚介類のみの販売）","","","","","","","","","","","","","","","","届出","",""
"043100","fBiz00000800760000000002","熊本県","熊本市中央区","","","③ 乳類販売業","","","","","","","","","","","","","","","","届出","",""
"043100","fBiz00000800760000000002","熊本県","熊本市中央区","","","④ 氷雪販売業","","","","","","","","","","","","","","","","届出","",""
"043100","fBiz00000800760000000002","熊本県","熊本市中央区","","","⑥ 弁当販売業","","","","","","","","","","","","","","","","届出","",""
"043100","fBiz00000800760000000002","熊本県","熊本市中央区","","","⑦ 野菜果物販売業","","","","","","","","","","","","","","","","届出","",""
"043100","fBiz00000800760000000002","熊本県","熊本市中央区","","","⑧ 米穀類販売業","","","","","","","","","","","","","","","","届出","",""
"043100","fBiz00000800760000000002","熊本県","熊本市中央区","","","⑬ その他の食料・飲料販売業","","","","","","","","","","","","","","","","届出","",""
"043100","fBiz00000800760000000002","熊本県","熊本市中央区","","","㉙ その他","","","","","","","","","","","","","","","","届出","",""
"043100","fBiz00000801980000000001","熊本県","熊本市中央区","株式会社吉平物産","カブシキガイシャヨシヒラブッサン","⑬ その他の食料・飲料販売業","","熊本県熊本市西区城山大塘2丁目2-10","",32.782338,130.656564,"0963114568","株式会社吉平物産","7330001004860","熊本県熊本市西区城山大塘２丁目２番１０号","","","","","","","届出","",""
"043100","fBiz00000808780000000001","熊本県","熊本市中央区","セブンイレブン熊本龍田小学校前店","セブンイレブンクマモトタツダショウガッコウマエテン","⑩ コンビニエンスストア","","熊本県熊本市北区龍田7丁目5-39","",32.835317,130.758834,"0963391860","山口哲郎","","熊本県熊本市北区龍田７丁目５－３９","","","","","","","届出","",""
"043100","fBiz00000816760000000001","熊本県","熊本市中央区","プルミエクリュ","プルミエクリュ","⑬ その他の食料・飲料販売業","小売業","熊本県熊本市東区西原1-22-38","",32.814715,130.755407,"0963822622","ラ・コンパニKetK株式会社","3330001021273","熊本県熊本市東区長嶺東2-11-88","","","","","","","届出","",""
"043100","fBiz00000820420000000003","熊本県","熊本市中央区","","","⑬ その他の食料・飲料販売業","","","","","","","","","","","","","","","","届出","",""
"043100","fBiz00000829540000000003","熊本県","熊本市中央区","","","⑬ その他の食料・飲料販売業","小売業","","","","","","","","","","","","","","","届出","",""
"043100","fBiz00000835310000000064","熊本県","熊本市中央区","花咲　マルミヤ秋津","ハナサキ　マルミヤアキツ","① 飲食店営業","弁当惣菜製造業","熊本県熊本市東区秋津町秋田3446-28","",32.762365,130.769653,"096-367-0843","東洋食品株式会社","2290801005547","福岡県北九州市門司区黄金町6-28","指令(食保)第50638号",2023/05/26,2023/05/26,2023/06/01,2029/05/31,"","許可","無",""
"043100","fBiz00000838870000000003","熊本県","熊本市中央区","熊本県立第二高等学校りんどう会購買部","クマモトケンリツダイニコウトウガッコウリンドウカイコウバイブ","⑬ その他の食料・飲料販売業","","熊本県熊本市東区東町３－１３－１","",32.781966,130.766779,"0963696507","熊本県立第二高等学校りんどうかい購買部","8700150062638","熊本県熊本市東区東町３－１３－１","","","","","","","届出","",""
"043100","fBiz00000840610000000001","熊本県","熊本市中央区","森川ローヤルゼリー株式会社","モリカワローヤルゼリーカブシキガイシャ","⑮ いわゆる健康食品の製造・加工業","","熊本県熊本市南区富合町杉島１１５３－４","",32.730674,130.679582,"0963571411","森川ローヤルゼリー株式会社","8330001008662","熊本県熊本市南区富合町杉島１１５３番地４","","","","","","","届出","",""
"043100","fBiz00000844020000000001","熊本県","熊本市中央区","乃が美はなれ熊本小峯店","ノガミハナレクマモトテン","㉔ その他の食料品製造・加工業","","熊本県熊本市東区月出5-3-10","",32.803729,130.774069,"096-285-8511","株式会社くうぽん","2290001076117","福岡県福岡市中央区荒戸1-3-18","","","","","","","届出","",""
"043100","fBiz00001068550000000002","熊本県","熊本市中央区","","","① 魚介類販売業（包装済みの魚介類のみの販売）","","","","","","","","","","","","","","","","届出","",""
"043100","fBiz00000851390000000001","熊本県","熊本市中央区","ファミリーマート熊本濟々黌高前店","ファミリーマートクマモトセイセイコウコウマエテン","⑩ コンビニエンスストア","コンビニエンスストア","熊本県熊本市中央区黒髪2丁目18-7","",32.817562,130.721164,"096-341-3180","GaBoo株式会社","5330001018664","熊本県熊本市中央区大江6丁目26-10","","","","","","","届出","",""
"043100","fBiz00000851390000000005","熊本県","熊本市中央区","ファミリーマート熊本水前寺公園店","ファミリーマートクマモトスイゼンジコウエンテン","⑩ コンビニエンスストア","コンビニエンスストア","熊本県熊本市中央区水前寺公園16-50","",32.788260,130.737834,"096-213-6575","GaBoo株式会社","5330001018664","熊本県熊本市中央区大江6丁目26-10","","","","","","","届出","",""
"043100","fBiz00000851390000000006","熊本県","熊本市中央区","ファミリーマート熊本尾ノ上4丁目店","ファミリーマートクマモトオノウエトンチョウメテン","⑩ コンビニエンスストア","コンビニエンスストア","熊本県熊本市東区尾ノ上4丁目11-246","",32.798982,130.762454,"096-3318-6733","GaBoo株式会社","5330001018664","熊本県熊本市中央区大江6丁目26-10","","","","","","","届出","",""
"043100","fBiz00000851390000000007","熊本県","熊本市中央区","ファミリーマート熊本出仲間3丁目店","ファミリーマートクマモトイデナカマサンチョウメテン","⑩ コンビニエンスストア","コンビニエンスストア","熊本県熊本市南区出仲間3丁目4-137","",32.769911,130.708747,"096-377-1377","GaBoo株式会社","5330001018664","熊本県熊本市中央区大江6丁目26-10","","","","","","","届出","",""
"043100","fBiz00000851390000000008","熊本県","熊本市中央区","ファミリーマート熊本市役所前店","ファミリーマートクマモトシヤクショマエテン","⑩ コンビニエンスストア","コンビニエンスストア","熊本県熊本市中央区花畑町9-6","森苑ビル1F",32.802556,130.707604,"096-311-7810","GaBoo株式会社","5330001018664","熊本県熊本市中央区大江6丁目26-10","","","","","","","届出","",""
"043100","fBiz00000851390000000009","熊本県","熊本市中央区","ファミリーマート熊本広木町店","ファミリーマートクマモトヒロギマチテン","⑩ コンビニエンスストア","コンビニエンスストア","熊本県熊本市東区広木町30-55","",32.768547,130.759132,"096-331-6606","GaBoo株式会社","5330001018664","熊本県熊本市中央区大江6丁目26-10","","","","","","","届出","",""
"043100","fBiz00000853100000000001","熊本県","熊本市中央区","熊本ネクストソサエティ株式会社","クマモトネクストソサエティカブシキガイシャ","⑫ 自動販売機による販売業（コップ式自動販売機（自動洗浄・屋内設置）及び営業許可の対象となる自動販売機を除く）","","熊本県熊本市東区尾ノ上１丁目３４−１０","",32.792579,130.751910,"","熊本ネクストソサエティ株式会社","1330001010179","熊本県熊本市中央区上通町４番１１号司ビル３Ｆ","","","","","","","届出","",""
"043100","fBiz00000854710000000009","熊本県","熊本市中央区","株式会社ミスターマックス熊本南店","カブシキガイシャミスターマックスクマモトミナミテン","⑪ 百貨店、総合スーパー","","熊本県熊本市南区十禅寺3-4-14","",32.775972,130.697634,"096-311-2555","株式会社ミスターマックス","7290001076913","福岡県福岡市東区松田１丁目５番７号","","","","","","","届出","",""
"043100","fBiz00000854710000000025","熊本県","熊本市中央区","株式会社ミスターマックス熊本北店","カブシキガイシャミスターマックスクマモトキタテン","⑪ 百貨店、総合スーパー","","熊本県熊本市北区津浦町31-20","",32.829712,130.711140,"096-354-5000","株式会社ミスターマックス","7290001076913","福岡県福岡市東区松田１丁目５番７号","","","","","","","届出","",""
"043100","fBiz00000854710000000027","熊本県","熊本市中央区","株式会社ミスターマックス熊本インター店","カブシキガイシャミスターマックスクマモトインターテン","⑪ 百貨店、総合スーパー","","熊本県熊本市東区石原1-1-111","",32.839048,130.777555,"096-380-7788","株式会社ミスターマックス","7290001076913","福岡県福岡市東区松田１丁目５番７号","","","","","","","届出","",""
"043100","fBiz00000855810000000001","熊本県","熊本市中央区","ホテル日航熊本　ケーキショップ「ラ・パティシエール」","ホテルニッコウクマモトケーキショップラ・パティシエール","⑬ その他の食料・飲料販売業","","熊本県熊本市中央区上通町２番１号","ホテル日航熊本　１Ｆ",32.803403,130.711232,"0962111111","くまもと新世紀株式会社","5330001005423","熊本県熊本市中央区上通町２番１号","","","","","","","届出","",""
"043100","fBiz00000863170000000001","熊本県","熊本市中央区","浜田醤油株式会社","ハマダショウユカブシキガイシャ","⑱ 調味料製造・加工業","小売業","熊本県熊本市西区小島6丁目9-1","",32.777161,130.635954,"096-329-7111","浜田醤油株式会社","6330001003814","熊本県熊本市西区小島6丁目9-1","","","","","","","届出","",""
"043100","fBiz00000872520000000001","熊本県","熊本市中央区","SAKURA DELICA","サクラデリカ","⑬ その他の食料・飲料販売業","小売業・通信販売","熊本県熊本市中央区世安町155","",32.782571,130.698055,"096-362-3390","株式会社SAKURA DELICA","9330001027496","熊本県熊本市中央区世安１丁目2番34号","","","","","","","届出","",""
"043100","fBiz00000872520000000004","熊本県","熊本市中央区","熊本県立総合体育館","クマモトケンリツソウゴウタイイクカン","⑬ その他の食料・飲料販売業","","熊本県熊本市西区上熊本１丁目9-289-28","",32.814277,130.701596,"","株式会社SAKURA DELICA","9330001027496","熊本県熊本市中央区世安１丁目2番34号","","","","","","","届出","",""
"043100","fBiz00000872520000000005","熊本県","熊本市中央区","くまもと春の植木市","クマモトハルノウエキイチ","⑬ その他の食料・飲料販売業","","熊本県熊本市中央区本山２丁目","",32.791387,130.696208,"","株式会社SAKURA DELICA","9330001027496","熊本県熊本市中央区世安１丁目2番34号","","","","","","","届出","",""
"043100","fBiz00000880980000000009","熊本県","熊本市中央区","KFC東バイパス","ケンタッキー・フライド・チキンヒガシバイパステン","⑬ その他の食料・飲料販売業","小売り","熊本県熊本市東区下南部3-1-15","",32.819772,130.756304,"096-386-1251","株式会社Misumi","4340001004160","鹿児島県鹿児島市卸本町7番地20","","","","","","","届出","",""
"043100","fBiz00000880980000000010","熊本県","熊本市中央区","KFC健軍店","ケンタッキー・フライド・チキンケングンテン","⑬ その他の食料・飲料販売業","小売り","熊本県熊本市東区新生1-1-16","",32.779853,130.756058,"096-331-1212","株式会社Misumi","4340001004160","鹿児島県鹿児島市卸本町7番地20","","","","","","","届出","",""
"043100","fBiz00000880980000000011","熊本県","熊本市中央区","KFC清水BP店","ケンタッキー・フライド・チキンシミズバイパステン","⑬ その他の食料・飲料販売業","小売り","熊本県熊本市中央区坪井6-19-8","",32.817545,130.717223,"096-341-1220","株式会社Misumi","4340001004160","鹿児島県鹿児島市卸本町7番地20","","","","","","","届出","",""
"043100","fBiz00001068550000000002","熊本県","熊本市中央区","","","② 食肉販売業（包装済みの食肉のみの販売）","","","","","","","","","","","","","","","","届出","",""
"043100","fBiz00001068550000000002","熊本県","熊本市中央区","","","③ 乳類販売業","","","","","","","","","","","","","","","","届出","",""
"043100","fBiz00000880980000000013","熊本県","熊本市中央区","KFC熊本富合店","ケンタッキー・フライド・チキンクマモトトミアイテン","⑬ その他の食料・飲料販売業","小売り","熊本県熊本市南区富合町田尻164-1","",32.704432,130.673838,"096-358-7732","株式会社Misumi","4340001004160","鹿児島県鹿児島市卸本町7番地20","","","","","","","届出","",""
"043100","fBiz00000880980000000017","熊本県","熊本市中央区","KFC浜線BP店","ケンタッキー・フライド・チキン","⑬ その他の食料・飲料販売業","小売り","熊本県熊本市南区出仲間9-6-40","",32.770821,130.721885,"096-373-2338","株式会社Misumi","4340001004160","鹿児島県鹿児島市卸本町7番地20","","","","","","","届出","",""
"043100","fBiz00000880980000000044","熊本県","熊本市中央区","ケンタッキーフライドチキン浜線バイパス店","ケンタッキフライドチキンハマセンバイパステン","① 飲食店営業","","熊本県熊本市南区出仲間9-6-40","",32.770821,130.721884,"","株式会社Misumi","4340001004160","鹿児島県鹿児島市卸本町7番地20","指令（食保）第50642号",2023/05/31,2023/05/31,2023/06/01,2029/05/31,"","許可","",""
"043100","fBiz00000880980000000044","熊本県","熊本市中央区","ケンタッキーフライドチキン浜線バイパス店","ケンタッキフライドチキンハマセンバイパステン","⑬ その他の食料・飲料販売業","","熊本県熊本市南区出仲間9-6-40","",32.770821,130.721884,"","株式会社Misumi","4340001004160","鹿児島県鹿児島市卸本町7番地20","","","","","","","届出","",""
"043100","fBiz00000902120000000001","熊本県","熊本市中央区","","","⑪ 百貨店、総合スーパー","","","","","","","","","","","","","","","","届出","",""
"043100","fBiz00000902120000000002","熊本県","熊本市中央区","","","⑪ 百貨店、総合スーパー","","","","","","","","","","","","","","","","届出","",""
"043100","fBiz00000911190000000004","熊本県","熊本市中央区","","","⑬ その他の食料・飲料販売業","観光列車","","","","","","","","","","","","","","","届出","",""
"043100","fBiz00000911190000000005","熊本県","熊本市中央区","","","⑬ その他の食料・飲料販売業","","","","","","","","","","","","","","","","届出","",""
"043100","fBiz00000911190000000006","熊本県","熊本市中央区","","","⑬ その他の食料・飲料販売業","","","","","","","","","","","","","","","","届出","",""
"043100","fBiz00000911190000000007","熊本県","熊本市中央区","","","⑬ その他の食料・飲料販売業","観光列車","","","","","","","","","","","","","","","届出","",""
"043100","fBiz00000915740000000001","熊本県","熊本市中央区","FFSうちだ","エフエフエスウチダ","⑩ コンビニエンスストア","コンビニエンスストア","熊本県熊本市北区植木町鞍掛1547","",32.901827,130.676018,"096-272-0835","内田久美子","","熊本県熊本市北区植木町鞍掛1547","","","","","","","届出","",""
"043100","fBiz00000918560000000004","熊本県","熊本市中央区","office28","オフィスツーエイト","⑬ その他の食料・飲料販売業","","熊本県熊本市西区春日3-15-26","アミュプラザ熊本1F肥後よかもん市場",32.788900,130.688284,"09077560606","森田大和","","兵庫県芦屋市浜芦屋町9-2","","","","","","","届出","",""
"043100","fBiz00000919470000000256","熊本県","熊本市中央区","スシロー熊本鹿子木店","スシロークマモトカノコギテン","① 飲食店営業","すし屋","熊本県熊本市北区鹿子木町字花ノ木186番","",32.873067,130.699378,"096-215-9561","株式会社あきんどスシロー","4010001148370","大阪府吹田市江坂町1-22-2","指令（食保）第51660号",2024/10/15,2024/10/15,2024/12/01,2031/11/30,"","許可","",""
"043100","fBiz00000919470000000256","熊本県","熊本市中央区","","","① 魚介類販売業（包装済みの魚介類のみの販売）","","","","","","","","","","","","","","","","届出","",""
"043100","fBiz00000919470000000261","熊本県","熊本市中央区","スシロー熊本富合店","スシロークマモトトミアイテン","① 飲食店営業","すし屋","熊本県熊本市南区富合町清藤字壱町田84-1","",35.182771,136.809723,"096-320-2136","株式会社あきんどスシロー","4010001148370","大阪府吹田市江坂町1-22-2","指令(食保)第50802号",2023/08/17,2023/08/17,2023/09/01,2029/08/31,"","許可","",""
"043100","fBiz00000919470000000261","熊本県","熊本市中央区","","","① 魚介類販売業（包装済みの魚介類のみの販売）","","","","","","","","","","","","","","","","届出","",""
"043100","fBiz00000919470000000276","熊本県","熊本市中央区","","","① 魚介類販売業（包装済みの魚介類のみの販売）","","","","","","","","","","","","","","","","届出","",""
"043100","fBiz00000919470000000284","熊本県","熊本市中央区","スシロー熊本本山店","スシロークマモトモトヤマテン","① 飲食店営業","すし屋","熊本県熊本市中央区世安町28-1","",32.784173,130.699887,"096-373-1661","株式会社あきんどスシロー","4010001148370","大阪府吹田市江坂町1-22-2","指令（食保）第50331号",2022/11/17,2022/11/17,2022/12/01,2028/11/30,"","許可","",""
"043100","fBiz00000919470000000284","熊本県","熊本市中央区","","","① 魚介類販売業（包装済みの魚介類のみの販売）","","","","","","","","","","","","","","","","届出","",""
"043100","fBiz00000919470000000314","熊本県","熊本市中央区","","","① 魚介類販売業（包装済みの魚介類のみの販売）","","","","","","","","","","","","","","","","届出","",""
"043100","fBiz00000919470000000863","熊本県","熊本市中央区","スシロー熊本上通店","スシローカミトオリテン","① 飲食店営業","すし屋","熊本県熊本市中央区上通町1-22","大進プラザビル2階",32.803301,130.710251,"096-321-7033","株式会社あきんどスシロー","4010001148370","大阪府吹田市江坂町1-22-2","指令（食保）第52173号",2025/08/14,2025/08/14,2025/08/14,2032/08/31,"","許可","",""
"043100","fBiz00000919470000000863","熊本県","熊本市中央区","スシロー熊本上通店","スシローカミトオリテン","① 魚介類販売業（包装済みの魚介類のみの販売）","すし屋","熊本県熊本市中央区上通町1-22","大進プラザビル2階",32.803247,130.710292,"","株式会社あきんどスシロー","4010001148370","大阪府吹田市江坂町1-22-2","","","","","","","届出","",""
"043100","fBiz00000952000000000001","熊本県","熊本市中央区","","","⑬ その他の食料・飲料販売業","","","","","","","","","","","","","","","","届出","",""
"043100","fBiz00000954870000000001","熊本県","熊本市中央区","濵かつ熊本龍田店","ハマカツクマモトタツダテン","⑬ その他の食料・飲料販売業","","熊本県熊本市北区弓削４－１－６８","",32.850853,130.782575,"0963394831","","","","","","","","","","届出","",""
"043100","fBiz00000966390000000003","熊本県","熊本市中央区","ルーツ　ピュアリィ","ルーツ　ピュアリィ","⑬ その他の食料・飲料販売業","その他の小売店","熊本県熊本市中央区中唐人町15","",32.797209,130.698097,"096-323-1551","かねくら株式会社","5330001000804","熊本県熊本市中央区紺屋町１丁目１７番地","","","","","","","届出","",""
"043100","fBiz00000966390000000004","熊本県","熊本市中央区","ルーツ　ピュアリィ（宅配）","ルーツ　ピュアリィタクハイ","⑬ その他の食料・飲料販売業","通信販売","熊本県熊本市中央区紺屋町一丁目17番","ECO-WING21　1階",32.795311,130.700108,"096-288-1561","かねくら株式会社","5330001000804","熊本県熊本市中央区紺屋町１丁目１７番地","","","","","","","届出","",""
"043100","fBiz00000968880000000004","熊本県","熊本市中央区","積水ハウスdeマルシェ 御食事処大丸","セキスイハウスデマルシェ オショクジドコロダイマル","⑥ 弁当販売業","","熊本県熊本市南区島町４丁目１","",32.762886,130.682577,"","高見渚","","熊本県宇城市三角町三角浦９２０－７","","","","","","","届出","",""
"043100","fBiz00001068550000000002","熊本県","熊本市中央区","","","⑥ 弁当販売業","","","","","","","","","","","","","","","","届出","",""
"043100","fBiz00000969680000000004","熊本県","熊本市中央区","MASTARS　CAFE水前寺店","マスターズカフェスイゼンジテン","⑬ その他の食料・飲料販売業","カフェ","熊本県熊本市中央区水前寺5丁目17-6","",32.796552,130.736409,"0963842001","コア・プロジェクト株式会社","7330001008242","熊本県熊本市中央区水前寺５丁目１７番６号","","","","","","","届出","",""
"043100","fBiz00000979370000000002","熊本県","熊本市中央区","ビオ天粧錦ヶ丘","ビオテンショウニシキガオカ","⑪ 百貨店、総合スーパー","食品小売業","熊本県熊本市東区錦ケ丘14-16","",32.790476,130.756232,"","福山亮三","","","","","","","","","届出","",""
"043100","fBiz00000987260000000001","熊本県","熊本市中央区","","","⑦ 野菜果物販売業","","","","","","","","","","","","","","","","届出","",""
"043100","fBiz00000991230000000076","熊本県","熊本市中央区","はま寿司　熊本佐土原店","ハマズシ　クマモトサドワラテン","① 飲食店営業","","熊本県熊本市東区佐土原二丁目7番73号","",32.793260,130.781479,"","株式会社はま寿司","7010401052896","東京都港区港南二丁目18番1号","指令（食保）第51544号",2024/08/01,2024/08/01,2024/09/01,2029/08/31,"","許可","",""
"043100","fBiz00000993370000000001","熊本県","熊本市中央区","サンリブ清水店","サンリブシミズテン","⑦ 野菜果物販売業","","熊本県熊本市北区麻生田３丁目1-1","",32.848941,130.741079,"0962007950","株式会社藤本物産","7330001004084","熊本県熊本市西区田崎町414-12","","","","","","","届出","",""
"043100","fBiz00000993870000000160","熊本県","熊本市中央区","元祖油堂　熊本下通店","ガンソアブラドウ　クマモトシモトオリテン","① 飲食店営業","ラーメン","熊本県熊本市中央区下通1-4-14","",32.801691,130.708639,"","株式会社ギフト","1012301012548","東京都渋谷区桜丘町1番1号渋谷サクラステージ　ＳＨＩＢＵＹＡタワー","指令（食保）第52239号",2025/10/16,2025/10/16,2025/10/16,2031/11/30,"","許可","",""
"043100","fBiz00000994540000000001","熊本県","熊本市中央区","社会就労センター　ライン工房","シャカイシュウロウセンター　ラインコウボウ","㉖ 集団給食施設","","熊本県熊本市東区戸島5-8-6","",32.823509,130.797785,"0963805752","社会福祉法人　ライン工房","3330005001560","熊本県熊本市東区戸島5-8-6","","","","","","","届出","",""
"043100","fBiz00000996170000000007","熊本県","熊本市中央区","","","⑫ 自動販売機による販売業（コップ式自動販売機（自動洗浄・屋内設置）及び営業許可の対象となる自動販売機を除く）","自動販売機","","","","","","","","","","","","","","","届出","",""
"043100","fBiz00000996170000000008","熊本県","熊本市中央区","","","⑫ 自動販売機による販売業（コップ式自動販売機（自動洗浄・屋内設置）及び営業許可の対象となる自動販売機を除く）","","","","","","","","","","","","","","","","届出","",""
"043100","fBiz00000998360000000002","熊本県","熊本市中央区","","","⑦ 野菜果物販売業","","","","","","","","","","","","","","","","届出","",""
"043100","fBiz00000998740000000001","熊本県","熊本市中央区","株式会社園田青果","カブシキガイシャソノダセイカ","⑦ 野菜果物販売業","","熊本県熊本市西区田崎町４８４番地","",32.781860,130.676946,"0963232343","株式会社園田青果","6330001002650","熊本県熊本市西区田崎町４８４番地","","","","","","","届出","",""
"043100","fBiz00001001240000000002","熊本県","熊本市中央区","","","⑬ その他の食料・飲料販売業","","","","","","","","","","","","","","","","届出","",""
"043100","fBiz00001001240000000005","熊本県","熊本市中央区","","","⑬ その他の食料・飲料販売業","","","","","","","","","","","","","","","","届出","",""
"043100","fBiz00001001370000000001","熊本県","熊本市中央区","","","⑦ 野菜果物販売業","野菜果物販売業（学校給食及びインターネット通販）","","","","","","","","","","","","","","","届出","",""
"043100","fBiz00001006130000000001","熊本県","熊本市中央区","熊本大同青果株式会社","クマモトダイドウセイカ","⑦ 野菜果物販売業","青果卸売業","熊本県熊本市西区田崎町４８４","",32.781860,130.676946,"0963232500","熊本大同青果株式会社","9330001008471","熊本県熊本市西区田崎町４８４番地","","","","","","","届出","",""
"043100","fBiz00001007960000000002","熊本県","熊本市中央区","(有)山崎商店","ユウゲンガイシャヤマサキショウテン","⑬ その他の食料・飲料販売業","","熊本県熊本市中央区新町4-2-5","",32.799542,130.696743,"0963252112","(有)山崎商店","3330002015142","熊本県熊本市中央区新町4-2-5","","","","","","","届出","",""
"043100","fBiz00001009590000000226","熊本県","熊本市中央区","ゆめタウンはません店　２Ｆ","ユメタウンハマセンテン　ニカイ","⑫ 自動販売機による販売業（コップ式自動販売機（自動洗浄・屋内設置）及び営業許可の対象となる自動販売機を除く）","","熊本県熊本市南区田井島１－２－１","",32.770146,130.727830,"","株式会社ロッテ","1011101044248","東京都新宿区西新宿3-20-1","","","","","","","届出","",""
"043100","fBiz00001009590000000230","熊本県","熊本市中央区","ゆめタウンはません店　３Ｆ","ユメタウンハマセンテン　サンカイ","⑫ 自動販売機による販売業（コップ式自動販売機（自動洗浄・屋内設置）及び営業許可の対象となる自動販売機を除く）","","熊本県熊本市南区田井島１－２－１","",32.770146,130.727830,"","株式会社ロッテ","1011101044248","東京都新宿区西新宿3-20-1","","","","","","","届出","",""
"043100","fBiz00001009590000000231","熊本県","熊本市中央区","ゆめタウンはません店　従業員食堂","ユメタウンハマセンテン　ジュウギョウインショクドウ","⑫ 自動販売機による販売業（コップ式自動販売機（自動洗浄・屋内設置）及び営業許可の対象となる自動販売機を除く）","","熊本県熊本市南区田井島１－２－１","",32.770146,130.727830,"","株式会社ロッテ","1011101044248","東京都新宿区西新宿3-20-1","","","","","","","届出","",""
"043100","fBiz00001009590000000308","熊本県","熊本市中央区","ピースフル優祐悠（ゆうゆうゆう）","ピースフルユウユウユウ ユウユウユウ","⑫ 自動販売機による販売業（コップ式自動販売機（自動洗浄・屋内設置）及び営業許可の対象となる自動販売機を除く）","","熊本県熊本市東区下南部３－１１－１３６","",32.822223,130.759500,"","株式会社ロッテ","1011101044248","東京都新宿区西新宿3-20-1","","","","","","","届出","",""
"043100","fBiz00001009590000000310","熊本県","熊本市中央区","ダイナムゆったり館植木店","ダイナムユッタリカンウエキテン","⑫ 自動販売機による販売業（コップ式自動販売機（自動洗浄・屋内設置）及び営業許可の対象となる自動販売機を除く）","","熊本県熊本市北区植木町岩野福天神１７９３","",32.911363,130.700645,"","株式会社ロッテ","1011101044248","東京都新宿区西新宿3-20-1","","","","","","","届出","",""
"043100","fBiz00001009590000000317","熊本県","熊本市中央区","つかさ清水","ツカサシミズ","⑫ 自動販売機による販売業（コップ式自動販売機（自動洗浄・屋内設置）及び営業許可の対象となる自動販売機を除く）","","熊本県熊本市北区高平３丁目１２番４７号","",32.837220,130.718634,"","株式会社ロッテ","1011101044248","東京都新宿区西新宿3-20-1","","","","","","","届出","",""
"043100","fBiz00001068550000000002","熊本県","熊本市中央区","","","⑦ 野菜果物販売業","","","","","","","","","","","","","","","","届出","",""
"043100","fBiz00001068550000000002","熊本県","熊本市中央区","","","⑬ その他の食料・飲料販売業","","","","","","","","","","","","","","","","届出","",""
"043100","fBiz00001009590000000319","熊本県","熊本市中央区","つかさ東バイパス","ツカサヒガシバイパス","⑫ 自動販売機による販売業（コップ式自動販売機（自動洗浄・屋内設置）及び営業許可の対象となる自動販売機を除く）","","熊本県熊本市東区御領５－１３－１","",32.827882,130.768377,"","株式会社ロッテ","1011101044248","東京都新宿区西新宿3-20-1","","","","","","","届出","",""
"043100","fBiz00001009590000000320","熊本県","熊本市中央区","つかさ田崎","ツカサタザキ","⑫ 自動販売機による販売業（コップ式自動販売機（自動洗浄・屋内設置）及び営業許可の対象となる自動販売機を除く）","","熊本県熊本市西区春日７－１０－２３","",32.786940,130.673950,"","株式会社ロッテ","1011101044248","東京都新宿区西新宿3-20-1","","","","","","","届出","",""
"043100","fBiz00001009590000000323","熊本県","熊本市中央区","モナコパレス浜線","モナコパレスハマセン","⑫ 自動販売機による販売業（コップ式自動販売機（自動洗浄・屋内設置）及び営業許可の対象となる自動販売機を除く）","","熊本県熊本市南区田迎３丁目１０－１","",32.778455,130.715144,"","株式会社ロッテ","1011101044248","東京都新宿区西新宿3-20-1","","","","","","","届出","",""
"043100","fBiz00001009590000000324","熊本県","熊本市中央区","レフ熊本ｂｙベッセルホテルズ","レフクマモトバイベッセルホテルズ","⑫ 自動販売機による販売業（コップ式自動販売機（自動洗浄・屋内設置）及び営業許可の対象となる自動販売機を除く）","","熊本県熊本市中央区新市街７番２号","",32.799083,130.705295,"","株式会社ロッテ","1011101044248","東京都新宿区西新宿3-20-1","","","","","","","届出","",""
"043100","fBiz00001009590000000325","熊本県","熊本市中央区","つかさ新市街","ツカサシンシガイ","⑫ 自動販売機による販売業（コップ式自動販売機（自動洗浄・屋内設置）及び営業許可の対象となる自動販売機を除く）","","熊本県熊本市中央区新市街１－２０","",32.799396,130.705518,"","株式会社ロッテ","1011101044248","東京都新宿区西新宿3-20-1","","","","","","","届出","",""
"043100","fBiz00001009590000000326","熊本県","熊本市中央区","つかさ南高江","ツカサミナミタカエ","⑫ 自動販売機による販売業（コップ式自動販売機（自動洗浄・屋内設置）及び営業許可の対象となる自動販売機を除く）","","熊本県熊本市南区南高江５丁目１－３７","",32.751574,130.688363,"","株式会社ロッテ","1011101044248","東京都新宿区西新宿3-20-1","","","","","","","届出","",""
"043100","fBiz00001009590000000331","熊本県","熊本市中央区","楽市楽座熊本インター","ラクイチラクザクマモトインター","⑫ 自動販売機による販売業（コップ式自動販売機（自動洗浄・屋内設置）及び営業許可の対象となる自動販売機を除く）","","熊本県熊本市東区石原１－１－１１２","熊本インターショッピングセンター敷地内Ｂ棟",32.838159,130.777667,"","株式会社ロッテ","1011101044248","東京都新宿区西新宿3-20-1","","","","","","","届出","",""
"043100","fBiz00001009590000000332","熊本県","熊本市中央区","佐川急便　熊本営業所","サガワキュウビン　クマモトエイギョウショ","⑫ 自動販売機による販売業（コップ式自動販売機（自動洗浄・屋内設置）及び営業許可の対象となる自動販売機を除く）","","熊本県熊本市東区小山町１８１６－１","",32.828572,130.807463,"","株式会社ロッテ","1011101044248","東京都新宿区西新宿3-20-1","","","","","","","届出","",""
"043100","fBiz00001009590000000342","熊本県","熊本市中央区","流通団地ゴルフレンジウッディ","リュウツウダンチゴルフレンジウッディ","⑫ 自動販売機による販売業（コップ式自動販売機（自動洗浄・屋内設置）及び営業許可の対象となる自動販売機を除く）","","熊本県熊本市南区幸田２丁目２－１","",32.767798,130.711351,"","株式会社ロッテ","1011101044248","東京都新宿区西新宿3-20-1","","","","","","","届出","",""
"043100","fBiz00001009590000000343","熊本県","熊本市中央区","オートバックス浜線","オートバックスハマセン","⑫ 自動販売機による販売業（コップ式自動販売機（自動洗浄・屋内設置）及び営業許可の対象となる自動販売機を除く）","","熊本県熊本市南区出仲間７丁目１３－８","",32.770899,130.720382,"","株式会社ロッテ","1011101044248","東京都新宿区西新宿3-20-1","","","","","","","届出","",""
"043100","fBiz00001009590000002104","熊本県","熊本市中央区","ケーズデンキ熊本十禅寺店","ケーズデンキクマモトジュウゼンジテン","⑫ 自動販売機による販売業（コップ式自動販売機（自動洗浄・屋内設置）及び営業許可の対象となる自動販売機を除く）","","熊本県熊本市中央区十禅寺四丁目1番55号","",32.780114,130.698715,"096-371-3055","株式会社ロッテ","1011101044248","東京都新宿区西新宿3-20-1","","","","","","","届出","",""
"043100","fBiz00001013260000000004","熊本県","熊本市中央区","有限会社　成商事","ユウゲンカイシャ　セイショウジ","⑬ その他の食料・飲料販売業","病院売店","熊本県熊本市中央区岡田町12-24","",32.791904,130.721056,"0963731177","（有）成商事","3330002005770","熊本県熊本市中央区岡田町12-24","","","","","","","届出","",""
"043100","fBiz00001022580000000002","熊本県","熊本市中央区","Plus One","プラスワン","⑬ その他の食料・飲料販売業","食品販売業","熊本県熊本市中央区上水前寺2-22-5","",32.793969,130.745712,"0962841360","株式会社モータース２１","2330001018279","熊本県熊本市西区城山下代４丁目８番２８号","","","","","","","届出","",""
"043100","fBiz00001035130000000002","熊本県","熊本市中央区","","","⑦ 野菜果物販売業","食品販売業","","","","","","","","","","","","","","","届出","",""
"043100","fBiz00001035840000000001","熊本県","熊本市中央区","株式会社　淳匠","カブシキガイシャ　ジュンショウ","⑦ 野菜果物販売業","","熊本県熊本市西区高橋町2丁目4番18号","",32.786917,130.654096,"0963298032","株式会社　淳匠","9330001008810","熊本県熊本市西区高橋町2丁目4番18号","","","","","","","届出","",""
"043100","fBiz00001036130000000001","熊本県","熊本市中央区","竹田商店","タケダショウテン","㉑ 製茶業","小売業","熊本県熊本市南区城南町坂野2044","",32.723512,130.742664,"0964285701","竹田雄一郎","","熊本県熊本市南区城南町坂野2044","","","","","","","届出","",""
"043100","fBiz00001036550000000001","熊本県","熊本市中央区","","","⑦ 野菜果物販売業","卸売業","","","","","","","","","","","","","","","届出","",""
"043100","fBiz00001037970000000002","熊本県","熊本市中央区","","","⑬ その他の食料・飲料販売業","","","","","","","","","","","","","","","","届出","",""
"043100","fBiz00001043270000000001","熊本県","熊本市中央区","","","⑦ 野菜果物販売業","","","","","","","","","","","","","","","","届出","",""
"043100","fBiz00001047960000000001","熊本県","熊本市中央区","株式会社　水野商店","カブシキカイシャ　ミズノショウテン","⑦ 野菜果物販売業","青果店","熊本県熊本市西区上代２丁目１２４番１","",32.780484,130.673699,"096-322-5520","株式会社　水野商店","8330001006848","熊本県熊本市西区上代２丁目１２４番１","","","","","","","届出","",""
"043100","fBiz00001048550000000016","熊本県","熊本市中央区","","","⑬ その他の食料・飲料販売業","","","","","","","","","","","","","","","","届出","",""
"043100","fBiz00001062080000000001","熊本県","熊本市中央区","","","⑬ その他の食料・飲料販売業","","","","","","","","","","","","","","","","届出","",""
"043100","fBiz00001080590000000130","熊本県","熊本市中央区","宗家 源 吉兆庵　鶴屋百貨店","ソウケミナモトキッチョウアン　ツルヤヒャッカテン","⑬ その他の食料・飲料販売業","","熊本県熊本市中央区手取本町6番1号","鶴屋百貨店　B1F",32.802375,130.711039,"096-322-5170","株式会社宗家源吉兆庵","5010001122630","東京都中央区銀座6-9-8","","","","","","","届出","",""
"043100","fBiz00001083270000000001","熊本県","熊本市中央区","有限会社宮本精肉店","ユウゲンガイシャミヤモトセイニクテン","② 食肉販売業（包装済みの食肉のみの販売）","","熊本県熊本市中央区南熊本5-5-12","",32.785810,130.710476,"0963643678","有限会社宮本精肉店","6330002010421","熊本県熊本市中央区南熊本５丁目５番１２号","","","","","","","届出","",""
"043100","fBiz00001089890000000001","熊本県","熊本市中央区","株式会社イワタケ果実","カブシキガイシャ イワタケカジツ","⑦ 野菜果物販売業","","熊本県熊本市西区田崎町484","",32.781860,130.676946,"096-323-2846","","","","","","","","","","届出","",""
"043100","fBiz00001104420000000003","熊本県","熊本市中央区","ホルスコーヒー","ホルスコーヒー","⑯ コーヒー製造・加工業（飲料の製造を除く。）","オンラインストア","熊本県熊本市東区東野3丁目10-5","フォレストメゾンB103号",32.774006,130.768941,"09062653085","峰寛明","","熊本県熊本市東区東野３丁目１０－５１０－５　フォレストメゾン寺崎B103号","","","","","","","届出","",""
"043100","fBiz00001118250000000001","熊本県","熊本市中央区","有限会社西浦青果","ユウゲンカイシャニシウラセイカ","⑦ 野菜果物販売業","仲卸業","熊本県熊本市西区田崎町484","",32.781860,130.676946,"0963232435","有限会社西浦青果","5330002007773","熊本県熊本市西区田崎町４８４","","","","","","","届出","",""
"043100","fBiz00001118250000000002","熊本県","熊本市中央区","肥後壱","ヒゴイチ","⑦ 野菜果物販売業","小売業","熊本県熊本市中央区本山町143-1","DCMダイキ本山店",32.783561,130.701253,"096371333","有限会社西浦青果","5330002007773","熊本県熊本市西区田崎町４８４","","","","","","","届出","",""
"043100","fBiz00001118250000000003","熊本県","熊本市中央区","肥後壱","ヒゴイチ","⑦ 野菜果物販売業","小売業","熊本県熊本市東区東町2丁目1-1","DCMダイキ東町店",32.793841,130.764394,"0963651811","有限会社西浦青果","5330002007773","熊本県熊本市西区田崎町４８４","","","","","","","届出","",""
"043100","fBiz00001118250000000004","熊本県","熊本市中央区","くまベジ","クマベジ","⑦ 野菜果物販売業","小売業","熊本県熊本市東区健軍本町2-1","Ａ－プライス熊本東店",32.787816,130.755355,"0963695488","有限会社西浦青果","5330002007773","熊本県熊本市西区田崎町４８４","","","","","","","届出","",""
"043100","fBiz00001121330000000035","熊本県","熊本市中央区","","","① 飲食店営業","","","","","","","","","","指令(食保)第50291号",2022/10/19,2022/10/19,2022/10/19,2028/11/30,"","許可","なし",""
"043100","fBiz00001123760000000002","熊本県","熊本市中央区","","","⑬ その他の食料・飲料販売業","職員売店","","","","","","","","","","","","","","","届出","",""
"043100","fBiz00001128020000000001","熊本県","熊本市中央区","株式会社佐々木冷菓南熊本支店","カブシキガイシャササキレイカミナミクマモトシテン","⑬ その他の食料・飲料販売業","食品卸業","熊本県熊本市南区城南町今吉野1221","",32.718367,130.739933,"0964286694","佐々木冷菓","4310001006416","長崎県北松浦郡佐々町小浦免1572番地の54","","","","","","","届出","",""
"043100","fBiz00001133150000000001","熊本県","熊本市中央区","ZION","ザイオン","① 魚介類販売業（包装済みの魚介類のみの販売）","","熊本県熊本市南区良町1丁目18-1","",32.760376,130.723430,"0962739521","北森映光","","熊本県熊本市南区良町１－１８－１","","","","","","","届出","",""
"043100","fBiz00001133150000000001","熊本県","熊本市中央区","ZION","ザイオン","② 食肉販売業（包装済みの食肉のみの販売）","","熊本県熊本市南区良町1丁目18-1","",32.760376,130.723430,"0962739521","北森映光","","熊本県熊本市南区良町１－１８－１","","","","","","","届出","",""
"043100","fBiz00001133150000000001","熊本県","熊本市中央区","ZION","ザイオン","③ 乳類販売業","","熊本県熊本市南区良町1丁目18-1","",32.760376,130.723430,"0962739521","北森映光","","熊本県熊本市南区良町１－１８－１","","","","","","","届出","",""
"043100","fBiz00001133150000000001","熊本県","熊本市中央区","ZION","ザイオン","④ 氷雪販売業","","熊本県熊本市南区良町1丁目18-1","",32.760376,130.723430,"0962739521","北森映光","","熊本県熊本市南区良町１－１８－１","","","","","","","届出","",""
"043100","fBiz00001133150000000001","熊本県","熊本市中央区","ZION","ザイオン","⑥ 弁当販売業","","熊本県熊本市南区良町1丁目18-1","",32.760376,130.723430,"0962739521","北森映光","","熊本県熊本市南区良町１－１８－１","","","","","","","届出","",""
"043100","fBiz00001133150000000001","熊本県","熊本市中央区","ZION","ザイオン","⑦ 野菜果物販売業","","熊本県熊本市南区良町1丁目18-1","",32.760376,130.723430,"0962739521","北森映光","","熊本県熊本市南区良町１－１８－１","","","","","","","届出","",""
"043100","fBiz00001133150000000001","熊本県","熊本市中央区","ZION","ザイオン","⑧ 米穀類販売業","","熊本県熊本市南区良町1丁目18-1","",32.760376,130.723430,"0962739521","北森映光","","熊本県熊本市南区良町１－１８－１","","","","","","","届出","",""
"043100","fBiz00001133150000000001","熊本県","熊本市中央区","ZION","ザイオン","⑬ その他の食料・飲料販売業","","熊本県熊本市南区良町1丁目18-1","",32.760376,130.723430,"0962739521","北森映光","","熊本県熊本市南区良町１－１８－１","","","","","","","届出","",""
"043100","fBiz00001133150000000001","熊本県","熊本市中央区","ZION","ザイオン","㉙ その他","","熊本県熊本市南区良町1丁目18-1","",32.760376,130.723430,"0962739521","北森映光","","熊本県熊本市南区良町１－１８－１","","","","","","","届出","",""
"043100","fBiz00001133520000000001","熊本県","熊本市中央区","焼肉さぼたん","ヤキニクサボタン","① 飲食店営業","焼肉店　店内飲食","熊本県熊本市中央区九品寺４丁目２－２１","ロータスビル１F",32.796131,130.714237,"0963736465","北御門公一","","熊本県熊本市南区御幸笛田２丁目６－２０","指令（食保）第50689号",2021/11/09,2021/11/09,2021/12/01,2027/11/30,"","許可","なし",""
"043100","fBiz00001152360000000008","熊本県","熊本市中央区","学校法人熊本壺溪塾学園　梁山泊寮","ガッコウホウジンクマモトコケイジュクガクエン　リョウザンパクリョウ","① 飲食店営業","飲食店営業","熊本県熊本市中央区内坪井町5-30","",32.810992,130.708899,"096-245-7226","株式会社共立メンテナンス","1010001014427","東京都千代田区外神田２丁目１８番８号","指令（食保）第50150号",2022/07/08,2022/07/08,2022/07/08,2028/08/31,"","許可","",""
"043100","fBiz00001152360000000009","熊本県","熊本市中央区","熊本銀行本荘寮","クマモトギンコウホンジョウリョウ","① 飲食店営業","飲食店営業","熊本県熊本市中央区本荘町680","",32.787844,130.702366,"096-372-8868","株式会社共立メンテナンス","1010001014427","東京都千代田区外神田２丁目１８番８号","指令（食保）第50218号",2022/08/10,2022/08/10,2022/09/01,2028/08/31,"","許可","",""
"043100","fBiz00002708870000000001","熊本県","熊本市中央区","山本釣具センター本店","ヤマモトツリグセンターホンテン","㉙ その他","小売業","熊本県熊本市中央区本荘町631-1","",32.789500,130.702297,"","","","","","","","","","","届出","",""
"043100","fBiz00001152360000000014","熊本県","熊本市中央区","学校法人熊本壺渓塾学園　京町女子寮","ガッコウホウジンクマモトコケイジュクガクエン　キョウマチジョシリョウ","① 飲食店営業","学生寮管理運営","熊本県熊本市中央区京町1-10-8","",32.812543,130.704944,"","株式会社共立メンテナンス","1010001014427","東京都千代田区外神田２丁目１８番８号","指令（食保）50600号",2023/05/16,2023/05/16,2023/06/01,2029/05/31,"","許可","",""
"043100","fBiz00001152360000000023","熊本県","熊本市中央区","ドーミー熊本","ドーミークマモト","㉖ 集団給食施設","学生寮管理運営","熊本県熊本市中央区大江5丁目17-27","",32.795588,130.724503,"096-211-5035","株式会社共立メンテナンス","1010001014427","東京都千代田区外神田２丁目１８番８号","","","","","","","届出","",""
"043100","fBiz00001152420000000006","熊本県","熊本市中央区","","","⑬ その他の食料・飲料販売業","","","","","","","","","","","","","","","","届出","",""
"043100","fBiz00001152420000000013","熊本県","熊本市中央区","","","⑬ その他の食料・飲料販売業","","","","","","","","","","","","","","","","届出","",""
"043100","fBiz00001152420000000014","熊本県","熊本市中央区","","","⑬ その他の食料・飲料販売業","","","","","","","","","","","","","","","","届出","",""
"043100","fBiz00001152420000000016","熊本県","熊本市中央区","","","⑬ その他の食料・飲料販売業","","","","","","","","","","","","","","","","届出","",""
"043100","fBiz00001152420000000019","熊本県","熊本市中央区","","","⑬ その他の食料・飲料販売業","","","","","","","","","","","","","","","","届出","",""
"043100","fBiz00001152420000000022","熊本県","熊本市中央区","","","⑬ その他の食料・飲料販売業","","","","","","","","","","","","","","","","届出","",""
"043100","fBiz00001159060000000003","熊本県","熊本市中央区","そらまるキッチン","ソラマルキッチン","⑥ 弁当販売業","","熊本県熊本市北区植木町鞍掛665","",32.908816,130.682696,"09043470895","中嶋ひとみ","","熊本県熊本市北区植木町鞍掛668","","","","","","","届出","",""
"043100","fBiz00001159060000000003","熊本県","熊本市中央区","そらまるキッチン","ソラマルキッチン","⑦ 野菜果物販売業","","熊本県熊本市北区植木町鞍掛665","",32.908816,130.682696,"09043470895","中嶋ひとみ","","熊本県熊本市北区植木町鞍掛668","","","","","","","届出","",""
"043100","fBiz00001159060000000003","熊本県","熊本市中央区","そらまるキッチン","ソラマルキッチン","⑧ 米穀類販売業","","熊本県熊本市北区植木町鞍掛665","",32.908816,130.682696,"09043470895","中嶋ひとみ","","熊本県熊本市北区植木町鞍掛668","","","","","","","届出","",""
"043100","fBiz00001167200000000001","熊本県","熊本市中央区","フェアリー薬研　島町事業所","フェアリーヤクケン　シママチジギョウショ","⑨ 通信販売・訪問販売による販売業","","熊本県熊本市南区島町4-4-29","",32.763429,130.681225,"0962881358","フェアリー薬研株式会社","1330001008322","熊本県熊本市南区薄場3丁目4番8号1F","","","","","","","届出","",""
"043100","fBiz00001167200000000001","熊本県","熊本市中央区","フェアリー薬研　島町事業所","フェアリーヤクケン　シママチジギョウショ","⑮ いわゆる健康食品の製造・加工業","","熊本県熊本市南区島町4-4-29","",32.763429,130.681225,"0962881358","フェアリー薬研株式会社","1330001008322","熊本県熊本市南区薄場3丁目4番8号1F","","","","","","","届出","",""
"043100","fBiz00001167200000000001","熊本県","熊本市中央区","フェアリー薬研　島町事業所","フェアリーヤクケン　シママチジギョウショ","⑰ 農産保存食料品製造・加工業","","熊本県熊本市南区島町4-4-29","",32.763429,130.681225,"0962881358","フェアリー薬研株式会社","1330001008322","熊本県熊本市南区薄場3丁目4番8号1F","","","","","","","届出","",""
"043100","fBiz00001167200000000002","熊本県","熊本市中央区","フェアリー薬研　本社","フェアリーヤクケン　ホンシャ","⑨ 通信販売・訪問販売による販売業","","熊本県熊本市南区薄場3丁目4番8号1F","",32.764891,130.676589,"0963202418","フェアリー薬研株式会社","1330001008322","熊本県熊本市南区薄場3丁目4番8号1F","","","","","","","届出","",""
"043100","fBiz00001179320000000002","熊本県","熊本市中央区","ノジ","ノジ","⑬ その他の食料・飲料販売業","","熊本県熊本市中央区下通一丁目9-21","city6 1階",32.800629,130.707578,"096-355-3575","","","","","","","","","","届出","",""
"043100","fBiz00001185170000000001","熊本県","熊本市中央区","","","⑦ 野菜果物販売業","","","","","","","","","","","","","","","","届出","",""
"043100","fBiz00001201920000000012","熊本県","熊本市中央区","","","⑧ 米穀類販売業","イベント","","","","","","","","","","","","","","","届出","",""
"043100","fBiz00001217730000000001","熊本県","熊本市中央区","ショップうきうき","ショップウキウキ","⑬ その他の食料・飲料販売業","","熊本県熊本市南区富合町平原391","熊本県立こころの医療センター内１F",32.699202,130.685668,"096-357-2151","","","","","","","","","","届出","",""
"043100","fBiz00001230890000000001","熊本県","熊本市中央区","","","⑬ その他の食料・飲料販売業","","","","","","","","","","","","","","","","届出","",""
"043100","fBiz00001232620000000001","熊本県","熊本市中央区","豆富工房　GoSlow","トウフコウボウ　ゴースロー","㉕ 行商","","熊本県熊本市中央区帯山４丁目23-45","",32.804052,130.749344,"0963811230","社会福祉法人やまびこ福祉会","3330005001899","熊本県熊本市中央区新大江１丁目12-15","","","","","","","届出","",""
"043100","fBiz00001232620000000002","熊本県","熊本市中央区","豆富工房　ゴー・スロー","トウフコウボウ　ゴー・スロー","⑬ その他の食料・飲料販売業","","熊本県熊本市中央区帯山４丁目23-45","",32.804052,130.749344,"","社会福祉法人やまびこ福祉会","3330005001899","熊本県熊本市中央区新大江１丁目12-15","","","","","","","届出","",""
"043100","fBiz00001237280000000001","熊本県","熊本市中央区","合資会社鳥丸八十七商店","ゴウシカイシャ　トリマルヤソヒチショウテン","㉔ その他の食料品製造・加工業","製造業","熊本県熊本市中央区細工町1-11","",32.797207,130.696228,"096-352-0379","合資会社鳥丸八十七商店","6330003000578","熊本県熊本市中央区熊本市中央区細工町1-11","","","","","","","届出","",""
"043100","fBiz00001239810000000031","熊本県","熊本市中央区","ケンタッキーフライドチキン熊本四方寄店","ケンタッキーフライドチキンクマモトヨモギテン","⑬ その他の食料・飲料販売業","飲食店営業","熊本県熊本市北区四方寄町1658-1","",32.861116,130.709091,"096-311-1677","株式会社ポールスター","3290001010396","福岡県福岡市中央区赤坂２丁目５番５０号","","","","","","","届出","",""
"043100","fBiz00001239810000000036","熊本県","熊本市中央区","ケンタッキーフライドチキン熊本植木店","ケンタッキーフライドチキンクマモトウエキテン","⑬ その他の食料・飲料販売業","飲食店営業","熊本県熊本市北区植木町滴水35-9","",32.892916,130.690522,"096-275-1053","株式会社ポールスター","3290001010396","福岡県福岡市中央区赤坂２丁目５番５０号","","","","","","","届出","",""
"043100","fBiz00001241430000000001","熊本県","熊本市中央区","駄菓子屋横丁","ダガシヤヨコチョウ","⑬ その他の食料・飲料販売業","","熊本県熊本市南区土河原町6－2","",32.766820,130.667298,"","堀端眞理子","","熊本県熊本市南区土河原町6－2","","","","","","","届出","",""
"043100","fBiz00002708870000000002","熊本県","熊本市中央区","山本釣具センター菊陽店","ヤマモトツリグセンターキクヨウテン","㉙ その他","小売業","熊本県熊本市北区弓削4丁目14-21","",32.855843,130.786100,"","","","","","","","","","","届出","",""
"043100","fBiz00001252790000000003","熊本県","熊本市中央区","肥後花市場","ヒゴハナイチバ","⑬ その他の食料・飲料販売業","","熊本県熊本市南区田井島1丁目1番地1号","",32.772640,130.722669,"","板楠紀子","","熊本県菊池郡菊陽町津久礼1945","","","","","","","届出","",""
"043100","fBiz00001253280000000011","熊本県","熊本市中央区","","","⑬ その他の食料・飲料販売業","","","","","","","","","","","","","","","","届出","",""
"043100","fBiz00001253280000000014","熊本県","熊本市中央区","","","⑬ その他の食料・飲料販売業","","","","","","","","","","","","","","","","届出","",""
"043100","fBiz00001253280000000038","熊本県","熊本市中央区","","","⑬ その他の食料・飲料販売業","","","","","","","","","","","","","","","","届出","",""
"043100","fBiz00001265680000000001","熊本県","熊本市中央区","","","㉖ 集団給食施設","通所介護","","","","","","","","","","","","","","","届出","",""
"043100","fBiz00001272800000000069","熊本県","熊本市中央区","よかよかうまかとれたて市場　花立店","ヨカヨカウマカトレタテイチバハナタテテン","⑬ その他の食料・飲料販売業","","熊本県熊本市東区花立3丁目39-24","",32.784230,130.774151,"0963677904","上益城農業協同組合","1330005003939","熊本県上益城郡甲佐町白旗543-1","","","","","","","届出","",""
"043100","fBiz00001280790000000002","熊本県","熊本市中央区","創亜株式会社","ソウアカブシキガイシャ","⑬ その他の食料・飲料販売業","","熊本県熊本市北区下硯川町472番地1","",32.867259,130.704428,"","創亜株式会社","9330001017893","熊本県熊本市北区下硯川町472番地1","","","","","","","届出","",""
"043100","fBiz00001280790000000003","熊本県","熊本市中央区","創亜株式会社","ソウアカブシキガイシャ","⑧ 米穀類販売業","","熊本県熊本市北区下硯川町472番地1","",32.867159,130.704369,"","創亜株式会社","9330001017893","熊本県熊本市北区下硯川町472番地1","","","","","","","届出","",""
"043100","fBiz00001287220000000559","熊本県","熊本市中央区","サイゼリヤ　ゆめタウンサンピアン店","サイゼリヤ　ユメタウンサンピアンテン","⑬ その他の食料・飲料販売業","","熊本県熊本市東区上南部2-2-2","ゆめﾀｳﾝｻﾝﾋﾟｱﾝ1F",32.827176,130.763524,"096-292-8055","株式会社サイゼリヤ","8030001065552","埼玉県吉川市旭2番地5","","","","","","","届出","",""
"043100","fBiz00001287220000000561","熊本県","熊本市中央区","サイゼリヤ　ゆめタウンはません店","サイゼリヤ　ユメタウンハマセンテン","⑬ その他の食料・飲料販売業","","熊本県熊本市南区田井島1-2-1","ゆめﾀｳﾝはません2F",32.770146,130.727830,"096-334-2255","株式会社サイゼリヤ","8030001065552","埼玉県吉川市旭2番地5","","","","","","","届出","",""
"043100","fBiz00001287220000001118","熊本県","熊本市中央区","サイゼリヤ　熊本下通店","サイゼリヤ　クマモトシモトオリテン","⑬ その他の食料・飲料販売業","","熊本県熊本市中央区下通2-2-31","高森興産ﾋﾞﾙ2F",32.799168,130.707836,"096-312-0711","株式会社サイゼリヤ","8030001065552","埼玉県吉川市旭2番地5","","","","","","","届出","",""
"043100","fBiz00001294870000000001","熊本県","熊本市中央区","無印良品COCOSA熊本下通","ムジルシリョウヒンココサクマモトシモトオリ","⑬ その他の食料・飲料販売業","","熊本県熊本市中央区下通1-3-8　４F","",32.802360,130.709166,"0963516264","株式会社ルマックス","9290001025967","福岡県福岡市南区清水1-23-14","","","","","","","届出","",""
"043100","fBiz00001320190000000056","熊本県","熊本市中央区","フルーツサンドココロン","フルーツサンドココロン","⑬ その他の食料・飲料販売業","","熊本県熊本市東区小山２丁目13-60","マックスバリュ新託麻店",32.827340,130.788291,"0962348003","齊藤瞳","","熊本県玉名市中１７７８　フォーレス２０１","","","","","","","届出","",""
"043100","fBiz00001320190000000058","熊本県","熊本市中央区","フルーツサンドココロン","フルーツサンドココロン","⑬ その他の食料・飲料販売業","","熊本県熊本市東区戸島西5丁目1-16","マックスバリュ新戸島店",32.813369,130.790155,"0963681108","齊藤瞳","","熊本県玉名市中１７７８　フォーレス２０１","","","","","","","届出","",""
"043100","fBiz00001320190000000062","熊本県","熊本市中央区","フルーツサンドココロン","フルーツサンドココロン","⑬ その他の食料・飲料販売業","","熊本県熊本市中央区帯山４丁目2","マックスバリュ帯山店",32.800593,130.747375,"0962738263","齊藤瞳","","熊本県玉名市中１７７８　フォーレス２０１","","","","","","","届出","",""
"043100","fBiz00001346550000000008","熊本県","熊本市中央区","鶴屋百貨店　キャピタルコーヒー","ツルヤヒャッカテン　キャピタルコーヒー","⑯ コーヒー製造・加工業（飲料の製造を除く。）","","熊本県熊本市中央区手取本町6番1号　鶴屋百貨店地下2階","",32.802465,130.711146,"096-323-8060","キャピタル株式会社","4010001007700","東京都文京区本駒込6丁目1-9","","","","","","","届出","",""
"043100","fBiz00001353850000000002","熊本県","熊本市中央区","ファミリーマートＪＲ新水前寺駅前店","ファミリーマートジェイアールシンスイゼンジエキマエテン","⑩ コンビニエンスストア","","熊本県熊本市中央区国府1-1-1","オーシャンズビル1階",32.793584,130.726369,"0963712320","合同会社縁龍逢","2330003004896","熊本県熊本市北区梶尾町1757-20","","","","","","","届出","",""
"043100","fBiz00001358220000000001","熊本県","熊本市中央区","熊本大同青果(株)　通販部","クマモトダイドウセイカカブシキガイシャ　ツウハンブ","⑬ その他の食料・飲料販売業","インターネット通販","熊本県熊本市西区春日７丁目２６-28","",32.785406,130.675879,"0963563939","熊本大同青果（株）","9330001008471","熊本県熊本市西区田崎町484","","","","","","","届出","",""
"043100","fBiz00001361760000000001","熊本県","熊本市中央区","ATACO COFFEE","アタココーヒー","⑬ その他の食料・飲料販売業","飲料の販売、コーヒー、紅茶","熊本県熊本市南区近見6-19-11","",32.763228,130.695475,"","山下亜耶","","熊本県熊本市西区池田1-15-73-1301","","","","","","","届出","",""
"043100","fBiz00001371790000000001","熊本県","熊本市中央区","株式会社肥後ポリエチレン","カブシキガイシャヒゴポリエチレン","㉗ 器具、容器包装の製造・加工業（合成樹脂が使用された器具又は容器包装の製造、加工に限る。）","","熊本県熊本市南区出仲間3丁目7番30号","",32.769994,130.711363,"0963780111","株式会社肥後ポリエチレン","6330001003905","熊本県熊本市南区出仲間３丁目７番３０号","","","","","","","届出","",""
"043100","fBiz00001373820000000890","熊本県","熊本市中央区","ドラッグコスモス植木南店","ドラッグコスモスウエキミナミテン","⑪ 百貨店、総合スーパー","ドラッグストア","熊本県熊本市北区植木町投刀塚321-9","",32.884475,130.691807,"096-215-3800","株式会社コスモス薬品","9290001025414","福岡県福岡市博多区博多駅東２丁目１０番１号","","","","","","","届出","",""
"043100","fBiz00001373820000000891","熊本県","熊本市中央区","ドラッグコスモス植木店","ドラッグコスモスウエキテン","⑪ 百貨店、総合スーパー","ドラッグストア","熊本県熊本市北区植木町舞尾545-1","",32.900089,130.690623,"096-273-3376","株式会社コスモス薬品","9290001025414","福岡県福岡市博多区博多駅東２丁目１０番１号","","","","","","","届出","",""
"043100","fBiz00001373820000000892","熊本県","熊本市中央区","ドラッグコスモス下南部店","ドラッグコスモスシモナベテン","⑪ 百貨店、総合スーパー","ドラッグストア","熊本県熊本市東区下南部３丁目４－５６","",32.822403,130.756123,"096-292-7780","株式会社コスモス薬品","9290001025414","福岡県福岡市博多区博多駅東２丁目１０番１号","","","","","","","届出","",""
"043100","fBiz00001373820000000893","熊本県","熊本市中央区","ドラッグコスモス東町小前店","ドラッグコスモスヒガシショウマエテン","⑪ 百貨店、総合スーパー","ドラッグストア","熊本県熊本市東区東町３丁目５－２５","",32.787096,130.769640,"096-214-1267","株式会社コスモス薬品","9290001025414","福岡県福岡市博多区博多駅東２丁目１０番１号","","","","","","","届出","",""
"043100","fBiz00001373820000000894","熊本県","熊本市中央区","ドラッグコスモス大江店","ドラッグコスモスオオエテン","⑪ 百貨店、総合スーパー","ドラッグストア","熊本県熊本市中央区大江２丁目１６－９","",32.804629,130.734200,"096-211-5760","株式会社コスモス薬品","9290001025414","福岡県福岡市博多区博多駅東２丁目１０番１号","","","","","","","届出","",""
"043100","fBiz00001373820000000895","熊本県","熊本市中央区","ドラッグコスモス八王寺店","ドラッグコスモスハチオウジテン","⑪ 百貨店、総合スーパー","ドラッグストア","熊本県熊本市中央区八王寺町２－１３","",32.786415,130.715520,"096-377-5021","株式会社コスモス薬品","9290001025414","福岡県福岡市博多区博多駅東２丁目１０番１号","","","","","","","届出","",""
"043100","fBiz00001373820000000896","熊本県","熊本市中央区","ドラッグコスモス清水亀井店","ドラッグコスモスシミズカメイテン","⑪ 百貨店、総合スーパー","ドラッグストア","熊本県熊本市北区清水亀井町20-14","",32.838689,130.721645,"096-341-2888","株式会社コスモス薬品","9290001025414","福岡県福岡市博多区博多駅東２丁目１０番１号","","","","","","","届出","",""
"043100","fBiz00001373820000000897","熊本県","熊本市中央区","ドラッグコスモス島崎店","ドラッグコスモスシマサキテン","⑪ 百貨店、総合スーパー","ドラッグストア","熊本県熊本市中央区島崎１丁目８－２５","",32.807254,130.694546,"096-319-3181","株式会社コスモス薬品","9290001025414","福岡県福岡市博多区博多駅東２丁目１０番１号","","","","","","","届出","",""
"043100","fBiz00001373820000000898","熊本県","熊本市中央区","ドラッグコスモス武蔵ケ丘店","ドラッグコスモスムサシガオカテン","⑪ 百貨店、総合スーパー","ドラッグストア","熊本県熊本市北区武蔵ケ丘６丁目４－３","",32.851400,130.771467,"096-348-1155","株式会社コスモス薬品","9290001025414","福岡県福岡市博多区博多駅東２丁目１０番１号","","","","","","","届出","",""
"043100","fBiz00001373820000000899","熊本県","熊本市中央区","ドラッグコスモス天明店","ドラッグコスモステンメイテン","⑪ 百貨店、総合スーパー","ドラッグストア","熊本県熊本市南区奥古閑町280","",32.730276,130.640304,"096-228-6955","株式会社コスモス薬品","9290001025414","福岡県福岡市博多区博多駅東２丁目１０番１号","","","","","","","届出","",""
"043100","fBiz00001373820000000900","熊本県","熊本市中央区","ドラッグコスモス近見店","ドラッグコスモスチカミテン","⑪ 百貨店、総合スーパー","ドラッグストア","熊本県熊本市南区近見７丁目６－１","",32.760457,130.691204,"096-319-0720","株式会社コスモス薬品","9290001025414","福岡県福岡市博多区博多駅東２丁目１０番１号","","","","","","","届出","",""
"043100","fBiz00001373820000000901","熊本県","熊本市中央区","ドラッグコスモス秋津店","ドラッグコスモスアキツテン","⑪ 百貨店、総合スーパー","ドラッグストア","熊本県熊本市東区沼山津１丁目２０－１","",32.774796,130.774525,"096-331-3515","株式会社コスモス薬品","9290001025414","福岡県福岡市博多区博多駅東２丁目１０番１号","","","","","","","届出","",""
"043100","fBiz00001373820000000902","熊本県","熊本市中央区","ドラッグコスモス戸島西店","ドラッグコスモストシマニシテン","⑪ 百貨店、総合スーパー","ドラッグストア","熊本県熊本市東区戸島西１丁目５－１８","",32.809089,130.782101,"096-331-0190","株式会社コスモス薬品","9290001025414","福岡県福岡市博多区博多駅東２丁目１０番１号","","","","","","","届出","",""
"043100","fBiz00001373820000000903","熊本県","熊本市中央区","ドラッグコスモス島崎西店","ドラッグコスモスシマサキニシテン","⑪ 百貨店、総合スーパー","ドラッグストア","熊本県熊本市西区島崎５丁目２－１４","",32.811676,130.686896,"096-312-5322","株式会社コスモス薬品","9290001025414","福岡県福岡市博多区博多駅東２丁目１０番１号","","","","","","","届出","",""
"043100","fBiz00001373820000000904","熊本県","熊本市中央区","ドラッグコスモス下硯川店","ドラッグコスモスシモスズリカワテン","⑪ 百貨店、総合スーパー","ドラッグストア","熊本県熊本市北区下硯川２丁目７－８８","",32.851117,130.708334,"096-312-5155","株式会社コスモス薬品","9290001025414","福岡県福岡市博多区博多駅東２丁目１０番１号","","","","","","","届出","",""
"043100","fBiz00001373820000000905","熊本県","熊本市中央区","ドラッグコスモス長嶺南店","ドラッグコスモスナガミネミナミテン","⑪ 百貨店、総合スーパー","ドラッグストア","熊本県熊本市東区月出８丁目３－２０","",32.807925,130.770986,"096-386-5380","株式会社コスモス薬品","9290001025414","福岡県福岡市博多区博多駅東２丁目１０番１号","","","","","","","届出","",""
"043100","fBiz00001373820000000906","熊本県","熊本市中央区","ドラッグコスモス横手店","ドラッグコスモスヨコテテン","⑪ 百貨店、総合スーパー","ドラッグストア","熊本県熊本市西区横手３丁目６－３８","",32.800619,130.688207,"096-319-0130","株式会社コスモス薬品","9290001025414","福岡県福岡市博多区博多駅東２丁目１０番１号","","","","","","","届出","",""
"043100","fBiz00001373820000000907","熊本県","熊本市中央区","ドラッグコスモス白藤店","ドラッグコスモスシラフジテン","⑪ 百貨店、総合スーパー","ドラッグストア","熊本県熊本市南区白藤３丁目２－１","",32.748981,130.678625,"096-320-3035","株式会社コスモス薬品","9290001025414","福岡県福岡市博多区博多駅東２丁目１０番１号","","","","","","","届出","",""
"043100","fBiz00001373820000000908","熊本県","熊本市中央区","ドラッグコスモス桜木店","ドラッグコスモスサクラギテン","⑪ 百貨店、総合スーパー","ドラッグストア","熊本県熊本市東区花立４丁目３－９","",32.784596,130.774841,"096-214-6631","株式会社コスモス薬品","9290001025414","福岡県福岡市博多区博多駅東２丁目１０番１号","","","","","","","届出","",""
"043100","fBiz00001373820000000909","熊本県","熊本市中央区","ドラッグコスモス長嶺店","ドラッグコスモスナガミネテン","⑪ 百貨店、総合スーパー","ドラッグストア","熊本県熊本市東区長嶺南１丁目２－１","",32.809701,130.761901,"096-386-5181","株式会社コスモス薬品","9290001025414","福岡県福岡市博多区博多駅東２丁目１０番１号","","","","","","","届出","",""
"043100","fBiz00001373820000000910","熊本県","熊本市中央区","ドラッグコスモス田迎店","ドラッグコスモスタムカエテン","⑪ 百貨店、総合スーパー","ドラッグストア","熊本県熊本市南区田迎1丁目5-3","",32.777165,130.710550,"096-214-3022","株式会社コスモス薬品","9290001025414","福岡県福岡市博多区博多駅東２丁目１０番１号","","","","","","","届出","",""
"043100","fBiz00001373820000000911","熊本県","熊本市中央区","ドラッグコスモス徳王店","ドラッグコスモストクオウテン","⑪ 百貨店、総合スーパー","ドラッグストア","熊本県熊本市北区大窪１丁目２－１１","",32.844970,130.709139,"096-312-3755","株式会社コスモス薬品","9290001025414","福岡県福岡市博多区博多駅東２丁目１０番１号","","","","","","","届出","",""
"043100","fBiz00001373820000000912","熊本県","熊本市中央区","ドラッグコスモス九品寺店","ドラッグコスモスクホンジテン","⑪ 百貨店、総合スーパー","ドラッグストア","熊本県熊本市中央区九品寺３丁目１５－４６","",32.795843,130.716260,"096-211-5080","株式会社コスモス薬品","9290001025414","福岡県福岡市博多区博多駅東２丁目１０番１号","","","","","","","届出","",""
"043100","fBiz00001373820000000913","熊本県","熊本市中央区","ドラッグコスモス東海学園前店","ドラッグコスモストウカイガクエンマエテン","⑪ 百貨店、総合スーパー","ドラッグストア","熊本県熊本市東区渡鹿８丁目２１－２０","",32.815060,130.743751,"096-366-4711","株式会社コスモス薬品","9290001025414","福岡県福岡市博多区博多駅東２丁目１０番１号","","","","","","","届出","",""
"043100","fBiz00001373820000000914","熊本県","熊本市中央区","ドラッグコスモス花園店","ドラッグコスモスハナゾノテン","⑪ 百貨店、総合スーパー","ドラッグストア","熊本県熊本市西区花園５丁目３－１１","",32.817499,130.695812,"096-325-9660","株式会社コスモス薬品","9290001025414","福岡県福岡市博多区博多駅東２丁目１０番１号","","","","","","","届出","",""
"043100","fBiz00001373820000000915","熊本県","熊本市中央区","ドラッグコスモス新土河原店","ドラッグコスモスシントガワラテン","⑪ 百貨店、総合スーパー","ドラッグストア","熊本県熊本市西区新土河原１丁目９－３","",32.774329,130.680084,"096-355-0670","株式会社コスモス薬品","9290001025414","福岡県福岡市博多区博多駅東２丁目１０番１号","","","","","","","届出","",""
"043100","fBiz00001373820000000916","熊本県","熊本市中央区","ドラッグコスモス南高江店","ドラッグコスモスミナミタカエテン","⑪ 百貨店、総合スーパー","ドラッグストア","熊本県熊本市南区南高江２丁目１５－５０","",32.748052,130.683318,"096-320-1288","株式会社コスモス薬品","9290001025414","福岡県福岡市博多区博多駅東２丁目１０番１号","","","","","","","届出","",""
"043100","fBiz00001373820000000917","熊本県","熊本市中央区","ドラッグコスモス託麻南店","ドラッグコスモスタクマミナミテン","⑪ 百貨店、総合スーパー","ドラッグストア","熊本県熊本市東区長嶺東３丁目２－４７","",32.817527,130.777626,"096-292-7870","株式会社コスモス薬品","9290001025414","福岡県福岡市博多区博多駅東２丁目１０番１号","","","","","","","届出","",""
"043100","fBiz00001373820000000918","熊本県","熊本市中央区","ドラッグコスモスくまなん店","ドラッグコスモスクマナンテン","⑪ 百貨店、総合スーパー","ドラッグストア","熊本県熊本市南区江越２丁目１６－６","",32.773669,130.700703,"096-278-8008","株式会社コスモス薬品","9290001025414","福岡県福岡市博多区博多駅東２丁目１０番１号","","","","","","","届出","",""
"043100","fBiz00001373820000000919","熊本県","熊本市中央区","ドラッグコスモス水前寺駅通店","ドラッグコスモススイゼンジエキトオリテン","⑪ 百貨店、総合スーパー","ドラッグストア","熊本県熊本市中央区水前寺３丁目３３－１","",32.799259,130.733554,"096-213-6611","株式会社コスモス薬品","9290001025414","福岡県福岡市博多区博多駅東２丁目１０番１号","","","","","","","届出","",""
"043100","fBiz00001373820000000920","熊本県","熊本市中央区","ドラッグコスモス八反田店","ドラッグコスモスハッタンダテン","⑪ 百貨店、総合スーパー","ドラッグストア","熊本県熊本市東区西原１丁目２２－６４","",32.814137,130.754139,"096-213-6071","株式会社コスモス薬品","9290001025414","福岡県福岡市博多区博多駅東２丁目１０番１号","","","","","","","届出","",""
"043100","fBiz00001373820000000921","熊本県","熊本市中央区","ドラッグコスモス月出店","ドラッグコスモスツキデテン","⑪ 百貨店、総合スーパー","ドラッグストア","熊本県熊本市東区月出１丁目６－８","",32.801723,130.763881,"096-213-1388","株式会社コスモス薬品","9290001025414","福岡県福岡市博多区博多駅東２丁目１０番１号","","","","","","","届出","",""
"043100","fBiz00001373820000000922","熊本県","熊本市中央区","ドラッグコスモス城南店","ドラッグコスモスジョウナンテン","⑪ 百貨店、総合スーパー","ドラッグストア","熊本県熊本市南区城南町阿高312-3","",32.698549,130.728519,"0964-58-2080","株式会社コスモス薬品","9290001025414","福岡県福岡市博多区博多駅東２丁目１０番１号","","","","","","","届出","",""
"043100","fBiz00001373820000000923","熊本県","熊本市中央区","ドラッグコスモス野中店","ドラッグコスモスノナカテン","⑪ 百貨店、総合スーパー","ドラッグストア","熊本県熊本市西区野中２丁目１１－１５","",32.776511,130.677356,"096-212-5388","株式会社コスモス薬品","9290001025414","福岡県福岡市博多区博多駅東２丁目１０番１号","","","","","","","届出","",""
"043100","fBiz00001373820000001247","熊本県","熊本市中央区","ドラッグコスモス田崎店","ドラッグコスモスタサキテン","⑪ 百貨店、総合スーパー","ドラッグストア","熊本県熊本市西区田崎２丁目１番７号","",32.783797,130.683437,"096-277-1221","株式会社コスモス薬品","9290001025414","福岡県福岡市博多区博多駅東２丁目１０番１号","","","","","","","届出","",""
"043100","fBiz00001373820000001494","熊本県","熊本市中央区","ドラッグコスモス下城南中前店","ドラッグコスモスシモジョウナンチュウマエテン","⑪ 百貨店、総合スーパー","ドラッグストア","熊本県熊本市南区城南町宮地494","",32.711724,130.728684,"0964-27-8181","株式会社コスモス薬品","9290001025414","福岡県福岡市博多区博多駅東２丁目１０番１号","","","","","","","届出","",""
"043100","fBiz00001373820000001495","熊本県","熊本市中央区","ドラッグコスモス上熊本店","ドラッグコスモスカミクマモトテン","⑪ 百貨店、総合スーパー","ドラッグストア","熊本県熊本市西区上熊本2丁目6-21","",32.811826,130.699219,"096-327-9966","株式会社コスモス薬品","9290001025414","福岡県福岡市博多区博多駅東２丁目１０番１号","","","","","","","届出","",""
"043100","fBiz00001373820000001505","熊本県","熊本市中央区","ドラッグコスモス小山店","ドラッグコスモスオヤマテン","⑪ 百貨店、総合スーパー","ドラッグストア","熊本県熊本市東区小山1丁目6-63","",32.832070,130.785424,"096-377-8558","株式会社コスモス薬品","9290001025414","福岡県福岡市博多区博多駅東２丁目１０番１号","","","","","","","届出","",""
"043100","fBiz00001373820000001585","熊本県","熊本市中央区","ドラッグコスモス飛田バイパス店","ドラッグコスモスヒタバイパステン","⑪ 百貨店、総合スーパー","小売業","熊本県熊本市北区飛田4丁目8-1","",32.853367,130.720748,"096-341-3725","株式会社コスモス薬品","9290001025414","福岡県福岡市博多区博多駅東２丁目１０番１号","","","","","","","届出","",""
"043100","fBiz00001373820000001588","熊本県","熊本市中央区","ドラッグコスモス健軍店","ドラッグコスモスケングンテン","① 魚介類販売業（包装済みの魚介類のみの販売）","小売業","熊本県熊本市東区若葉2丁目1-7","",32.777857,130.763544,"096-214-1310","株式会社コスモス薬品","9290001025414","福岡県福岡市博多区博多駅東２丁目１０番１号","","","","","","","届出","",""
"043100","fBiz00001373820000001588","熊本県","熊本市中央区","ドラッグコスモス健軍店","ドラッグコスモスケングンテン","② 食肉販売業（包装済みの食肉のみの販売）","小売業","熊本県熊本市東区若葉2丁目1-7","",32.777857,130.763544,"096-214-1310","株式会社コスモス薬品","9290001025414","福岡県福岡市博多区博多駅東２丁目１０番１号","","","","","","","届出","",""
"043100","fBiz00001373820000001588","熊本県","熊本市中央区","ドラッグコスモス健軍店","ドラッグコスモスケングンテン","③ 乳類販売業","小売業","熊本県熊本市東区若葉2丁目1-7","",32.777857,130.763544,"096-214-1310","株式会社コスモス薬品","9290001025414","福岡県福岡市博多区博多駅東２丁目１０番１号","","","","","","","届出","",""
"043100","fBiz00001373820000001594","熊本県","熊本市中央区","ドラッグコスモス馬渡店","ドラッグコスモスマワタリテン","① 魚介類販売業（包装済みの魚介類のみの販売）","小売業","熊本県熊本市南区馬渡１丁目１１－１","",32.776368,130.706579,"０９６-３３４-６３７７","株式会社コスモス薬品","9290001025414","福岡県福岡市博多区博多駅東２丁目１０番１号","","","","","","","届出","",""
"043100","fBiz00001373820000001594","熊本県","熊本市中央区","ドラッグコスモス馬渡店","ドラッグコスモスマワタリテン","② 食肉販売業（包装済みの食肉のみの販売）","小売業","熊本県熊本市南区馬渡１丁目１１－１","",32.776368,130.706579,"０９６-３３４-６３７７","株式会社コスモス薬品","9290001025414","福岡県福岡市博多区博多駅東２丁目１０番１号","","","","","","","届出","",""
"043100","fBiz00001373820000001594","熊本県","熊本市中央区","ドラッグコスモス馬渡店","ドラッグコスモスマワタリテン","③ 乳類販売業","小売業","熊本県熊本市南区馬渡１丁目１１－１","",32.776368,130.706579,"０９６-３３４-６３７７","株式会社コスモス薬品","9290001025414","福岡県福岡市博多区博多駅東２丁目１０番１号","","","","","","","届出","",""
"043100","fBiz00001373820000001601","熊本県","熊本市中央区","ドラッグコスモス龍田弓削店","ドラッグコスモスタツダユゲテン","⑪ 百貨店、総合スーパー","ドラッグストア","熊本県熊本市北区龍田弓削1丁目4-28","",32.846163,130.766056,"096-223-7717","株式会社コスモス薬品","9290001025414","福岡県福岡市博多区博多駅東２丁目１０番１号","","","","","","","届出","",""
"043100","fBiz00001373820000001627","熊本県","熊本市中央区","ドラッグコスモス御幸笛田店","ドラッグコスモスミユキフエダテン","⑪ 百貨店、総合スーパー","ドラッグストア","熊本県熊本市南区御幸笛田2丁目20-71","",32.762069,130.706077,"096-283-7788","株式会社コスモス薬品","9290001025414","福岡県福岡市博多区博多駅東２丁目１０番１号","","","","","","","届出","",""
"043100","fBiz00001373820000001644","熊本県","熊本市中央区","ドラッグコスモス田井島店","ドラッグコスモスタイノシマテン","⑪ 百貨店、総合スーパー","ドラッグストア","熊本県熊本市南区田井島2丁目2-26","",32.764128,130.718867,"096-237-9595","株式会社コスモス薬品","9290001025414","福岡県福岡市博多区博多駅東２丁目１０番１号","","","","","","","届出","",""
"043100","fBiz00001375410000000019","熊本県","熊本市中央区","","","⑬ その他の食料・飲料販売業","","","","","","","","","","","","","","","","届出","",""
"043100","fBiz00001377410000000002","熊本県","熊本市中央区","ファミリーマート熊本黒髪6丁目店","ファミリーマートクマモトクロカミロクチョウメテン","⑩ コンビニエンスストア","","熊本県熊本市中央区黒髪6丁目14番39","",32.815240,130.737985,"0963412025","合同会社大雅","2330003007230","熊本県熊本市北区梶尾町1757-20","","","","","","","届出","",""
"043100","fBiz00001381470000000006","熊本県","熊本市中央区","株式会社ナカトラ　熊本支店","カブシキガイシャナカトラ　クマモトシテン","⑧ 米穀類販売業","食品卸業","熊本県熊本市南区平田１丁目３番１３号","",32.775101,130.693713,"096-352-2177","株式会社ナカトラ","6250001017863","山口県下関市下関市南部町19-1","","","","","","","届出","",""
"043100","fBiz00001395830000000002","熊本県","熊本市中央区","コゲツ産業（株）熊本チルドセンター","コゲツサンギョウ　カブ　クマモトチルドセンター","⑬ その他の食料・飲料販売業","食品卸売業","熊本県熊本市南区城南町鰐瀬1808-20","",32.677911,130.752138,"0964-46-6710","コゲツ産業株式会社","1290801001423","福岡県北九州市小倉北区赤坂海岸3-2","","","","","","","届出","",""
"043100","fBiz00001395830000000003","熊本県","熊本市中央区","コゲツ産業（株）熊本フローズンセンター","コゲツサンギョウ　カブ　クマモトフローズンセンター","⑬ その他の食料・飲料販売業","食品卸売業","熊本県熊本市南区城南町鰐瀬1808-20","",32.677911,130.752138,"0964-27-4127","コゲツ産業株式会社","1290801001423","福岡県北九州市小倉北区赤坂海岸3-2","","","","","","","届出","",""
"043100","fBiz00001400460000000001","熊本県","熊本市中央区","ニキハーティーホスピタル　売店","ニキハーティーホスピタル　バイテン","⑬ その他の食料・飲料販売業","","熊本県熊本市東区月出4-6-100","",32.803522,130.770083,"096-384-3111","株式会社ノバ・メディックス","8330001003705","熊本県熊本市東区月出４丁目４番７０号","","","","","","","届出","",""
"043100","fBiz00001418230000000046","熊本県","熊本市中央区","アミュプラザくまもと","アミュプラザクマモト","⑬ その他の食料・飲料販売業","催事販売","熊本県熊本市西区春日3丁目15-26","",32.788826,130.688761,"","有限会社天平フーズ","3160002011398","滋賀県高島市新旭町太田７７５番地","","","","","","","届出","",""
"043100","fBiz00001418230000000060","熊本県","熊本市中央区","アミュプラザくまもと","アミュプラザクマモト","⑬ その他の食料・飲料販売業","催事販売","熊本県熊本市西区春日3丁目15-26","",32.788826,130.688761,"","有限会社天平フーズ","3160002011398","滋賀県高島市新旭町太田７７５番地","","","","","","","届出","",""
"043100","fBiz00001432140000000001","熊本県","熊本市中央区","株式会社白木商店","カブシキガイシャシラキショウテン","⑦ 野菜果物販売業","食品販売業","熊本県熊本市西区田崎町下寄430-12","",32.783087,130.676494,"0963542477","株式会社白木商店","5330001012238","熊本県熊本市西区田崎町下寄430-12","","","","","","","届出","",""
"043100","fBiz00001441310000000001","熊本県","熊本市中央区","","","㉖ 集団給食施設","","","","","","","","","","","","","","","","届出","",""
"043100","fBiz00001441310000000002","熊本県","熊本市中央区","","","㉖ 集団給食施設","","","","","","","","","","","","","","","","届出","",""
"043100","fBiz00001445140000000296","熊本県","熊本市中央区","松屋・松のや　熊本新市街店","マツヤ・マツノヤ　クマモトシンシガイテン","① 飲食店営業","牛丼屋・とんかつ屋","熊本県熊本市中央区新市街9-4","熊本第一ファームビル1F",32.798793,130.706844,"080-9825-7025","株式会社松屋フーズ","8012401033917","東京都武蔵野市中町一丁目14番5号","指令（食保）第50961号",2023/11/16,2023/11/16,2023/12/01,2029/11/30,"","許可","",""
"043100","fBiz00001445140000000895","熊本県","熊本市中央区","松屋・松のや　熊本桜木店","マツヤ・マツノヤ　クマモトサクラギテン","① 飲食店営業","牛丼屋・とんかつ屋","熊本県熊本市東区桜木四丁目2番63号","",32.781809,130.783624,"070-7657-0198","株式会社松屋フーズ","8012401033917","東京都武蔵野市中町一丁目14番5号","指令（食保）第52271号",2025/10/21,2025/10/21,2025/10/21,2031/11/30,"","許可","",""
"043100","fBiz00001463190000000007","熊本県","熊本市中央区","","","⑩ コンビニエンスストア","","","","","","","","","","","","","","","","届出","",""
"043100","fBiz00001473430000000068","熊本県","熊本市中央区","一蘭　熊本下通店","イチラン　クマモトシモドオリテン","① 飲食店営業","飲食店","熊本県熊本市中央区下通1丁目10番3号","銀座プレイスKUMAMOTOビル　1階A区画",32.800360,130.708687,"","株式会社一蘭","4290001006278","福岡県福岡市博多区中洲５丁目３番２号","指令（食保）第52171号",2025/08/04,2025/08/04,2025/08/04,2032/08/31,"","許可","",""
"043100","fBiz00001473570000000001","熊本県","熊本市中央区","株式会社　王樹製薬","カブシキガイシャ　オウジュセイヤク","⑮ いわゆる健康食品の製造・加工業","食品製造業（粉末食品・打錠食品）","熊本県熊本市南区近見7丁目10-1","",32.759079,130.691569,"096-319-1515","株式会社王樹製薬","8330001000628","熊本県熊本市南区近見７丁目１０番１号","","","","","","","届出","",""
"043100","fBiz00001473570000000002","熊本県","熊本市中央区","株式会社　王樹製薬　日吉工場","カブシキガイシャ　オウジュセイヤク　ヒヨシコウジョウ","⑮ いわゆる健康食品の製造・加工業","食品製造業","熊本県熊本市南区日吉1丁目8-34","",32.760614,130.684998,"096-358-5519","株式会社王樹製薬","8330001000628","熊本県熊本市南区近見７丁目１０番１号","","","","","","","届出","",""
"043100","fBiz00001474860000000001","熊本県","熊本市中央区","鶴屋フーディワン楠店","ツルヤフーディワンクスノキテン","⑪ 百貨店、総合スーパー","","熊本県熊本市北区楠3丁目10番30号","",32.847487,130.757564,"","鶴屋商事株式会社","5330001003047","熊本県熊本市中央区安政町3番35号","","","","","","","届出","",""
"043100","fBiz00001474860000000002","熊本県","熊本市中央区","鶴屋フーディワン浜線店","ツルヤフーディワンハマセンテン","⑪ 百貨店、総合スーパー","","熊本県熊本市南区田迎5丁目16番16号","",32.774752,130.717725,"","鶴屋商事株式会社","5330001003047","熊本県熊本市中央区安政町3番35号","","","","","","","届出","",""
"043100","fBiz00001474860000000003","熊本県","熊本市中央区","鶴屋フーディワン御領店","ツルヤフーディワンゴリョウテン","⑪ 百貨店、総合スーパー","","熊本県熊本市東区御領1丁目12番25号","",32.821105,130.761932,"","鶴屋商事株式会社","5330001003047","熊本県熊本市中央区安政町3番35号","","","","","","","届出","",""
"043100","fBiz00001474860000000004","熊本県","熊本市中央区","鶴屋フーディワン新大江店","ツルヤフーディワンシンオオエテン","⑪ 百貨店、総合スーパー","","熊本県熊本市中央区新大江3丁目4番20号","",32.801536,130.736397,"","鶴屋商事株式会社","5330001003047","熊本県熊本市中央区安政町3番35号","","","","","","","届出","",""
"043100","fBiz00001478500000000001","熊本県","熊本市中央区","ばってんの湯","バッテンノユ","③ 乳類販売業","温泉施設","熊本県熊本市東区江津3丁目5-17","",32.775578,130.738203,"096-379-8111","有限会社田川商店","5330002012278","熊本県熊本市西区春日４丁目２５番１０号","","","","","","","届出","",""
"043100","fBiz00001481250000000008","熊本県","熊本市中央区","中村青果","ナカムラセイカ","⑦ 野菜果物販売業","","熊本県熊本市西区田崎町484","",32.781860,130.676946,"096-323-2460","中村義治","","熊本県熊本市西区城山半田2丁目9-10","","","","","","","届出","",""
"043100","fBiz00001483950000000116","熊本県","熊本市中央区","アミュプラザ熊本　24/7　SUPPLY","アミュプラザクマモト　トゥウェンティーフォー　サプライ","⑬ その他の食料・飲料販売業","８/７～１/３１催事","熊本県熊本市西区春日3-15-26","",32.788826,130.688761,"","ココク株式会社","9160001016649","滋賀県湖南市石部西三丁目6-8","","","","","","","届出","",""
"043100","fBiz00001513650000000001","熊本県","熊本市中央区","","","⑨ 通信販売・訪問販売による販売業","","","","","","","","","","","","","","","","届出","",""
"043100","fBiz00001513650000000001","熊本県","熊本市中央区","","","⑬ その他の食料・飲料販売業","","","","","","","","","","","","","","","","届出","",""
"043100","fBiz00001514270000000001","熊本県","熊本市中央区","セブン‐イレブン熊本鶴羽田店","セブンイレブンクマモトツルハタテン","⑩ コンビニエンスストア","コンビニ","熊本県熊本市北区鶴羽田１丁目１０－６","",32.856297,130.725811,"","坂口信之","","熊本県熊本市北区鶴羽田１丁目１０番６号","","","","","","","届出","",""
"043100","fBiz00001514560000000001","熊本県","熊本市中央区","","","⑨ 通信販売・訪問販売による販売業","","","","","","","","","","","","","","","","届出","",""
"043100","fBiz00001514560000000001","熊本県","熊本市中央区","","","⑬ その他の食料・飲料販売業","","","","","","","","","","","","","","","","届出","",""
"043100","fBiz00001518880000000063","熊本県","熊本市中央区","すき家　熊本四方寄店","スキヤ　クマモトヨモギテン","⑬ その他の食料・飲料販売業","","熊本県熊本市北区四方寄町508-6","",32.858475,130.709659,"","株式会社すき家","2010401093920","東京都港区港南２丁目１８番１号","","","","","","","届出","",""
"043100","fBiz00001518880000000064","熊本県","熊本市中央区","すき家　熊本野中店","スキヤ　クマモトノナカテン","⑬ その他の食料・飲料販売業","","熊本県熊本市西区野中1丁目6-12","",32.775685,130.680584,"","株式会社すき家","2010401093920","東京都港区港南２丁目１８番１号","","","","","","","届出","",""
"043100","fBiz00001518880000000065","熊本県","熊本市中央区","すき家　熊本東BP店","スキヤ　クマモトヒガシバイパステン","⑬ その他の食料・飲料販売業","","熊本県熊本市東区下南部3丁目17-71","",32.825435,130.764199,"","株式会社すき家","2010401093920","東京都港区港南２丁目１８番１号","","","","","","","届出","",""
"043100","fBiz00001518880000000066","熊本県","熊本市中央区","すき家　57号熊本田井島店","スキヤ　ゴジュウナナゴウクマモトタイノシマテン","⑬ その他の食料・飲料販売業","","熊本県熊本市南区田迎町田井島208","",32.698815,130.680883,"","株式会社すき家","2010401093920","東京都港区港南２丁目１８番１号","","","","","","","届出","",""
"043100","fBiz00001518880000000067","熊本県","熊本市中央区","すき家　熊本秋津店","スキヤ　クマモトアキツテン","⑬ その他の食料・飲料販売業","","熊本県熊本市東区沼山津3丁目1-11","",32.777821,130.779593,"","株式会社すき家","2010401093920","東京都港区港南２丁目１８番１号","","","","","","","届出","",""
"043100","fBiz00001518880000000068","熊本県","熊本市中央区","すき家　3号熊本藤崎店","スキヤ　サンゴウクマモトフジサキテン","⑬ その他の食料・飲料販売業","","熊本県熊本市中央区妙体寺町2-1","",32.810737,130.715902,"","株式会社すき家","2010401093920","東京都港区港南２丁目１８番１号","","","","","","","届出","",""
"043100","fBiz00001518880000000069","熊本県","熊本市中央区","すき家　熊本新市街店","スキヤ　クマモトシンシガイテン","⑬ その他の食料・飲料販売業","","熊本県熊本市中央区新市街7-25","第二新世界会館ビル1階",32.798900,130.705281,"","株式会社すき家","2010401093920","東京都港区港南２丁目１８番１号","","","","","","","届出","",""
"043100","fBiz00001518880000000176","熊本県","熊本市中央区","すき家　3号熊本藤崎店","スキヤ　サンゴウクマモトフジサキテン","① 飲食店営業","牛丼屋","熊本県熊本市中央区妙体寺町2-1","",32.810737,130.715902,"","株式会社すき家","2010401093920","東京都港区港南２丁目１８番１号","指令（食保）第50325号",2022/11/04,2022/11/04,2022/12/01,2028/11/30,"","許可","",""
"043100","fBiz00001518880000000184","熊本県","熊本市中央区","すき家　熊本武蔵ケ丘店","スキヤ　クマモトムサシガオカテン","① 飲食店営業","牛丼屋","熊本県熊本市北区武蔵ケ丘一丁目4番17号","",32.852144,130.766699,"","株式会社すき家","2010401093920","東京都港区港南２丁目１８番１号","指令（食保）第50457号",2023/02/22,2023/02/22,2023/02/22,2029/02/28,"","許可","なし",""
"043100","fBiz00001518880000000185","熊本県","熊本市中央区","すき家　熊本武蔵ケ丘店","スキヤ　クマモトムサシガオカテン","⑬ その他の食料・飲料販売業","牛丼屋","熊本県熊本市北区武蔵ケ丘一丁目4番17号","",32.852144,130.766699,"","株式会社すき家","2010401093920","東京都港区港南２丁目１８番１号","","","","","","","届出","",""
"043100","fBiz00001518880000000257","熊本県","熊本市中央区","すき家　熊本四方寄店","スキヤ　クマモトヨモギテン","① 飲食店営業","牛丼屋","熊本県熊本市北区四方寄町508-6","",32.858475,130.709659,"","株式会社すき家","2010401093920","東京都港区港南２丁目１８番１号","指令（食保）第51754号",2024/11/29,2024/11/29,2024/12/01,2031/11/30,"","許可","",""
"043100","fBiz00001526880000000001","熊本県","熊本市中央区","社会福祉法人　松風会　明星保育園","シャカイフクシホウジン　ショウフウカイ　ミョウジョウホイクエン","㉖ 集団給食施設","集団給食施設　保育所","熊本県熊本市南区出仲間2丁目1-20","",32.771763,130.714252,"0962841910","社会福祉法人　松風会　明星保育園","5330005009098","熊本県熊本市南区出仲間2丁目1-20","","","","","","","届出","",""
"043100","fBiz00001540120000000004","熊本県","熊本市中央区","コルディアーレ熊本農園","コルディアーレクマモトノウエン","⑦ 野菜果物販売業","農林水産業(水耕栽培)","熊本県熊本市北区植木町植木43-1","",32.891612,130.690780,"096-275-5006","株式会社ＪＳＨ","9010001174841","東京都中央区京橋1丁目1番5号セントラルビル4階","","","","","","","届出","",""
"043100","fBiz00001540120000000032","熊本県","熊本市中央区","コルディアーレ熊本南農園","コルディアーレクマモトミナミノウエン","⑦ 野菜果物販売業","農林水産業（水耕栽培）","熊本県熊本市南区奥古閑町280-2","",32.730685,130.640191,"096-245-8951","株式会社ＪＳＨ","9010001174841","東京都中央区京橋1丁目1番5号セントラルビル4階","","","","","","","届出","",""
"043100","fBiz00001540120000000035","熊本県","熊本市中央区","コルディアーレ熊本農園","コルディアーレクマモトノウエン","⑦ 野菜果物販売業","農林水産業（水耕栽培）","熊本県熊本市北区植木町岩野32-1","",32.907692,130.698034,"096-275-5006","株式会社ＪＳＨ","9010001174841","東京都中央区京橋1丁目1番5号セントラルビル4階","","","","","","","届出","",""
"043100","fBiz00001544700000000001","熊本県","熊本市中央区","セブン−イレブン熊本画図所島","セブンイレブンクマモトエヅトコロジマ","⑩ コンビニエンスストア","コンビニエンスストア","熊本県熊本市東区画図町所島123−1","",32.771914,130.732412,"0963702887","","","","","","","","","","届出","",""
"043100","fBiz00001547040000000002","熊本県","熊本市中央区","","","⑦ 野菜果物販売業","","","","","","","","","","","","","","","","届出","",""
"043100","fBiz00001547040000000004","熊本県","熊本市中央区","","","⑦ 野菜果物販売業","","","","","","","","","","","","","","","","届出","",""
"043100","fBiz00001555690000000002","熊本県","熊本市中央区","ミスタードーナツ熊本下通り","ミスタードーナツクマモトシモトオリ","⑬ その他の食料・飲料販売業","","熊本県熊本市中央区新市街6－6","",32.799284,130.707550,"0963553901","株式会社 大進","8330003001112","熊本県熊本市東区健軍3丁目51-16","","","","","","","届出","",""
"043100","fBiz00001555930000000001","熊本県","熊本市中央区","ミスタードーナツゆめタウンはません","ミスタードーナツ ユメタウンハマセン","⑬ その他の食料・飲料販売業","","熊本県熊本市南区田井島一丁目2-1","",32.770146,130.727830,"0963705113","","","","","","","","","","届出","",""
"043100","fBiz00001555930000000002","熊本県","熊本市中央区","ミスタードーナツゆめタウンはません","ミスタードーナツ ユメタウンハマセン","⑬ その他の食料・飲料販売業","","熊本県熊本市南区田井島一丁目2-1","",32.770146,130.727830,"0963705113","株式会社 大進","8330003001112","熊本県熊本市東区健軍3-51-16","","","","","","","届出","",""
"043100","fBiz00001563730000000001","熊本県","熊本市中央区","ミスタードーナツ熊本清水バイパス","ミスタードーナツクマモトシミズバイパス","⑬ その他の食料・飲料販売業","飲食業","熊本県熊本市北区室園町2-26","",32.825628,130.722460,"096-343-6842","","","","","","","","","","届出","",""
"043100","fBiz00001563730000000002","熊本県","熊本市中央区","ミスタードーナツ　日赤通り","ミスタードーナツ　ニッセキトオリ","⑬ その他の食料・飲料販売業","飲食業","熊本県熊本市東区長嶺南４丁目1-1","",32.809851,130.770920,"096-340-0165","","","","","","","","","","届出","",""
"043100","fBiz00001563730000000005","熊本県","熊本市中央区","ミスタードーナツ　ゆめタウン大江","ミスタードーナツ　ユメタウンオオエ","⑬ その他の食料・飲料販売業","飲食業","熊本県熊本市中央区大江３丁目2-40","",32.802866,130.725837,"096-373-6211","","","","","","","","","","届出","",""
"043100","fBiz00001564560000000013","熊本県","熊本市中央区","","","⑬ その他の食料・飲料販売業","","","","","","","","","","","","","","","","届出","",""
"043100","fBiz00001598290000000002","熊本県","熊本市中央区","セブンイレブン熊本インター店","セブンイレブンクマモトインターテン","⑩ コンビニエンスストア","小売業","熊本県熊本市東区御領8丁目2-1","",32.828317,130.767843,"096-389-3010","","","","","","","","","","届出","",""
"043100","fBiz00001602870000000002","熊本県","熊本市中央区","株式会社ありがとうファーム","カブシキガイシャアリガトウファーム","⑦ 野菜果物販売業","青果店","熊本県熊本市西区上代2丁目124-1","",32.780484,130.673699,"0963228777","株式会社ありがとうファーム","8330001016979","熊本県熊本市西区上代2丁目124-1","","","","","","","届出","",""
"043100","fBiz00006241060000000001","熊本県","熊本市中央区","株式会社　丈山社","カブシキガイシャ　ジョウザンシャ","⑬ その他の食料・飲料販売業","","熊本県熊本市西区上代９丁目２番２０号","",32.783034,130.660931,"096-329-7878","","","","","","","","","","届出","",""
"043100","fBiz00001612800000000003","熊本県","熊本市中央区","有限会社ディーグリーン","ユウゲンガイシャディーグリーン","⑦ 野菜果物販売業","青果卸","熊本県熊本市西区田崎町484","",32.781860,130.676946,"09086696776","有限会社ディーグリーン","7330002020790","熊本県熊本市西区田崎町484","","","","","","","届出","",""
"043100","fBiz00001632510000000001","熊本県","熊本市中央区","有限会社原田商店","ユウゲンガイシャハラダショウテン","⑦ 野菜果物販売業","青果物卸売業","熊本県熊本市西区田崎町484","",32.781860,130.676946,"","","","","","","","","","","届出","",""
"043100","fBiz00001639790000000001","熊本県","熊本市中央区","セブンイレブン熊本灰塚店","セブンイレブンクマモトハイヅカテン","⑩ コンビニエンスストア","コンビニエンスストア","熊本県熊本市東区東京塚町１９－２４","",32.796967,130.756229,"0963816176","株式会社たけみや","2330001008825","熊本県熊本市東区東京塚町１９番２４号","","","","","","","届出","",""
"043100","fBiz00001645410000000001","熊本県","熊本市中央区","有限会社かねしん","ユウゲンガイシャ","⑦ 野菜果物販売業","食品販売","熊本県熊本市南区近見2丁目21-31","",32.764695,130.687451,"0963226373","有限会社かねしん","8330002002243","熊本県熊本市南区近見2丁目21-31","","","","","","","届出","",""
"043100","fBiz00001647220000000005","熊本県","熊本市中央区","星めぐりお菓子工房","ホシメグリオカシコウボウ","㉔ その他の食料品製造・加工業","菓子製造業","熊本県熊本市中央区国府4-7-9","",32.785353,130.728549,"08085632908","東町佳代子","","熊本県熊本市中央区国府４－７－９","","","","","","","届出","",""
"043100","fBiz00001647780000000001","熊本県","熊本市中央区","畑まるごとマーケット有機生活","ハタケマルゴトマーケットユウキセイカツ","⑪ 百貨店、総合スーパー","","熊本県熊本市東区佐土原2丁目4-20","",32.790687,130.777437,"096-365-3910","合同会社有機生活","9330003004642","熊本県熊本市東区佐土原2丁目4-20","","","","","","","届出","",""
"043100","fBiz00001651990000000001","熊本県","熊本市中央区","甲佐養鰻場","コウサヨウマンジョウ","⑨ 通信販売・訪問販売による販売業","店頭販売・通信販売","熊本県熊本市西区池田1丁目20-43","",32.823231,130.702527,"0963545364","山本建設株式会社","1330001004759","熊本県熊本市西区池田4丁目16-16","","","","","","","届出","",""
"043100","fBiz00001651990000000001","熊本県","熊本市中央区","甲佐養鰻場","コウサヨウマンジョウ","⑬ その他の食料・飲料販売業","店頭販売・通信販売","熊本県熊本市西区池田1丁目20-43","",32.823231,130.702527,"0963545364","山本建設株式会社","1330001004759","熊本県熊本市西区池田4丁目16-16","","","","","","","届出","",""
"043100","fBiz00001651990000000002","熊本県","熊本市中央区","山本建設株式会社","ヤマモトケンセツカブシキガイシャ","⑮ いわゆる健康食品の製造・加工業","","熊本県熊本市西区池田1丁目20-43","",32.823231,130.702527,"","山本建設株式会社","1330001004759","熊本県熊本市西区池田4丁目16-16","","","","","","","届出","",""
"043100","fBiz00001651990000000003","熊本県","熊本市中央区","","","㉔ その他の食料品製造・加工業","","","","","","","","","","","","","","","","届出","",""
"043100","fBiz00001659180000000002","熊本県","熊本市中央区","杉野商店","スギノシゲル","⑬ その他の食料・飲料販売業","１２月３日","熊本県熊本市中央区上通町2-2番地","熊日ビプレス広場",32.803409,130.710945,"090-2584-1068","杉野繁","","熊本県菊池郡大津町大字引水１３１番地１　引水団地　３－２－２","","","","","","","届出","",""
"043100","fBiz00001659180000000009","熊本県","熊本市中央区","杉野商店","スギノシゲル","⑬ その他の食料・飲料販売業","１０月2日　10月3日","熊本県熊本市中央区上通町2-2番地熊日ビプレス広場","",32.803264,130.711525,"090-2584-1068","杉野繁","","熊本県菊池郡大津町大字引水１３１番地１　引水団地　３－２－２","","","","","","","届出","",""
"043100","fBiz00001659180000000013","熊本県","熊本市中央区","杉野商店","スギノシゲル","⑬ その他の食料・飲料販売業","","熊本県熊本市南区流通団地1丁目24番地","熊本市流通情報会館",32.767473,130.705394,"09025841068","杉野繁","","熊本県菊池郡大津町引水131-1　引水団地3-2-2","","","","","","","届出","",""
"043100","fBiz00001659180000000015","熊本県","熊本市中央区","杉野商店","スギノショウテン","⑬ その他の食料・飲料販売業","3月２０日","熊本県熊本市中央区上通町2-2番地","熊日ビプレス広場",32.803409,130.710945,"090-2584-1068","杉野繁","","熊本県菊池郡大津町大字引水１３１番地１　引水団地　３－２－２","","","","","","","届出","",""
"043100","fBiz00001662190000000005","熊本県","熊本市中央区","丸源ラーメン熊本上京塚店","マルゲンラーメンクマモトカミキョウヅカテン","⑬ その他の食料・飲料販売業","","熊本県熊本市中央区上京塚町1-17","",32.792134,130.745516,"0962138188","株式会社食物語","4340001013153","鹿児島県鹿児島市西陵３丁目２８番２２号","","","","","","","届出","",""
"043100","fBiz00001665390000000001","熊本県","熊本市中央区","有限会社熊川食品","ユウゲンガイシャクマガワショクヒン","⑬ その他の食料・飲料販売業","","熊本県熊本市西区田崎町484","",32.781860,130.676946,"0963232440","有限会社熊川食品","1330002003066","熊本県熊本市中央区大江1丁目22-14","","","","","","","届出","",""
"043100","fBiz00001666060000000002","熊本県","熊本市中央区","Emile International School","エミルインターナショナルスクール","㉖ 集団給食施設","","熊本県熊本市中央区坪井1-3-43","",32.808997,130.711725,"096-343-5888","有限会社Ｅｍｉｌｅ．Ｋスクール","4330002015265","熊本県熊本市中央区坪井１丁目３番４３号","","","","","","","届出","",""
"043100","fBiz00001671810000000001","熊本県","熊本市中央区","","","② 食肉販売業（包装済みの食肉のみの販売）","","","","","","","","","","","","","","","","届出","",""
"043100","fBiz00001671810000000001","熊本県","熊本市中央区","","","⑬ その他の食料・飲料販売業","","","","","","","","","","","","","","","","届出","",""
"043100","fBiz00001672980000000003","熊本県","熊本市中央区","来来亭　本山店","ライライテイ　モトヤマテン","① 飲食店営業","","熊本県熊本市中央区本山町131番地","",32.785290,130.700814,"0963278235","株式会社真心","3250001004410","山口県宇部市神原町二丁目1-60","指令（食保）第50426号",2023/02/15,2023/02/15,2023/03/01,2029/02/28,"","許可","",""
"043100","fBiz00001674180000000001","熊本県","熊本市中央区","きらら保育園","キララホイクエン","㉖ 集団給食施設","保育所","熊本県熊本市北区清水新地2丁目8番1号","",32.847438,130.733669,"0963448329","社会福祉法人清水会","6330005001509","熊本県熊本市北区清水新地２丁目８番１号","","","","","","","届出","",""
"043100","fBiz00001683760000000022","熊本県","熊本市中央区","ナフコ富合店","ナフコトミアイテン","⑬ その他の食料・飲料販売業","","熊本県熊本市南区富合町清藤６８番地","",32.717752,130.676278,"096-311-3711","","","","","","","","","","届出","",""
"043100","fBiz00001683760000000588","熊本県","熊本市中央区","ホームプラザナフコ　北熊本店","ホームプラザナフコ　キタクマモトテン","⑬ その他の食料・飲料販売業","ホームセンター","熊本県熊本市北区大窪１丁目１番１７号","",32.842538,130.709831,"096-352-1231","","","","","","","","","","届出","",""
"043100","fBiz00001683760000000590","熊本県","熊本市中央区","ホームプラザナフコ　城南店","ホームプラザナフコ　ジョウナンテン","⑬ その他の食料・飲料販売業","ホームセンター","熊本県熊本市南区城南町東阿高１４８５番地","",32.696998,130.726082,"0964-46-6071","","","","","","","","","","届出","",""
"043100","fBiz00001683760000000592","熊本県","熊本市中央区","ホームプラザナフコ　江津店","ホームプラザナフコ　エヅテン","⑬ その他の食料・飲料販売業","ホームセンター","熊本県熊本市東区江津２丁目３７番４７号","",32.772706,130.731893,"096-363-7250","","","","","","","","","","届出","",""
"043100","fBiz00001683760000000594","熊本県","熊本市中央区","ホームプラザナフコ　健軍店","ホームプラザナフコ　ケングンテン","⑬ その他の食料・飲料販売業","ホームセンター","熊本県熊本市東区錦ケ丘３０－１０","",32.790331,130.758859,"096-369-3131","","","","","","","","","","届出","",""
"043100","fBiz00001683760000000596","熊本県","熊本市中央区","ホームプラザナフコ　黒髪店","ホームプラザナフコ　クロカミテン","⑬ その他の食料・飲料販売業","ホームセンター","熊本県熊本市中央区黒髪１丁目１３－１３","",32.818454,130.718651,"096-346-0700","","","","","","","","","","届出","",""
"043100","fBiz00001684530000000001","熊本県","熊本市中央区","有限会社ペプチド・プリマ","ユウゲンガイシャ  ペプチド・プリマ","⑨ 通信販売・訪問販売による販売業","卸売業、小売業、通信販売","熊本県熊本市東区沼山津1丁目25-81","",32.772970,130.777076,"0963694184","有限会社ペプチド・プリマ","3330002009425","熊本県熊本市東区沼山津１丁目25-81","","","","","","","届出","",""
"043100","fBiz00001684530000000001","熊本県","熊本市中央区","有限会社ペプチド・プリマ","ユウゲンガイシャ  ペプチド・プリマ","⑬ その他の食料・飲料販売業","卸売業、小売業、通信販売","熊本県熊本市東区沼山津1丁目25-81","",32.772970,130.777076,"0963694184","有限会社ペプチド・プリマ","3330002009425","熊本県熊本市東区沼山津１丁目25-81","","","","","","","届出","",""
"043100","fBiz00001684530000000001","熊本県","熊本市中央区","有限会社ペプチド・プリマ","ユウゲンガイシャ  ペプチド・プリマ","⑮ いわゆる健康食品の製造・加工業","卸売業、小売業、通信販売","熊本県熊本市東区沼山津1丁目25-81","",32.772970,130.777076,"0963694184","有限会社ペプチド・プリマ","3330002009425","熊本県熊本市東区沼山津１丁目25-81","","","","","","","届出","",""
"043100","fBiz00001733260000000002","熊本県","熊本市中央区","","","⑦ 野菜果物販売業","","","","","","","","","","","","","","","","届出","",""
"043100","fBiz00001733790000000001","熊本県","熊本市中央区","久勝","キュウショウ","② 食肉販売業（包装済みの食肉のみの販売）","飲食業","熊本県熊本市北区鶴羽田1-14-31","",32.854334,130.725876,"","株式会社山鹿フードサービス","5330001026741","熊本県山鹿市鹿本町御宇田717","","","","","","","届出","",""
"043100","fBiz00001770610000000055","熊本県","熊本市中央区","株式会社ひよ子","カブシキガイシャヒヨコ","⑬ その他の食料・飲料販売業","イベントホールでの菓子販売","熊本県熊本市南区県内一円","",32.740191,130.682476,"０９２５４１８２１１","株式会社ひよ子","6290001002060","福岡県福岡市南区向野１丁目１６番１３号","","","","","","","届出","",""
"043100","fBiz00001782950000000001","熊本県","熊本市中央区","株式会社アド・コム","カブシキガイシャアド・コム","⑬ その他の食料・飲料販売業","","熊本県熊本市中央区本山四丁目6-35","",32.790490,130.699730,"0963525500","株式会社アドルーム","7330001000190","熊本県熊本市東区錦ケ丘7-24","","","","","","","届出","",""
"043100","fBiz00001817010000000001","熊本県","熊本市中央区","","","⑫ 自動販売機による販売業（コップ式自動販売機（自動洗浄・屋内設置）及び営業許可の対象となる自動販売機を除く）","冷凍状態の商品を自動販売機（加熱機能なし）で販売","","","","","","","","","","","","","","","届出","",""
"043100","fBiz00001853240000000030","熊本県","熊本市中央区","マルシェ•オ・パン","マルシェ　オ　パン","⑬ その他の食料・飲料販売業","","熊本県熊本市北区大窪1丁目6-1","",32.845912,130.712381,"","原田攻","","熊本県合志市豊岡1900番地38","","","","","","","届出","",""
"043100","fBiz00001853240000000033","熊本県","熊本市中央区","マルシェ•オ・パン","マルシェ　オ　パン","⑬ その他の食料・飲料販売業","","熊本県熊本市東区東本町15-1","",32.779582,130.764256,"","原田攻","","熊本県合志市豊岡1900番地38","","","","","","","届出","",""
"043100","fBiz00001853240000000034","熊本県","熊本市中央区","マルシェ・オ・パン","マルシェ・オ・パン","⑬ その他の食料・飲料販売業","","熊本県熊本市北区楠3丁目2−13","",32.849078,130.754613,"","原田攻","","熊本県合志市豊岡1900番地38","","","","","","","届出","",""
"043100","fBiz00001853240000000049","熊本県","熊本市中央区","マルシェ・オ・パン","マルシェオパン","⑬ その他の食料・飲料販売業","マルシェ・オ・パンにて製造した商品を個包装､保冷バック使用。直射日光を避け、冷暗所に保管。","熊本県熊本市東区桜木6丁目6−1","TSUTAYAさくらの森店",32.790369,130.781895,"","原田攻","","熊本県合志市豊岡1900番地38","","","","","","","届出","",""
"043100","fBiz00001853240000000050","熊本県","熊本市中央区","マルシェ・オ・パン","マルシェ　オ　パン","⑬ その他の食料・飲料販売業","","熊本県熊本市中央区黒髪3丁目3−１０男女共同参画センター　はあもにい","",32.819442,130.719756,"","原田攻","","熊本県合志市豊岡1900番地38","","","","","","","届出","",""
"043100","fBiz00001868390000000015","熊本県","熊本市中央区","けやきの杜","ケヤキノモリ","㉙ その他","マルシェに年に1～2回出店","熊本県熊本市中央区花畑町7-7","熊本まちなか広場",32.799452,130.704860,"","大神麻衣子","","福岡県福岡市西区泉1丁目14-3","","","","","","","届出","",""
"043100","fBiz00001869420000000014","熊本県","熊本市中央区","","","⑬ その他の食料・飲料販売業","","","","","","","","","","","","","","","","届出","",""
"043100","fBiz00001904320000000001","熊本県","熊本市中央区","有限会社 熊本有機農産","ユウゲンカイシャ クマモトユウキノウサン","㉕ そうざい製造業","","熊本県熊本市東区戸島町2459-6","",32.812524,130.793625,"0963808821","株式会社ベジアークス","3330001029647","熊本県熊本市東区戸島町２４５９番地６","指令（食保）第51274号",2022/02/14,2022/02/14,2022/03/01,2028/02/29,"","許可","",""
"043100","fBiz00001904320000000001","熊本県","熊本市中央区","有限会社 熊本有機農産","ユウゲンカイシャ クマモトユウキノウサン","㉗ 冷凍食品製造業","","熊本県熊本市東区戸島町2459-6","",32.812524,130.793625,"0963808821","株式会社ベジアークス","3330001029647","熊本県熊本市東区戸島町２４５９番地６","指令（食保）第51275号",2022/02/14,2022/02/14,2022/03/01,2028/02/29,"","許可","",""
"043100","fBiz00001904450000000001","熊本県","熊本市中央区","サービス付き高齢者向け住宅安穏の里","サービスツキコウレイシャムケジュウタクアンノンノサト","㉖ 集団給食施設","飲食店","熊本県熊本市北区植木町滴水212","",32.890605,130.686976,"0962732366","株式会社藤院","2330001012182","熊本県熊本市北区植木町滴水２１２番地","","","","","","","届出","",""
"043100","fBiz00001908100000000026","熊本県","熊本市中央区","丸亀製麺熊本武蔵ヶ丘店","マルガメセイメンクマモトムサシガオカテン","① 飲食店営業","","熊本県熊本市北区武蔵ケ丘7-4-16","",32.856084,130.777392,"","株式会社丸亀製麺","3140001101540","東京都渋谷区道玄坂１丁目２１番１号","指令（食保）50905号",2023/11/09,2023/11/09,2023/12/01,2029/11/30,"","許可","",""
"043100","fBiz00001909720000000002","熊本県","熊本市中央区","","","① 飲食店営業","介護施設","","","","","","","","","指令（食保）第51874号",2025/04/01,2025/04/01,2025/04/01,2031/05/31,"","許可","",""
"043100","fBiz00001911490000000002","熊本県","熊本市中央区","どるちぇ ど さんちょ(移動販売・九州)","ドルチェドサンチョ　イドウハンバイ　キュウシュウ","⑬ その他の食料・飲料販売業","完成品の冷凍販売(調理なし)","","","","","","菓子遊煎株式会社","7430001044954","北海道札幌市西区発寒十一条１４丁目１０６７－１５","","","","","","","届出","",""
"043100","fBiz00001931210000000002","熊本県","熊本市中央区","バスクチーズケーキ専門店RICO","バスクチーズケーキセンモンテンリコ","③ 乳類販売業","菓子製造販売","熊本県熊本市東区戸島西3丁目1-97","スタンドブルー202",32.813036,130.781567,"09078736596","株式会社Ｗｅｓｔ　Ｖｉｌｌａｇｅ","1330001017678","熊本県熊本市東区戸島西３丁目１－９７スタンドブルー２０２","","","","","","","届出","",""
"043100","fBiz00001943140000000012","熊本県","熊本市中央区","","","① 飲食店営業","給食","","","","","","","","","指令（食保）第51121号",2024/03/21,2024/03/21,2024/03/28,2030/05/31,"","許可","飲食店営業",""
"043100","fBiz00001948780000000007","熊本県","熊本市中央区","おらが蕎麦","オラガソバ","① 飲食店営業","","熊本県熊本市中央区手取本町5-1","HAB＠熊本",32.802792,130.710067,"096-274-8722","株式会社グルメ杵屋レストラン","6120001193610","大阪府大阪市住之江区北加賀屋三丁目４番７号","指令（食保）第50542号",2023/04/12,2023/04/12,2023/04/12,2029/05/31,"","許可","",""
"043100","fBiz00001948780000000008","熊本県","熊本市中央区","コリアンキッチンシジャン","コリアンキッチンシジャン","① 飲食店営業","","熊本県熊本市中央区手取本町5-1","HAB＠熊本",32.802792,130.710067,"096-274-8699","株式会社グルメ杵屋レストラン","6120001193610","大阪府大阪市住之江区北加賀屋三丁目４番７号","指令（食保）第50543号",2023/04/12,2023/04/12,2023/04/12,2029/05/31,"","許可","",""
"043100","fBiz00001953260000000001","熊本県","熊本市中央区","青い鳥・ミチルの家","アオイトリ・ミチルノイエ","① 飲食店営業","飲食店営業","熊本県熊本市南区御幸笛田１丁目２－１７","",32.765326,130.715806,"0962855082","有限会社居宅支援事業所・青い鳥","6330002013804","熊本県熊本市南区御幸笛田6丁目1-8","指令（食保）第51279号",2022/02/16,2022/02/16,2022/03/01,2029/02/28,"","許可","",""
"043100","fBiz00001954200000000001","熊本県","熊本市中央区","スイーツカーニバル（イベント）","スイーツカーニバル　イベント","⑬ その他の食料・飲料販売業","完成品の販売","熊本県熊本市南区田井島1-2-1","ゆめタウンはません",32.770146,130.727830,"0963341625","有限会社ウルトラハウス","8330002001170","熊本県熊本市中央区中央街６番７号東洋銀座ビル３階","","","","","","","届出","",""
"043100","fBiz00001984170000000010","熊本県","熊本市中央区","嵐山ルマン","アラシヤマ　ルマン","⑬ その他の食料・飲料販売業","焼き菓子","熊本県熊本市西区春日3-15-26","アミュプラザ熊本194催事区画",32.786087,130.677708,"09094917707","有限会社エバーフリー","8130002022435","京都府京都市右京区嵯峨観空寺明水町４８番地１","","","","","","","届出","",""
"043100","fBiz00001984170000000011","熊本県","熊本市中央区","嵐山ルマン","アラシヤマ　ルマン","⑬ その他の食料・飲料販売業","焼き菓子","熊本県熊本市西区春日3-15-26","アミュプラザ熊本194催事区画",32.786087,130.677708,"09094917707","有限会社エバーフリー","8130002022435","京都府京都市右京区嵯峨観空寺明水町４８番地１","","","","","","","届出","",""
"043100","fBiz00002016600000000019","熊本県","熊本市中央区","熊本銘品蔵","クマモトメイヒングラ","② 食肉販売業（包装済みの食肉のみの販売）","一般店舗","熊本県熊本市西区春日3-15-30肥後よかモン市場","",32.789758,130.688263,"096-351-3187","JR九州リテール株式会社","1290001013566","福岡県福岡市博多区博多駅東1丁目1番14号","","","","","","","届出","",""
"043100","fBiz00002016600000000019","熊本県","熊本市中央区","熊本銘品蔵","クマモトメイヒングラ","③ 乳類販売業","一般店舗","熊本県熊本市西区春日3-15-30肥後よかモン市場","",32.789758,130.688263,"096-351-3187","JR九州リテール株式会社","1290001013566","福岡県福岡市博多区博多駅東1丁目1番14号","","","","","","","届出","",""
"043100","fBiz00002016600000000019","熊本県","熊本市中央区","熊本銘品蔵","クマモトメイヒングラ","⑬ その他の食料・飲料販売業","一般店舗","熊本県熊本市西区春日3-15-30肥後よかモン市場","",32.789758,130.688263,"096-351-3187","JR九州リテール株式会社","1290001013566","福岡県福岡市博多区博多駅東1丁目1番14号","","","","","","","届出","",""
"043100","fBiz00002044430000000002","熊本県","熊本市中央区","らーめん　まる源","ラーメンマルゲン","① 飲食店営業","飲食店営業","熊本県熊本市東区渡鹿9丁目2-41","",32.813416,130.744149,"0963872626","源川 雅博","","熊本県熊本市東区渡鹿9丁目2-41","指令（食保）第51291号",2022/02/25,2022/02/25,2022/03/01,2028/02/29,"","許可","",""
"043100","fBiz00002073260000000003","熊本県","熊本市中央区","歌星人熊本店","カセイジンクマモトテン","① 飲食店営業","","熊本県熊本市北区麻生田3-3-50","",32.849754,130.743535,"0963377540","株式会社ドリームハント","5300001008437","福岡県筑紫野市塔原南３丁目３番２５号","指令（食保）第50338号",2022/11/21,2022/11/21,2022/12/01,2028/11/30,"","許可","",""
"043100","fBiz00002103620000000049","熊本県","熊本市中央区","0H3927熊本","ゼロエイチサンキュウニイナナクマモト","① 飲食店営業","","熊本県熊本市中央区城東町４－７","",32.805441,130.710074,"096-245-6730","株式会社グリーンヘルスケアサービス","7011101030309","東京都新宿区西新宿３丁目２０番２号","指令（食保）第50518号",2023/03/27,2023/03/27,2023/03/27,2029/05/31,"","許可","",""
"043100","fBiz00002103620000000122","熊本県","熊本市中央区","0H3746熊本","ゼロエイチサンナナヨンロククマモト","① 飲食店営業","集団給食","熊本県熊本市南区富合町古閑1012","",32.709363,130.675949,"096-358-5638","株式会社グリーンヘルスケアサービス","7011101030309","東京都新宿区西新宿３丁目２０番２号","指令（食保）第50577号",2022/04/25,2022/04/25,2022/04/25,2029/05/31,"","許可","",""
"043100","fBiz00002151980000000001","熊本県","熊本市中央区","","","⑬ その他の食料・飲料販売業","","","","","","","","","","","","","","","","届出","",""
"043100","fBiz00002151980000000003","熊本県","熊本市中央区","","","① 飲食店営業","","","","","","","","","","指令（食保）第50055号",2022/05/24,2022/05/24,2022/05/24,2028/05/31,"","許可","",""
"043100","fBiz00002165720000000002","熊本県","熊本市中央区","letitbeclothing ","レットイットビークロージング","⑬ その他の食料・飲料販売業","","熊本県熊本市中央区南坪井町8-28","",32.807605,130.713380,"0962737387","下村鉄之輔","","熊本県熊本市中央区南坪井町8-28","","","","","","","届出","",""
"043100","fBiz00006270610000000001","熊本県","熊本市中央区","","","⑯ コーヒー製造・加工業（飲料の製造を除く。）","ネット販売","","","","","","","","","","","","","","","届出","",""
"043100","fBiz00002182510000000003","熊本県","熊本市中央区","都市型保育園ポポラー熊本水前寺公園","トシガタホイクエンポポラークマモトスイゼンジコウエン","㉖ 集団給食施設","","熊本県熊本市中央区出水1-6-5","大進第5ビル1Ｆ",32.789343,130.732905,"096-375-0020","株式会社タスク・フォース","1120001024068","大阪府大阪市北区堂島１丁目5-30","","","","","","","届出","",""
"043100","fBiz00002183740000000002","熊本県","熊本市中央区","ファミリーマート熊本小峯4丁目店","ファミリーマートクマモトオミネヨンチョウメ","⑩ コンビニエンスストア","","熊本県熊本市東区小峯4丁目4-101","",32.800778,130.779740,"0962147188","","","","","","","","","","届出","",""
"043100","fBiz00002195960000000516","熊本県","熊本市中央区","","","① 飲食店営業","飲食店営業","","","","","","","","","指令（食保）第51017号",2023/01/22,2023/01/22,2023/01/22,2029/02/28,"","許可","飲食店営業",""
"043100","fBiz00002273290000000002","熊本県","熊本市中央区","焼肉なべしま　熊本インター店","ヤキニクナベシマ　クマモトインターテン","① 飲食店営業","","熊本県熊本市東区御領8丁目4-84","",32.830655,130.770844,"096-389-8999","有限会社熊本なべしま","3330002013625","熊本県熊本市東区花立５丁目9番15号","指令（食保）第50329号",2022/11/10,2022/11/10,2022/12/01,2028/11/30,"","許可","",""
"043100","fBiz00002273290000000004","熊本県","熊本市中央区","焼肉なべしま　麻生田店","ヤキニクナベシマ　アソウダテン","① 飲食店営業","","熊本県熊本市北区麻生田３丁目14-25","",32.849237,130.745039,"096-337-0429","有限会社熊本なべしま","3330002013625","熊本県熊本市東区花立５丁目9番15号","指令（食保）第50639号",2023/05/26,2023/05/26,2023/06/01,2029/05/31,"","許可","なし",""
"043100","fBiz00002273290000000005","熊本県","熊本市中央区","焼肉　匠番屋","ヤキニク　タクミバンヤ","① 飲食店営業","","熊本県熊本市中央区帯山6丁目3-55","",32.804413,130.758551,"096-383-8929","有限会社熊本なべしま","3330002013625","熊本県熊本市東区花立５丁目9番15号","指令（食保）第50629号",2023/05/24,2023/05/24,2023/06/01,2029/05/31,"","許可","",""
"043100","fBiz00002273290000000006","熊本県","熊本市中央区","炭火焼肉　炙り番や","スミビヤキニク　アブリバンヤ","① 飲食店営業","","熊本県熊本市東区東町4丁目2-52","",32.786225,130.761703,"096-365-8929","有限会社熊本なべしま","3330002013625","熊本県熊本市東区花立５丁目9番15号","指令(食保)第50830号",2023/08/28,2023/08/28,2023/09/01,2029/08/31,"","許可","なし",""
"043100","fBiz00002273290000000010","熊本県","熊本市中央区","BoogieWoogieホルモン","ブギウギホルモン","① 飲食店営業","","熊本県熊本市西区春日３丁目26-47","アミュプラザくまもと　駅から百八歩横丁",32.789217,130.687444,"","有限会社熊本なべしま","3330002013625","熊本県熊本市東区花立５丁目9番15号","指令（食保）第51490号",2024/07/16,2024/07/16,2024/07/16,2030/08/31,"","許可","",""
"043100","fBiz00002273290000000011","熊本県","熊本市中央区","焼肉なべしま　上熊本店","ヤキニクナベシマカミクマモトテン","① 飲食店営業","","熊本県熊本市西区上熊本１丁目１０－２２","",32.816284,130.700304,"096-359-8929","有限会社熊本なべしま","3330002013625","熊本県熊本市東区花立５丁目9番15号","指令(食保)第51848号",2025/02/04,2025/02/04,2025/03/01,2031/02/28,"","許可","無",""
"043100","fBiz00002273290000000012","熊本県","熊本市中央区","焼肉なべしま　田井島店","ヤキニクナベシマタイノシマテン","① 飲食店営業","","熊本県熊本市南区田井島１丁目12‐15","",32.768943,130.726148,"096-370-8929","有限会社熊本なべしま","3330002013625","熊本県熊本市東区花立５丁目9番15号","指令（食保）第52047号",2025/05/23,2025/05/23,2025/06/01,2031/05/31,"","許可","",""
"043100","fBiz00002273370000000001","熊本県","熊本市中央区","がらかぶ料理　美食みやじ","ガラカブリョウリ　ビショクミヤジ","① 飲食店営業","飲食業","熊本県熊本市中央区新市街２－４","２階",32.800018,130.706482,"0963229895","株式会社美食宮地","4330001018574","熊本県熊本市中央区新市街２番４号","指令（食保）第50075号",2022/05/25,2022/05/25,2022/06/01,2028/05/31,"","許可","なし",""
"043100","fBiz00002322580000000023","熊本県","熊本市中央区","OKBagel","オッケーベーグル","⑬ その他の食料・飲料販売業","","熊本県熊本市中央区桜町３－１０","サクラマチクマモト　１階　フードコート側",32.800526,130.703635,"","","","","","","","","","","届出","",""
"043100","fBiz00002322580000000061","熊本県","熊本市中央区","OKBagel","オッケーベーグル","⑬ その他の食料・飲料販売業","","熊本県熊本市中央区桜町３－１０","サクラマチクマモト　１階　フードコート側",32.800526,130.703635,"","","","","","","","","","","届出","",""
"043100","fBiz00002322580000000063","熊本県","熊本市中央区","OKBagel","オッケーベーグル","⑬ その他の食料・飲料販売業","","熊本県熊本市中央区手取本町６－１","",32.802320,130.711005,"","","","","","","","","","","届出","",""
"043100","fBiz00002322580000000081","熊本県","熊本市中央区","OKBagel","オッケーベーグル","⑬ その他の食料・飲料販売業","","熊本県熊本市中央区桜町３－１０","サクラマチクマモト　B1マクドナルド前",32.800526,130.703635,"","","","","","","","","","","届出","",""
"043100","fBiz00002355120000000002","熊本県","熊本市中央区","株式会社リンクファクトリー","カブシキガイシャリンクファクトリー","㉕ 行商","","熊本県熊本市北区周辺、市内一円","",32.880437,130.695574,"","株式会社リンクファクトリー","7190001019659","大阪府大阪市北区梅田2-4-9ブリーゼタワー1F","","","","","","","届出","",""
"043100","fBiz00002419580000000001","熊本県","熊本市中央区","村上商店","ムラカミショウテン","① 魚介類販売業（包装済みの魚介類のみの販売）","食品卸","熊本県熊本市北区ハ景水谷３丁目7番5号","",34.680665,134.997577,"08039543625","村上克哉","","熊本県熊本市北区ハ景水谷３丁目7番5号","","","","","","","届出","",""
"043100","fBiz00002420090000000001","熊本県","熊本市中央区","くまモンビレッジ","クマモンビレッジ","⑬ その他の食料・飲料販売業","小売業","熊本県熊本市中央区桜町3番10号","SAKURA MACHI Kumamoto 2階",32.800526,130.703635,"096-300-5449","株式会社KASSE JAPAN","8330001024049","熊本県熊本市中央区花畑町４番3号","","","","","","","届出","",""
"043100","fBiz00002431170000000001","熊本県","熊本市中央区","Lupus design","ルプスデザイン","① 飲食店営業","バー","熊本県熊本市中央区新屋敷1丁目9-15","濫觴ビル201",32.803331,130.718589,"08056044075","小田綾","","熊本県熊本市中央区水前寺５丁目２４番１８号メゾンドルシエル２０２","指令（食保）第50079号",2022/05/31,2022/05/31,2022/06/01,2028/08/31,"","許可","",""
"043100","fBiz00002439560000000067","熊本県","熊本市中央区","丸亀製麺  熊本佐土原店","マルガメセイメンクマモトサドワラテン","① 飲食店営業","うどん店","熊本県熊本市東区佐土原２－４－１８６","",32.790269,130.778031,"096-360-2105","株式会社丸亀製麺","3140001101540","東京都渋谷区道玄坂１丁目２１番１号","指令(食保)第50557号",2023/04/17,2023/04/17,2023/06/01,2029/05/31,"","許可","無",""
"043100","fBiz00002716640000000002","熊本県","熊本市中央区","(有)矢野畜産","ユウゲンガイシャ　ヤノチクサン","⑨ 食肉処理業","食肉卸","熊本県熊本市中央区九品寺5丁目12-34","",32.790998,130.713440,"0963710321","有限会社　矢野畜産","9330002010815","熊本県熊本市中央区九品寺5-12-34","指令（食保）第50771号",2023/07/25,2023/07/25,2023/09/01,2029/08/31,"","許可","",""
"043100","fBiz00002464740000000004","熊本県","熊本市中央区","淀川食品株式会社　熊本整形外科病院事業所","ヨドガワショクヒン　クマモトセイケイゲカビョウインジギョウショ","① 飲食店営業","集団給食施設（委託）","熊本県熊本市中央区新屋敷1丁目17-1","",32.801134,130.718230,"","淀川食品株式会社","8120001106347","大阪府大阪市淀川区三津屋中一丁目１番２号","指令（食保）第50277号",2022/09/27,2022/09/27,2022/09/27,2028/11/30,"","許可","",""
"043100","fBiz00002464740000000005","熊本県","熊本市中央区","淀川食品株式会社　ケアライフ春日","ヨドガワショクヒンカブシキガイシャ　ケアライフカスガ","① 飲食店営業","集団給食施設（委託）","熊本県熊本市西区春日7丁目16-12","",32.786291,130.680955,"","淀川食品株式会社","8120001106347","大阪府大阪市淀川区三津屋中一丁目１番２号","50386",2022/12/20,2022/12/20,2022/12/20,2030/02/28,"","許可","",""
"043100","fBiz00002464740000000006","熊本県","熊本市中央区","淀川食品株式会社　輝祥苑事業所","ヨドガワショクヒンカブシキガイシャ　キショウエンジギョウショ","① 飲食店営業","集団給食施設（委託）","熊本県熊本市西区戸坂町23-35","",32.797857,130.678344,"0963243177","淀川食品株式会社","8120001106347","大阪府大阪市淀川区三津屋中一丁目１番２号","指令（食保）第50404号",2023/02/06,2023/02/06,2023/03/01,2030/02/28,"","許可","",""
"043100","fBiz00002464740000000009","熊本県","熊本市中央区","淀川食品株式会社　小春ケアパークそよ風事業所","ヨドガワショクヒンカブシキガイシャ　コハルケアパークソヨカゼジギョウショ","① 飲食店営業","集団給食施設（委託）","熊本県熊本市南区島町2丁目18-36","",32.766623,130.678713,"","淀川食品株式会社","8120001106347","大阪府大阪市淀川区三津屋中一丁目１番２号","指令（食保）第51387号",2024/05/23,2024/05/23,2024/05/23,2030/05/31,"","許可","",""
"043100","fBiz00002464740000000011","熊本県","熊本市中央区","淀川食品株式会社　もみの木園事業所","ヨドガワショクヒンカブシキガイシャ　モミノキエンジギョウショ","① 飲食店営業","","熊本県熊本市東区長嶺東５丁目6-123","",32.820636,130.781080,"","淀川食品株式会社","8120001106347","大阪府大阪市淀川区三津屋中一丁目１番２号","指令（食保）第51386号",2024/05/21,2024/05/21,2024/05/21,2030/05/31,"","許可","",""
"043100","fBiz00002464740000000017","熊本県","熊本市中央区","淀川食品株式会社　画図重富苑事業所","ヨドガワショクヒンカブシキガイシャ　エズシゲトミエンジギョウショ","① 飲食店営業","","熊本県熊本市東区画図町重富968","",32.760406,130.730950,"096-370-5010","淀川食品株式会社","8120001106347","大阪府大阪市淀川区三津屋中一丁目１番２号","指令（食保）第51883号",2025/02/25,2025/02/25,2025/03/01,2032/02/29,"","許可","",""
"043100","fBiz00002469210000000001","熊本県","熊本市中央区","南阿蘇珈琲","ミナミアソコーヒー","⑯ コーヒー製造・加工業（飲料の製造を除く。）","","熊本県熊本市中央区大江5-2-11-101","",32.798156,130.720431,"0963717807","田中孝治","","熊本県熊本市中央区大江５－２－１１－１０１","","","","","","","届出","",""
"043100","fBiz00002506430000000001","熊本県","熊本市中央区","カフェインレスコーヒーKUMAMOTO","カフェインレスコーヒークマモト","⑯ コーヒー製造・加工業（飲料の製造を除く。）","","熊本県熊本市東区小山2丁目1-21","G107",32.831085,130.783502,"0962886665","左右田俊","","熊本県熊本市東区小山2丁目1-21-G107","","","","","","","届出","",""
"043100","fBiz00002519090000000002","熊本県","熊本市中央区","VASE","ヴァーズ","① 飲食店営業","バー","熊本県熊本市中央区下通１丁目4-3","熊本ビル501",32.801975,130.708118,"090-7926-3741","米村富雄","","熊本県熊本市中央区妙体寺町３番３号ロフティ藤崎２０３","司令(食保)第50118号",2022/06/23,2022/06/23,2022/06/23,2028/08/31,"","許可","",""
"043100","fBiz00002530630000000001","熊本県","熊本市中央区","","","⑬ その他の食料・飲料販売業","食料品専門店","","","","","","合同会社プロバイオ","6330003009124","熊本県阿蘇郡西原村大字布田１３３０－１","","","","","","","届出","",""
"043100","fBiz00002530630000000001","熊本県","熊本市中央区","","","⑮ いわゆる健康食品の製造・加工業","食料品専門店","","","","","","合同会社プロバイオ","6330003009124","熊本県阿蘇郡西原村大字布田１３３０－１","","","","","","","届出","",""
"043100","fBiz00002530630000000007","熊本県","熊本市中央区","Sweetie&Smoothie","スイーティアンドスムージー","⑬ その他の食料・飲料販売業","","熊本県熊本市中央区上通町2-2番","",32.803409,130.710945,"","株式会社プロバイオ","6330003009124","熊本県阿蘇郡西原村大字布田１３３０－１","","","","","","","届出","",""
"043100","fBiz00002552940000000007","熊本県","熊本市中央区","十善病院厨房　富士産業㈱","ジュウゼンビョウインチュウボウ　フジサンギョウカブシキガイシャ","① 飲食店営業","","熊本県熊本市中央区南熊本3丁目6-34","",32.786720,130.713228,"","富士産業株式会社","7010401026784","東京都港区新橋5-32-7 FIビル","指令（食保）第50470号",2023/09/13,2023/09/13,2023/09/13,2030/11/30,"","許可","",""
"043100","fBiz00002554550000000001","熊本県","熊本市中央区","株式会社中村屋","カブシキガイシャナカムラヤ","⑨ 通信販売・訪問販売による販売業","通信販売業","熊本県熊本市西区田崎町414番地の12","",32.782794,130.678483,"096-200-8555","","","","","","","","","","届出","",""
"043100","fBiz00002567150000000001","熊本県","熊本市中央区","","","① 魚介類販売業（包装済みの魚介類のみの販売）","","","","","","","","","","","","","","","","届出","",""
"043100","fBiz00002567150000000001","熊本県","熊本市中央区","","","⑦ 野菜果物販売業","","","","","","","","","","","","","","","","届出","",""
"043100","fBiz00002567150000000001","熊本県","熊本市中央区","","","⑬ その他の食料・飲料販売業","","","","","","","","","","","","","","","","届出","",""
"043100","fBiz00002567150000000001","熊本県","熊本市中央区","","","⑰ 農産保存食料品製造・加工業","","","","","","","","","","","","","","","","届出","",""
"043100","fBiz00002567150000000001","熊本県","熊本市中央区","","","㉒ 海藻製造・加工業","","","","","","","","","","","","","","","","届出","",""
"043100","fBiz00002606040000000002","熊本県","熊本市中央区","Lounge　ボス","ラウンジ　ボス","① 飲食店営業","スナック","熊本県熊本市中央区下通1-8-18","アイギンザビル8F",32.800598,130.709295,"0963555095","吉住真由美","","熊本県上益城郡益城町惣領1292番地6","50145",2022/07/08,2022/07/08,2022/07/08,2028/08/31,"","許可","",""
"043100","fBiz00002626920000000001","熊本県","熊本市中央区","めかぶの辻","メカブノツジ","⑬ その他の食料・飲料販売業","小売り","熊本県熊本市東区石原1-5-17","",32.841164,130.777234,"09073873721","辻祐次郎","","熊本県熊本市東区石原1-5-17","","","","","","","届出","",""
"043100","fBiz00002640860000000001","熊本県","熊本市中央区","西日本食品工業株式会社","ニシニホンショクヒンコウギョウカブシキガイシャ","㉜ 添加物製造業","","熊本県熊本市南区幸田2丁目6番1号","",32.766727,130.714391,"0963785161","西日本食品工業株式会社","5330001003641","熊本県熊本市南区幸田2丁目6番1号","指令（食保）第50328号",2022/11/24,2022/11/24,2022/12/01,2028/11/30,"","許可","",""
"043100","fBiz00002692500000000012","熊本県","熊本市中央区","Locavore","ロカヴォール","⑬ その他の食料・飲料販売業","菓子製造業（店舗で製造し、個包装したものを販売）","熊本県熊本市中央区県内一円","",32.800537,130.706944,"","高山麻衣","","福岡県八女郡広川町藤田574-1","","","","","","","届出","",""
"043100","fBiz00002726400000000005","熊本県","熊本市中央区","ネッツトヨタ熊本","ネッツトヨタクマモト","⑦ 野菜果物販売業","","熊本県熊本市南区出仲間９丁目２－５０","",32.773484,130.719857,"","ＹＡＣＹＢＥＲ株式会社","4120001191178","大阪府大阪市中央区平野町１丁目６番９号平野町ＫＩビル６Ｆ","","","","","","","届出","",""
"043100","fBiz00002726400000000006","熊本県","熊本市中央区","ネッツトヨタ熊本　ネッツワールド浜線店","ネッツトヨタクマモト　ネッツワールドハマセンテン","⑦ 野菜果物販売業","","熊本県熊本市南区出仲間９丁目２－５０","",32.773484,130.719857,"","ＹＡＣＹＢＥＲ株式会社","4120001191178","大阪府大阪市中央区平野町１丁目６番９号平野町ＫＩビル６Ｆ","","","","","","","届出","",""
"043100","fBiz00002731030000000005","熊本県","熊本市中央区","","","㉕ 行商","","","","","","","","","","","","","","","","届出","",""
"043100","fBiz00002732470000000020","熊本県","熊本市中央区","林檎堂花畑広場　火の国祭り","リンゴドウハナバタヒロバ　ヒノクニマツリ","⑬ その他の食料・飲料販売業","","熊本県熊本市中央区花畑町7-7","",32.799452,130.704860,"","株式会社林檎堂","4330001027518","熊本県熊本市中央区上林町3-36 1F","","","","","","","届出","",""
"043100","fBiz00002732470000000021","熊本県","熊本市中央区","林檎堂","リンゴドウ","⑬ その他の食料・飲料販売業","","熊本県熊本市南区田井島1丁目2-1","ゆめタウンはません",32.770146,130.727830,"","株式会社林檎堂","4330001027518","熊本県熊本市中央区上林町3-36 1F","","","","","","","届出","",""
"043100","fBiz00002737240000000004","熊本県","熊本市中央区","","","① 飲食店営業","スナック","熊本県熊本市中央区新市街3-8","FLAGSビル4階C号",32.799706,130.707514,"0962457250","","","","指令（食保）第50223号",2022/08/16,2022/08/16,2022/08/16,2028/08/31,"","許可","なし",""
"043100","fBiz00002741170000000001","熊本県","熊本市中央区","樋口達也","ヒグチタツヤ","⑬ その他の食料・飲料販売業","移動販売","熊本県熊本市西区花園5丁目25-29 熊本県内一円","",32.816913,130.693311,"07019425381","樋口達也","","熊本県熊本市西区花園5丁目25-29","","","","","","","届出","",""
"043100","fBiz00002777370000000003","熊本県","熊本市中央区","","","⑬ その他の食料・飲料販売業","","","","","","","","","","","","","","","","届出","",""
"043100","fBiz00002896790000000001","熊本県","熊本市中央区","","","① 魚介類販売業（包装済みの魚介類のみの販売）","移動販売","","","","","","","","","","","","","","","届出","",""
"043100","fBiz00002896790000000001","熊本県","熊本市中央区","","","② 食肉販売業（包装済みの食肉のみの販売）","移動販売","","","","","","","","","","","","","","","届出","",""
"043100","fBiz00002896790000000001","熊本県","熊本市中央区","","","③ 乳類販売業","移動販売","","","","","","","","","","","","","","","届出","",""
"043100","fBiz00002896790000000001","熊本県","熊本市中央区","","","⑥ 弁当販売業","移動販売","","","","","","","","","","","","","","","届出","",""
"043100","fBiz00002896790000000001","熊本県","熊本市中央区","","","⑦ 野菜果物販売業","移動販売","","","","","","","","","","","","","","","届出","",""
"043100","fBiz00002896790000000001","熊本県","熊本市中央区","","","⑧ 米穀類販売業","移動販売","","","","","","","","","","","","","","","届出","",""
"043100","fBiz00002896790000000001","熊本県","熊本市中央区","","","⑬ その他の食料・飲料販売業","移動販売","","","","","","","","","","","","","","","届出","",""
"043100","fBiz00002916950000000006","熊本県","熊本市中央区","","","① 飲食店営業","飲食店（自動車営業）","","","","","","","","","指令（食保）第51617号",2024/09/11,2024/09/11,2024/09/11,2029/11/30,"","許可","大量の水を要する自動車営業",""
"043100","fBiz00002965540000000001","熊本県","熊本市中央区","ウエルシア熊本麻生田店","ウエルシアクマモトアソウダテン","⑪ 百貨店、総合スーパー","ドラッグストア","熊本県熊本市北区麻生田二丁目4番10号","",32.848569,130.743655,"096-215-2250","ウエルシア薬局株式会社","3030001002411","東京都千代田区外神田二丁目２番１５号","","","","","","","届出","",""
"043100","fBiz00002990590000000001","熊本県","熊本市中央区","PEAK　COFFEE","ピーク　コーヒー","⑯ コーヒー製造・加工業（飲料の製造を除く。）","","熊本県熊本市西区河内町岳1878-8","",32.809265,130.643509,"0962235206","株式会社axe","3330001006613","熊本県熊本市西区河内町岳1878-8","","","","","","","届出","",""
"043100","fBiz00003002660000000001","熊本県","熊本市中央区","100年ボンドカフェ","ヒャクネンボンドカフェ","⑯ コーヒー製造・加工業（飲料の製造を除く。）","店頭またはECによるコーヒー豆販売","熊本県熊本市中央区内坪井町3-18","",32.810586,130.709940,"096-201-4318","合同会社１００年ボンド","7330003009395","熊本県熊本市中央区内坪井町３－１８","","","","","","","届出","",""
"043100","fBiz00003002660000000002","熊本県","熊本市中央区","100年ボンドカフェ","ヒャクネンボンドカフェ","① 飲食店営業","カフェ営業","熊本県熊本市中央区内坪井町3-18","",32.810586,130.709940,"096-201-4318","合同会社１００年ボンド","7330003009395","熊本県熊本市中央区内坪井町３－１８","指令（食保）第50324号",2022/11/01,2022/11/01,2022/11/01,2028/11/30,"","許可","",""
"043100","fBiz00003003840000000001","熊本県","熊本市中央区","キングミート販売楠店","キングミートハンバイクスノキテン","⑬ その他の食料・飲料販売業","","熊本県熊本市北区楠７－８－１０","スーパーキッド楠店内",32.849816,130.762178,"0963376290","株式会社キングミート販売","3330001020267","熊本県熊本市中央区安政町１－２","","","","","","","届出","",""
"043100","fBiz00003014040000000027","熊本県","熊本市中央区","くまもと県南フードバレーフェスタ2025年10月18・19日","クマモトケンナンフードバレーフェスタ","⑬ その他の食料・飲料販売業","","熊本県熊本市中央区花畑町7-7","花畑広場",32.800066,130.704748,"","株式会社やまえ","8330001016013","熊本県球磨郡山江村万江423","","","","","",2025/10/21,"届出(廃業)","",""
"043100","fBiz00003046250000000002","熊本県","熊本市中央区","","","⑬ その他の食料・飲料販売業","","","","","","","","","","","","","","","","届出","",""
"043100","fBiz00003046250000000003","熊本県","熊本市中央区","","","⑬ その他の食料・飲料販売業","","","","","","","","","","","","","","","","届出","",""
"043100","fBiz00003052860000000034","熊本県","熊本市中央区","FiT24ワンダーシティ南熊本店","フィットニジュウヨンワンダーシティミナミクマモトテン","⑤ コップ式自動販売機（自動洗浄・屋内設置）","フィットネスクラブ","熊本県熊本市中央区九品寺６－９－４３","",32.787430,130.715136,"096-375-0588","株式会社快活フロンティア","4020001037424","神奈川県横浜市都筑区北山田3-1-50","","","","","","","届出","",""
"043100","fBiz00003052860000000038","熊本県","熊本市中央区","FiT24熊本近見店","フィットニジュウヨンクマモトチカミテン","⑤ コップ式自動販売機（自動洗浄・屋内設置）","フィットネスクラブ","熊本県熊本市南区近見６－２０－５５","",32.762965,130.694504,"096-312-8088","株式会社快活フロンティア","4020001037424","神奈川県横浜市都筑区北山田3-1-50","","","","","","","届出","",""
"043100","fBiz00003052860000000089","熊本県","熊本市中央区","FiT24熊本長嶺店","フィットニジュウヨンクマモトナガミネテン","⑤ コップ式自動販売機（自動洗浄・屋内設置）","フィットネスクラブ","熊本県熊本市東区長嶺南３－９－１","",32.810636,130.770580,"096-213-6888","株式会社快活フロンティア","4020001037424","神奈川県横浜市都筑区北山田3-1-50","","","","","","","届出","",""
"043100","fBiz00003069770000000001","熊本県","熊本市中央区","コーヒーパーク","コーヒーパーク","① 飲食店営業","小売店、喫茶店","熊本県熊本市北区室園町9-50","",32.825431,130.722886,"08017746100","清水俊宏","","熊本県熊本市北区八景水谷1-3-43","指令（食保）第50364号",2022/11/24,2022/11/24,2022/12/01,2028/11/30,"","許可","なし",""
"043100","fBiz00003069770000000001","熊本県","熊本市中央区","コーヒーパーク","コーヒーパーク","⑬ その他の食料・飲料販売業","小売店","熊本県熊本市北区室園町9-50","",32.825431,130.722886,"08017746100","清水俊宏","","熊本県熊本市北区八景水谷1-3-43","","","","","","","届出","",""
"043100","fBiz00003090360000000001","熊本県","熊本市中央区","プレジャーワーク株式会社","プレジャーワークカブシキガイシャ","⑬ その他の食料・飲料販売業","移動販売","熊本県熊本市北区梶尾町1194番2号（県内一円）","",32.873879,130.724914,"0963279151","プレジャーワーク株式会社","8330001010115","熊本県熊本市北区梶尾町1194番2号","","","","","","","届出","",""
"043100","fBiz00003115350000000079","熊本県","熊本市中央区","アカチャンホンポ　ゆめタウンはません店","アカチャンホンポ　ユメタウンハマセンテン","⑬ その他の食料・飲料販売業","小売業","熊本県熊本市南区田井島1-2-1","ゆめタウンはません2F",32.770146,130.727830,"096-370-2804","株式会社赤ちゃん本舗","6120001077342","大阪府大阪市中央区南本町3-3-21","","","","","","","届出","",""
"043100","fBiz00003127200000000001","熊本県","熊本市中央区","お母さんが考えたかれーやさんSG","オカアサンガカンガエタカレーヤサンエスジー","① 飲食店営業","弁当販売","熊本県熊本市北区八景水谷1-24-16","",32.849273,130.725175,"0963448616","有限会社えふえふ","2330002007990","熊本県熊本市北区八景水谷4-6-6","指令（食保）第50379号",2022/12/09,2022/12/09,2022/12/09,2028/02/08,"","許可","",""
"043100","fBiz00003127200000000002","熊本県","熊本市中央区","お母さんが考えたかれーやさんSG","オカアサンガカンガエタカレーヤサンエスジー","㉕ そうざい製造業","そうざい製造","熊本県熊本市北区八景水谷1-24-16","",32.849174,130.725332,"0963448616","有限会社えふえふ","2330002007990","熊本県熊本市北区八景水谷4-6-6","指令（食保）第50405号",2023/01/26,2023/01/26,2023/01/26,2029/02/28,"","許可","なし",""
"043100","fBiz00003153460000000001","熊本県","熊本市中央区","兎の穴","ウサギノアナ","① 飲食店営業","","熊本県熊本市西区横手4丁目18番20号","",32.800621,130.684510,"09083501190","","","","50387",2022/12/26,2022/12/26,2022/12/26,2029/02/28,"","許可","",""
"043100","fBiz00003153460000000001","熊本県","熊本市中央区","兎の穴","ウサギノアナ","⑯ コーヒー製造・加工業（飲料の製造を除く。）","","熊本県熊本市西区横手4丁目18番20号","",32.800621,130.684510,"09083501190","財津文哉","","熊本県熊本市西区横手4丁目18番20号","","","","","","","届出","",""
"043100","fBiz00003154860000000001","熊本県","熊本市中央区","火鶏","ヒトリ","㉕ そうざい製造業","焼鳥","熊本県熊本市西区二本木１丁目１－２０ー１F","",32.788023,130.692413,"096-276-6273","高江雄一郎","","熊本県熊本市西区二本木１丁目１－２０ー１F","指令(食保)第50374号",2022/12/02,2022/12/02,2022/12/02,2029/02/28,"","許可","",""
"043100","fBiz00003197760000000001","熊本県","熊本市中央区","株式会社　ベジアークス","カブシキカイシャ　ベジアークス","㉕ そうざい製造業","","熊本県熊本市東区戸島町2459番地6","",32.812524,130.793625,"096-380-8821","株式会社　ベジアークス","3330001029647","熊本県熊本市東区戸島町2459番地6","指令（食保）第50381号",2022/12/14,2022/12/14,2022/12/14,2029/02/28,"","許可","",""
"043100","fBiz00003219430000000038","熊本県","熊本市中央区","","","⑬ その他の食料・飲料販売業","","","","","","","","","","","","","","","","届出","",""
"043100","fBiz00003219430000000075","熊本県","熊本市中央区","","","⑬ その他の食料・飲料販売業","短期イベント出店","","","","","","","","","","","","","","","届出","",""
"043100","fBiz00003219430000000161","熊本県","熊本市中央区","","","⑬ その他の食料・飲料販売業","短期イベント出店（5/29-6/1）","","","","","","","","","","","","","","","届出","",""
"043100","fBiz00003219430000000215","熊本県","熊本市中央区","","","⑬ その他の食料・飲料販売業","短期イベント出店（10/23-10/27）","","","","","","","","","","","","","","","届出","",""
"043100","fBiz00003219430000000221","熊本県","熊本市中央区","","","⑬ その他の食料・飲料販売業","短期イベント出店（11/7-11/11）","","","","","","","","","","","","","","","届出","",""
"043100","fBiz00003219430000000222","熊本県","熊本市中央区","","","⑬ その他の食料・飲料販売業","短期イベント出店（11/21-11/25）","","","","","","","","","","","","","","","届出","",""
"043100","fBiz00003222770000000001","熊本県","熊本市中央区","","","㉓ 卵選別包装業","養鶏業","","","","","","","","","","","","","","","届出","",""
"043100","fBiz00003258030000000001","熊本県","熊本市中央区","","","㉕ 行商","石焼き芋","","","","","","","","","","","","","","","届出","",""
"043100","fBiz00003290980000000002","熊本県","熊本市中央区","コミーダ・デ・バタタ","コミーダデバタタ","⑬ その他の食料・飲料販売業","","熊本県熊本市中央区手取本町６‐1","鶴屋百貨店屋上",32.802761,130.710920,"","田村直人","","熊本県熊本市中央区新大江1-25-27-910　パークマンション熊高正門前","","","","","","","届出","",""
"043100","fBiz00003290980000000010","熊本県","熊本市中央区","","","⑬ その他の食料・飲料販売業","仮設営業","","","","","","","","","","","","","","","届出","",""
"043100","fBiz00003304680000000003","熊本県","熊本市中央区","hopeful-cafe","ホープフルカフェ","⑯ コーヒー製造・加工業（飲料の製造を除く。）","ネット販売","熊本県熊本市西区池上町2459-3","",32.796607,130.670590,"0963598299","植田健之","","熊本県熊本市西区池上町2459-3","","","","","","","届出","",""
"043100","fBiz00003304840000000058","熊本県","熊本市中央区","株式会社RKKCS","カブシキガイシャアールケイケイシーエス","⑬ その他の食料・飲料販売業","","熊本県熊本市西区春日3丁目15番60号 JR熊本","白川ビル11F",32.790136,130.688585,"","日清食品株式会社","7120001133929","大阪府大阪市淀川区西中島四丁目1番1号","","","","","","","届出","",""
"043100","fBiz00003304840000000066","熊本県","熊本市中央区","株式会社愛機エンジニアリング","カブシキガイシャアイキエンジニアリング","⑬ その他の食料・飲料販売業","","熊本県熊本市北区植木町岩野1549-1","熊本本社",32.912008,130.694610,"","日清食品株式会社","7120001133929","大阪府大阪市淀川区西中島四丁目1番1号","","","","","","","届出","",""
"043100","fBiz00003312730000000001","熊本県","熊本市中央区","マイショップ","マイショップ","① 飲食店営業","弁当屋","熊本県熊本市西区二本木5丁目6番7号","",32.779694,130.688125,"070-9078-2345","池上佳代","","熊本県熊本市西区二本木5丁目6番7号","指令(食保)第50409号",2023/01/30,2023/01/30,2023/01/30,2029/02/28,"","許可","",""
"043100","fBiz00003320030000000002","熊本県","熊本市中央区","ウエルシアプラス熊本島町店","ウエルシアプラスクマモトシママチテン","㉕ そうざい製造業","","熊本県熊本市南区島町３丁目１１番４８号","",32.764730,130.681626,"","イオンウエルシア九州株式会社","9290001098798","福岡県福岡市東区香椎浜２丁目８番３０号","指令(食保)第50743号",2023/07/25,2023/07/25,2023/07/25,2029/08/31,"","許可","",""
"043100","fBiz00004622810000000003","熊本県","熊本市中央区","","","① 飲食店営業","","","","","","","","","","指令（食保）第51436号",2024/06/05,2024/06/05,2024/06/05,2030/08/31,"","許可","",""
"043100","fBiz00003320030000000002","熊本県","熊本市中央区","ウエルシアプラス熊本島町店","ウエルシアプラスクマモトシママチテン","⑪ 百貨店、総合スーパー","","熊本県熊本市南区島町３丁目１１番４８号","",32.764730,130.681626,"","イオンウエルシア九州株式会社","9290001098798","福岡県福岡市東区香椎浜２丁目８番３０号","","","","","","","届出","",""
"043100","fBiz00003358160000000003","熊本県","熊本市中央区","おだ商店","オダショウテン","① 飲食店営業","","熊本県熊本市西区春日３丁目15₋30","",32.789524,130.689075,"0963228484","株式会社小田商店","8330001013209","熊本県宇城市松橋町古保山１２９７番地１","指令（食保）第51208号",2024/05/09,2024/05/09,2024/06/01,2030/05/31,"","許可","",""
"043100","fBiz00003360260000000001","熊本県","熊本市中央区","まかないフレンチ　ICHIKAWA","マカナイフレンチイチカワ","① 飲食店営業","飲食店","熊本県熊本市中央区上通町9-16","",32.805473,130.712361,"","株式会社ＲＯＣＣＡ","4330003006370","熊本県熊本市中央区神水２丁目１０番１号宏和ビル４０７","指令（食保）第50453号",2023/02/21,2023/02/21,2023/03/01,2029/02/28,"","許可","",""
"043100","fBiz00003376580000000005","熊本県","熊本市中央区","スーパーコンボ渡鹿店","スーパーコンボトロクテン","⑪ 百貨店、総合スーパー","ホームセンター、食品スーパー","熊本県熊本市中央区渡鹿1丁目18番1号","",32.806832,130.735661,"096-372-7411","株式会社ホームインプルーブメントひろせ","4320001002521","大分県大分市古国府４丁目７番１３号","","","","","","","届出","",""
"043100","fBiz00003376580000000007","熊本県","熊本市中央区","スーパーコンボ田崎市場通り店","スーパーコンボタサキイチバドオリテン","⑪ 百貨店、総合スーパー","ホームセンター、食品スーパー","熊本県熊本市西区上代1丁目557","",32.781864,130.672054,"096-326-9177","株式会社ホームインプルーブメントひろせ","4320001002521","大分県大分市古国府４丁目７番１３号","","","","","","","届出","",""
"043100","fBiz00003376580000000026","熊本県","熊本市中央区","ＨＩひろせ　 スーパーコンボ飛田店","エイチアイヒロセ　スーパーコンボヒダテン","⑪ 百貨店、総合スーパー","ホームセンター、食品スーパー","熊本県熊本市北区飛田3丁目8番45号","",32.852666,130.718812,"096-346-1022","株式会社ホームインプルーブメントひろせ","4320001002521","大分県大分市古国府４丁目７番１３号","","","","","","","届出","",""
"043100","fBiz00003382110000000002","熊本県","熊本市中央区","やきとり２４　南高江店","ヤキトリニジュウヨン　ミナミタカエテン","⑫ 自動販売機による販売業（コップ式自動販売機（自動洗浄・屋内設置）及び営業許可の対象となる自動販売機を除く）","","熊本県熊本市南区南高江7丁目4番1号","",32.745638,130.687174,"0964235577","","","","","","","","","","届出","",""
"043100","fBiz00003382110000000003","熊本県","熊本市中央区","ウルトララーメン　南高江店","ウルトララーメン　ミナミタカエテン","⑫ 自動販売機による販売業（コップ式自動販売機（自動洗浄・屋内設置）及び営業許可の対象となる自動販売機を除く）","","熊本県熊本市南区南高江7丁目4番1号","",32.745638,130.687174,"0964235577","","","","","","","","","","届出","",""
"043100","fBiz00003410520000000001","熊本県","熊本市中央区","ブレーメン珈琲店","ブレーメンコーヒーテン","⑬ その他の食料・飲料販売業","小売販売　テイクアウト","熊本県熊本市中央区新大江3丁目14‐85","ACT-M　101号室",32.803822,130.738418,"","山﨑健吾","","熊本県熊本市中央区白山1丁目1-1 シェヌー白山201","","","","","","","届出","",""
"043100","fBiz00003410520000000001","熊本県","熊本市中央区","ブレーメン珈琲店","ブレーメンコーヒーテン","⑯ コーヒー製造・加工業（飲料の製造を除く。）","小売販売　テイクアウト","熊本県熊本市中央区新大江3丁目14‐85","ACT-M　101号室",32.803822,130.738418,"","山﨑健吾","","熊本県熊本市中央区白山1丁目1-1 シェヌー白山201","","","","","","","届出","",""
"043100","fBiz00003437420000000001","熊本県","熊本市中央区","","","⑦ 野菜果物販売業","卸売業","","","","","","","","","","","","","","","届出","",""
"043100","fBiz00003468390000000005","熊本県","熊本市中央区","","","⑬ その他の食料・飲料販売業","","","","","","","","","","","","","","","","届出","",""
"043100","fBiz00003496990000000478","熊本県","熊本市中央区","ＤＣＭ東町店","ディーシーエムヒガシマチテン","⑬ その他の食料・飲料販売業","","熊本県熊本市東区東町２丁目１番１５号","",32.794268,130.765740,"096-365-1811","DCM株式会社","7010701039115","東京都品川区南大井6丁目22番7号","","","","","","","届出","",""
"043100","fBiz00003496990000000479","熊本県","熊本市中央区","ＤＣＭ本山店","ディーシーエムモトヤマテン","⑬ その他の食料・飲料販売業","","熊本県熊本市中央区本山町１４３番１号","",32.783437,130.701277,"096-371-3333","DCM株式会社","7010701039115","東京都品川区南大井6丁目22番7号","","","","","","","届出","",""
"043100","fBiz00003496990000000480","熊本県","熊本市中央区","ＤＣＭ東バイパス店","ディーシーエムヒガシバイパステン","⑬ その他の食料・飲料販売業","","熊本県熊本市東区御領２丁目４３９番４号","",32.824972,130.765803,"096-213-3535","DCM株式会社","7010701039115","東京都品川区南大井6丁目22番7号","","","","","","","届出","",""
"043100","fBiz00003496990000000481","熊本県","熊本市中央区","ＤＣＭ北部店","ディーシーエムホクブテン","⑬ その他の食料・飲料販売業","","熊本県熊本市北区飛田３丁目６番５０号","",32.851050,130.718024,"096-345-2311","DCM株式会社","7010701039115","東京都品川区南大井6丁目22番7号","","","","","","","届出","",""
"043100","fBiz00003510720000000002","熊本県","熊本市中央区","","","① 飲食店営業","","熊本県熊本市中央区下通1丁目５－６","ピュアゴールドビル　５階A号室",32.801391,130.708073,"","","","","指令（食保）第50524号",2023/03/30,2023/03/30,2023/03/30,2029/05/31,"","許可","",""
"043100","fBiz00003510720000000003","熊本県","熊本市中央区","","","① 飲食店営業","","","","","","","","","","指令（食保）第50926号",2023/11/01,2023/11/01,2023/11/01,2029/11/30,"","許可","",""
"043100","fBiz00003513190000000001","熊本県","熊本市中央区","Shisha Cafe&Bar SIN 熊本店","シーシャカフェアンドバーシンクマモトテン","① 飲食店営業","","熊本県熊本市中央区下通1丁目8-26","下通Presentビル 5F",32.800756,130.708638,"","株式会社ＳＩＮ","7011001150256","東京都渋谷区広尾５丁目１－４３広尾ＺＥＲＯ５０１","指令（食保）第51218号",2024/05/02,2024/05/02,2024/05/02,2030/05/31,"","許可","",""
"043100","fBiz00003520470000000001","熊本県","熊本市中央区","ヒナタ珈琲","ヒナタコーヒー","⑯ コーヒー製造・加工業（飲料の製造を除く。）","","熊本県熊本市中央区出水７丁目６番１５号","",32.778961,130.721635,"08091000016","大平啓司","","熊本県熊本市中央区出水７丁目６番１５号","","","","","","","届出","",""
"043100","fBiz00003522030000000001","熊本県","熊本市中央区","Lands bar","ランズバー","① 飲食店営業","","熊本県熊本市東区湖東２丁目５−４１","",32.778671,130.743882,"0962288852","Land-Schaft株式会社","9330001026572","熊本県熊本市東区湖東３丁目７−１７","指令（食保）第50519号",2023/03/28,2023/03/28,2023/03/28,2029/05/31,"","許可","なし",""
"043100","fBiz00004662220000000001","熊本県","熊本市中央区","","","㉔ その他の食料品製造・加工業","","","","","","","","","","","","","","","","届出","",""
"043100","fBiz00003530790000000041","熊本県","熊本市中央区","ジョリーパスタ　上水前寺店","ジョリーパスタ　カミスイゼンジテン","⑬ その他の食料・飲料販売業","","熊本県熊本市中央区上水前寺2-24-26","",32.793572,130.745178,"","株式会社ジョリーパスタ","6010401073811","東京都港区港南２丁目１８番１号","","","","","","","届出","",""
"043100","fBiz00003530790000000229","熊本県","熊本市中央区","","","① 飲食店営業","レストラン","","","","","","","","","指令（食保）第50460号",2023/02/22,2023/02/22,2023/02/22,2029/02/28,"","許可","なし",""
"043100","fBiz00003530790000000231","熊本県","熊本市中央区","","","⑬ その他の食料・飲料販売業","","","","","","","","","","","","","","","","届出","",""
"043100","fBiz00003530790000000322","熊本県","熊本市中央区","ジョリーパスタ　上熊本店","ジョリーパスタ　カミクマモトテン","① 飲食店営業","飲食店","熊本県熊本市西区上熊本2丁目14-1","",32.813326,130.700704,"096-212-3302","株式会社ジョリーパスタ","6010401073811","東京都港区港南２丁目１８番１号","指令(食保)第51572号",2024/08/20,2024/08/20,2024/08/20,2030/08/31,"","許可","なし",""
"043100","fBiz00003541350000000001","熊本県","熊本市中央区","熊本魚蔵","クマモトウオクラ","① 飲食店営業","居酒屋","熊本県熊本市中央区手取本町5-1","HAB@熊本２階",32.802792,130.710067,"","株式会社ツマミナ","6290002028583","福岡県福岡市博多区博多駅東2-2-11","指令（食保）第50548号",2023/04/12,2023/04/12,2023/04/12,2029/05/31,"","許可","",""
"043100","fBiz00003547560000000001","熊本県","熊本市中央区","無印良品シュロアモール長嶺","ムジルシリョウヒンシュロアモールナガミネ","⑤ コップ式自動販売機（自動洗浄・屋内設置）","","熊本県熊本市東区長嶺西1丁目5-1無印良品シュロアモール長嶺","",32.810761,130.762463,"","株式会社良品計画","5013301012443","東京都文京区後楽二丁目５番１号","","","","","","","届出","",""
"043100","fBiz00003547560000000001","熊本県","熊本市中央区","無印良品シュロアモール長嶺","ムジルシリョウヒンシュロアモールナガミネ","⑬ その他の食料・飲料販売業","","熊本県熊本市東区長嶺西1丁目5-1無印良品シュロアモール長嶺","",32.810761,130.762463,"","株式会社良品計画","5013301012443","東京都文京区後楽二丁目５番１号","","","","","","","届出","",""
"043100","fBiz00003563350000000001","熊本県","熊本市中央区","磐石ローヤルゼリー株式会社","バンジャクローヤルゼリーカブシキガイシャ","⑮ いわゆる健康食品の製造・加工業","","熊本県熊本市中央区上京塚町２−１５","",32.791287,130.745682,"","","","熊本県熊本市中央区上京塚町２番１５号","","","","","","","届出","",""
"043100","fBiz00003563350000000002","熊本県","熊本市中央区","磐石ローヤルゼリー株式会社","バンジャクローヤルゼリーカブシキガイシャ","㉔ その他の食料品製造・加工業","","熊本県熊本市中央区上京塚町2-15","",32.791287,130.745682,"","","","熊本県熊本市中央区上京塚町２番１５号","","","","","","","届出","",""
"043100","fBiz00003563620000000002","熊本県","熊本市中央区","株式会社ロベール","カブシキガイシャロベール","⑮ いわゆる健康食品の製造・加工業","","熊本県熊本市中央区上京塚町2-15","",32.791275,130.745693,"","","","熊本県熊本市中央区上京塚町２番１５号","","","","","","","届出","",""
"043100","fBiz00003563620000000003","熊本県","熊本市中央区","株式会社ロベール","カブシキガイシャロベール","㉔ その他の食料品製造・加工業","","熊本県熊本市中央区上京塚町2-15","",32.791275,130.745693,"","","","熊本県熊本市中央区上京塚町２番１５号","","","","","","","届出","",""
"043100","fBiz00003635800000000001","熊本県","熊本市中央区","","","⑬ その他の食料・飲料販売業","医療法人","","","","","","","","","","","","","","","届出","",""
"043100","fBiz00003653140000000002","熊本県","熊本市中央区","中華料理　燕","チュウカリョウリヤン","① 飲食店営業","","熊本県熊本市中央区南坪井町1-10","ラ・レジェンダ並木坂1F-B",32.807272,130.712391,"0963252821","後藤真","","熊本県熊本市中央区南坪井町１－10　ラレジェンダ並木坂1-B","指令（食保）第50591号",2023/05/17,2023/05/17,2023/06/01,2029/05/31,"","許可","",""
"043100","fBiz00003712200000000002","熊本県","熊本市中央区","H2 coffee","ハイドロゲンコーヒー","⑯ コーヒー製造・加工業（飲料の製造を除く。）","","熊本県熊本市北区龍田陳内4丁目20-26","",32.827384,130.752184,"096-223-6830","Ｃｌｏｖｅｒ．ｃｏｍ株式会社","7330001028298","熊本県熊本市北区龍田陳内４丁目２０番２６号","","","","","","","届出","",""
"043100","fBiz00003712200000000002","熊本県","熊本市中央区","H2 coffee","ハイドロゲンコーヒー","㉔ その他の食料品製造・加工業","","熊本県熊本市北区龍田陳内4丁目20-26","",32.827384,130.752184,"096-223-6830","Ｃｌｏｖｅｒ．ｃｏｍ株式会社","7330001028298","熊本県熊本市北区龍田陳内４丁目２０番２６号","","","","","","","届出","",""
"043100","fBiz00003729860000000001","熊本県","熊本市中央区","マルショク近見","マルショクチカミ","⑦ 野菜果物販売業","","熊本県熊本市南区近見７丁目7-1","",32.760549,130.690588,"","株式会社藤本物産","7330001004084","熊本県熊本市西区田崎町414-12","","","","","","","届出","",""
"043100","fBiz00003740720000000084","熊本県","熊本市中央区","","","⑬ その他の食料・飲料販売業","催事業（令和7年9 月2日～9月15日出店）","","","","","","","","","","","","","","","届出","",""
"043100","fBiz00003741340000000001","熊本県","熊本市中央区","ハッピーパークプロジェクト","ハッピーパークプロジェクト","⑰ 農産保存食料品製造・加工業","","熊本県熊本市南区流通団地1丁目24番地","",32.767445,130.705317,"0963772091","フクシマミカ","","熊本県熊本市西区上高橋2丁目23－16","","","","","","","届出","",""
"043100","fBiz00003746720000000011","熊本県","熊本市中央区","コナズ珈琲熊本","コナズコーヒークマモト","⑯ コーヒー製造・加工業（飲料の製造を除く。）","","熊本県熊本市東区健軍本町26-7","",32.788130,130.758676,"096-360-5250","株式会社KONA'S","5140001115729","東京都渋谷区道玄坂１丁目２１番１号","","","","","","","届出","",""
"043100","fBiz00003753620000000067","熊本県","熊本市中央区","丸亀製麺熊本高平","マルガメセイメンクマモトタカヒラ","① 飲食店営業","うどん店","熊本県熊本市北区高平3-42-7","",32.839310,130.718798,"096-344-6635","株式会社丸亀製麺","3140001101540","東京都渋谷区道玄坂１丁目２１番１号","指令（食保）第51844号",2025/02/05,2025/02/05,2025/02/05,2031/02/28,"","許可","",""
"043100","fBiz00003782400000000009","熊本県","熊本市中央区","株式会社ショクリュー　熊本営業所","カブシキガイシャショクリュー　クマモトエイギョウショ","⑬ その他の食料・飲料販売業","","熊本県熊本市西区二本木４－９－３９","",32.780819,130.689281,"096-354-0451","株式会社ショクリュー","5120001077475","大阪府大阪市中央区日本橋１丁目２２番２５号","","","","","","","届出","",""
"043100","fBiz00003812450000000002","熊本県","熊本市中央区","ニシジマ農園","ニシジマノウエン","⑨ 通信販売・訪問販売による販売業","","熊本県熊本市東区秋津町秋田3443-65","",32.762739,130.767961,"","西島聖児","","熊本県宇城市松橋町松橋３７４番地１","","","","","","","届出","",""
"043100","fBiz00003812450000000002","熊本県","熊本市中央区","ニシジマ農園","ニシジマノウエン","⑮ いわゆる健康食品の製造・加工業","","熊本県熊本市東区秋津町秋田3443-65","",32.762739,130.767961,"","西島聖児","","熊本県宇城市松橋町松橋３７４番地１","","","","","","","届出","",""
"043100","fBiz00003812450000000002","熊本県","熊本市中央区","ニシジマ農園","ニシジマノウエン","⑰ 農産保存食料品製造・加工業","","熊本県熊本市東区秋津町秋田3443-65","",32.762739,130.767961,"","西島聖児","","熊本県宇城市松橋町松橋３７４番地１","","","","","","","届出","",""
"043100","fBiz00003843980000000002","熊本県","熊本市中央区","VACAY COFFEE ","バケイコーヒー","⑯ コーヒー製造・加工業（飲料の製造を除く。）","","熊本県熊本市北区楠5丁目16番20号","",32.850394,130.760100,"","飯星新之介","","熊本県熊本市北区楠5丁目16番20号","","","","","","","届出","",""
"043100","fBiz00003879380000000012","熊本県","熊本市中央区","大阪鶴橋キムチ/果実の森/海藻カフェ","オオサカツルハシキムチカジツノモリカイソウカフェ","⑬ その他の食料・飲料販売業","催事","熊本県熊本市西区春日３丁目15-26","アミュプラザ熊本　催事場",32.789524,130.689075,"090-2633-0750","株式会社ワールドトランク","6500001020651","愛媛県松山市山越６丁目１３番８号","","","","","","","届出","",""
"043100","fBiz00003879380000000028","熊本県","熊本市中央区","海藻カフェ/果実堂/大阪鶴橋キムチ","カイソウカフェカンミドウオオサカツルハシキムチ","⑬ その他の食料・飲料販売業","","熊本県熊本市西区春日3丁目15-26","アミュプラザ熊本",32.786087,130.677708,"","株式会社ワールドトランク","6500001020651","愛媛県松山市山越６丁目１３番８号","","","","","","","届出","",""
"043100","fBiz00003879380000000035","熊本県","熊本市中央区","海藻カフェ/大阪鶴橋キムチ/果実堂","カイソウカフェオオサカツルハシキムチカンミドウ","⑬ その他の食料・飲料販売業","催事","熊本県熊本市西区春日３丁目15-26","アミュプラザ熊本　催事場",32.788826,130.688761,"090-8998-4904","株式会社ワールドトランク","6500001020651","愛媛県松山市山越６丁目１３番８号","","","","","","","届出","",""
"043100","fBiz00003879380000000038","熊本県","熊本市中央区","大阪鶴橋キムチ","オオサカツルハシキムチ","⑬ その他の食料・飲料販売業","催事","熊本県熊本市西区春日3丁目15-26","アミュプラザ熊本店内催事場",32.788826,130.688761,"090-2633-0750","株式会社ワールドトランク","6500001020651","愛媛県松山市山越６丁目１３番８号","","","","","","","届出","",""
"043100","fBiz00003892280000000001","熊本県","熊本市中央区","","","⑨ 通信販売・訪問販売による販売業","","","","","","","","","","","","","","","","届出","",""
"043100","fBiz00003892280000000001","熊本県","熊本市中央区","","","⑯ コーヒー製造・加工業（飲料の製造を除く。）","","","","","","","","","","","","","","","","届出","",""
"043100","fBiz00003892330000000001","熊本県","熊本市中央区","ショクパル","ショクパル","⑦ 野菜果物販売業","インターネット通信販売","熊本県熊本市西区田崎町426-14","",32.782827,130.678068,"","株式会社ショクパル","2330001023304","熊本県熊本市西区八島町７４５番地１（４０５号）","","","","","","","届出","",""
"043100","fBiz00003904650000000020","熊本県","熊本市中央区","京都芋屋芋と野菜","キョウトイモヤイモトヤサイ","⑬ その他の食料・飲料販売業","物販　11月13日～26日","熊本県熊本市西区春日3-15-26","アミュ熊本1階南側エスカレーター横",32.788826,130.688761,"096-364-3188","株式会社ＣＲＡＦＴＭＡＮ","4130001072014","京都府京都市北区小松原北町２６－５","","","","","","","届出","",""
"043100","fBiz00003959190000000002","熊本県","熊本市中央区","ファミリーマート熊本富合小岩瀬","ファミリーマートクマモトトミアイコイワセ","① 飲食店営業","コンビニエンスストア","熊本県熊本市南区富合町小岩瀬183","",32.721439,130.675535,"0963203655","株式会社オーファス","4330001000680","熊本県熊本市東区月出1丁目7-13","指令（食保）第52013号",2025/05/09,2025/05/09,2025/06/01,2031/05/31,"","許可","",""
"043100","fBiz00003973710000000012","熊本県","熊本市中央区","","","① 飲食店営業","テイクアウトスイーツ店","","","","","","","","","指令（食保）第51596号",2024/08/28,2024/08/28,2024/08/28,2030/08/31,"","許可","",""
"043100","fBiz00003981970000000050","熊本県","熊本市中央区","グッデイ　植木店","グッデイ　ウエキテン","⑬ その他の食料・飲料販売業","","熊本県熊本市北区植木町鐙田1038","",32.881974,130.694633,"096-272-5041","株式会社　グッデイ","2290001030338","福岡県福岡市中央区天神1丁目6番8号","","","","","","","届出","",""
"043100","fBiz00003993410000000001","熊本県","熊本市中央区","ZEXY　熊本店","ゼクシィ　クマモトテン","① 飲食店営業","自動車","熊本県熊本市西区等（熊本県下一円）熊本４８０　ほ　１８１２","",32.783489,130.673297,"090-5728-1100","真木眞由美","","熊本県熊本市西区城山大塘1丁目5-2","熊本県指令宇保第食1-1-47号",2023/08/17,2023/08/17,2023/08/17,2028/08/31,"","許可","（ウ）比較的大量の水を要する営業",""
"043100","fBiz00004005210000000001","熊本県","熊本市中央区","","","① 飲食店営業","居酒屋","","","","","","","","","指令（食保）第50835号",2023/08/28,2023/08/28,2023/09/01,2029/08/31,"","許可","",""
"043100","fBiz00004051010000000008","熊本県","熊本市中央区","ViviCafe","ビビカフェ","⑯ コーヒー製造・加工業（飲料の製造を除く。）","","熊本県熊本市南区野口4-4-26","",32.770560,130.671371,"","株式会社ＢＢ．ナビ","4330001016636","熊本県熊本市南区野口４丁目４番２６号","","","","","","","届出","",""
"043100","fBiz00004065500000000008","熊本県","熊本市中央区","８８ｋｉｔｃｈｅｎ","パチパチキッチン","① 飲食店営業","自動車200L","熊本県熊本市中央区熊本県内一円","",32.794737,130.725207,"","合同会社ととのうおうち","5290003014170","福岡県糟屋郡宇美町平和１丁目１１番２９号","指令（食保）第51830号",2025/01/17,2025/01/17,2025/01/17,2030/02/28,"","許可","比較的大量の水を要する飲食店（自動車）営業",""
"043100","fBiz00004070850000000239","熊本県","熊本市中央区","ＩＪＯＯＺ株式会社　北熊本SA上り線","アイジュースカブシキガイシャ　キタクマモトサービスノボリセン","② 調理機能を有する自動販売機（要許可）","自動販売機","熊本県熊本市北区改寄町１１９９","",32.894930,130.718026,"","ＩＪＯＯＺ株式会社","3011001145375","東京都港区六本木二丁目3番2号","指令（食保）第51788号",2024/12/16,2024/12/16,2024/12/16,2031/02/28,"","許可","",""
"043100","fBiz00004070850000000293","熊本県","熊本市中央区","ＩＪＯＯＺ株式会社　アミュプラザくまもと","アイジュースカブシキガイシャ　アミュプラザクマモト","② 調理機能を有する自動販売機（要許可）","自動販売機","熊本県熊本市西区春日３丁目１５−２６","",32.788826,130.688761,"","ＩＪＯＯＺ株式会社","3011001145375","東京都港区六本木二丁目3番2号","指令（食保）第51833号",2025/01/23,2025/01/23,2025/01/23,2031/02/28,"","許可","",""
"043100","fBiz00004704370000000254","熊本県","熊本市中央区","ダイレックス東野店","ダイレックスヒガシノテン","⑪ 百貨店、総合スーパー","ﾃﾞｨｽｶｳﾝﾄｽﾄｱ","熊本県熊本市東区東野4-2-1","",32.774998,130.771495,"096-360-3334","ダイレックス株式会社","6300001004245","佐賀県佐賀市高木瀬町大字長瀬９３０番地","","","","","","","届出","",""
"043100","fBiz00004070850000000348","熊本県","熊本市中央区","ＩＪＯＯＺ自動販売機　北熊本SA 下り","アイジュースジドウハンバイキ　キタクマモトサービスエリアクダリ","② 調理機能を有する自動販売機（要許可）","自動販売機","熊本県熊本市北区改寄町1563","",32.894367,130.720101,"","ＩＪＯＯＺ株式会社","3011001145375","東京都港区六本木二丁目3番2号","指令（熊保）第51919号",2025/03/25,2025/03/25,2025/03/25,2031/05/31,"","許可","",""
"043100","fBiz00004070850000000425","熊本県","熊本市中央区","ＩＪＯＯＺ自動販売機　植木ショッピングセンターウエッキー","アイジュースジドウハンバイキ　ウエキショッピングセンターウエッキー","② 調理機能を有する自動販売機（要許可）","自動販売機","熊本県熊本市北区植木町植木５５５","",32.896971,130.690596,"","ＩＪＯＯＺ株式会社","3011001145375","東京都港区六本木二丁目3番2号","指令（食保）第52048号",2025/05/26,2025/05/26,2025/05/26,2031/05/31,"","許可","",""
"043100","fBiz00004073150000000003","熊本県","熊本市中央区","","","⑬ その他の食料・飲料販売業","","","","","","","","","","","","","","","","届出","",""
"043100","fBiz00004143450000000001","熊本県","熊本市中央区","","","① 魚介類販売業（包装済みの魚介類のみの販売）","卸売業","","","","","","","","","","","","","","","届出","",""
"043100","fBiz00004143450000000001","熊本県","熊本市中央区","","","⑦ 野菜果物販売業","卸売業","","","","","","","","","","","","","","","届出","",""
"043100","fBiz00004184140000000001","熊本県","熊本市中央区","株式会社Ｆ＆Ｐニシムラ","カブシキガイシャエフアンドピーニシムラ","① 魚介類販売業（包装済みの魚介類のみの販売）","","熊本県熊本市西区八島町７２６番地９","",32.779925,130.676753,"","株式会社Ｆ＆Ｐニシムラ","9330001022489","熊本県熊本市西区上代８丁目１７番２２号","","","","","","","届出","",""
"043100","fBiz00004186860000000001","熊本県","熊本市中央区","新鋭ミート株式会社","シンエイミートカブシキガイシャ","① 魚介類販売業（包装済みの魚介類のみの販売）","","熊本県熊本市西区上代4-10-21","",32.777438,130.670766,"096-359-1129","新鋭ミート株式会社","3290801014159","福岡県直方市大字感田字上山下128","","","","","","","届出","",""
"043100","fBiz00004188180000000009","熊本県","熊本市中央区","山田スイーツ","ヤマダスイーツ","㉕ 行商","","熊本県熊本市中央区熊本県内一円","",32.800537,130.706944,"090-8397-5455","株式会社ウー・ルー","6290001057732","福岡県久留米市東町３６１－２４","","","","","","","届出","",""
"043100","fBiz00004240830000000001","熊本県","熊本市中央区","(株)マリーン開発研究所","カブシキガイシャマリーンカイハツケンキュウショ","㉔ その他の食料品製造・加工業","","熊本県熊本市東区戸島町920-10","",32.827732,130.823847,"","（株）マリーン開発研究所","3330001009789","熊本県合志市栄3610-70","","","","","","","届出","",""
"043100","fBiz00004240830000000002","熊本県","熊本市中央区","(株)マリーン開発研究所戸島第二工場","カブシキガイシャマリーンカイハツケンキュウショトシマダイニコウジョウ","㉔ その他の食料品製造・加工業","","熊本県熊本市東区戸島町920-5","",32.828342,130.823052,"","（株）マリーン開発研究所","3330001009789","熊本県合志市栄3610-70","","","","","","","届出","",""
"043100","fBiz00004240830000000003","熊本県","熊本市中央区","(株)マリーン開発研究所戸島第四工場","カブシキガイシャマリーンカイハツケンキュウショトシマダイヨンコウジョウ","⑪ 菓子製造業","","熊本県熊本市東区戸島町920-9","",32.827991,130.823371,"096-388-3001","（株）マリーン開発研究所","3330001009789","熊本県合志市栄3610-70","指令(食保)第50997号",2023/12/27,2023/12/27,2023/12/27,2030/02/28,"","許可","",""
"043100","fBiz00004246480000000002","熊本県","熊本市中央区","もつ鍋だヨ！全員集合","モツナベダヨ　ゼンインシュウゴウ","① 飲食店営業","もつ鍋屋","熊本県熊本市東区渡鹿9丁目2-41","",32.813416,130.744149,"096-387-2626","","","","指令(食保)第50927号",2023/11/02,2023/11/02,2023/11/02,2029/11/30,"","許可","",""
"043100","fBiz00004257740000000002","熊本県","熊本市中央区","セブンイレブン熊本秋津新町店","セブンイレブンクマモトアキツシンマチテン","⑩ コンビニエンスストア","コンビニエンスストア","熊本県熊本市東区秋津新町5-1","",32.778258,130.766887,"0963681757","株式会社DAAP","6330001022830","熊本県熊本市東区若葉2丁目13-1","","","","","","","届出","",""
"043100","fBiz00004267600000000002","熊本県","熊本市中央区","ヱビス珈琲ROASTER","エビスコーヒーロースター","⑯ コーヒー製造・加工業（飲料の製造を除く。）","","","","","","","","","","","","","","","","届出","",""
"043100","fBiz00004271320000000001","熊本県","熊本市中央区","RYUDANBASE","リュウダンベース","⑬ その他の食料・飲料販売業","","熊本県熊本市南区江越２丁目１２−６","",32.772992,130.702370,"09074706032","株式会社アクトアライズ","7330001027589","熊本県宇城市松橋町松橋１３９０番地４","","","","","","","届出","",""
"043100","fBiz00004307920000000003","熊本県","熊本市中央区","駕町サービスエリア","カゴマチサービスエリア","⑫ 自動販売機による販売業（コップ式自動販売機（自動洗浄・屋内設置）及び営業許可の対象となる自動販売機を除く）","","熊本県熊本市中央区中央区中央街4-29 1F","",32.800336,130.710014,"","日本パスート株式会社","4330001004863","熊本県熊本市中央区中央街４番２９号","","","","","","","届出","",""
"043100","fBiz00004325460000000002","熊本県","熊本市中央区","早川倉庫","ハヤカワソウコ","⑥ 弁当販売業","","熊本県熊本市中央区万町","",32.794629,130.697318,"","株式会社クラモチ","2330001017116","熊本県熊本市東区下南部3-2-100","","","","","","","届出","",""
"043100","fBiz00004341170000000065","熊本県","熊本市中央区","濵かつ熊本清水バイパス店","ハマカツクマモトシミズバイパステン","⑬ その他の食料・飲料販売業","とんかつチェーン店","熊本県熊本市北区大窪4-1-11","",32.846701,130.716015,"096-346-8433","浜勝株式会社","1310001003812","長崎県長崎市鍛冶屋町６番５０号","","","","","","","届出","",""
"043100","fBiz00004341170000000067","熊本県","熊本市中央区","濵かつ熊本浜線バイパス店","ハマカツクマモトハマセンバイパステン","⑬ その他の食料・飲料販売業","とんかつチェーン店","熊本県熊本市東区画図町重富819-1","",32.758736,130.732180,"096-334-0180","浜勝株式会社","1310001003812","長崎県長崎市鍛冶屋町６番５０号","","","","","","","届出","",""
"043100","fBiz00004341170000000068","熊本県","熊本市中央区","濵かつ熊本新空港通り店","ハマカツクマモトシンクウコウドオリテン","⑬ その他の食料・飲料販売業","とんかつチェーン店","熊本県熊本市東区佐土原2-4-18","",32.791270,130.778243,"096-369-8355","浜勝株式会社","1310001003812","長崎県長崎市鍛冶屋町６番５０号","","","","","","","届出","",""
"043100","fBiz00004341170000000113","熊本県","熊本市中央区","濵かつ熊本白山通り店","ハマカツクマモトハクサンドオリテン","⑬ その他の食料・飲料販売業","とんかつチェーン","熊本県熊本市中央区九品寺6-3-1","",32.789739,130.716505,"096-363-5125","浜勝株式会社","1310001003812","長崎県長崎市鍛冶屋町６番５０号","","","","","","","届出","",""
"043100","fBiz00005823800000000002","熊本県","熊本市中央区","","","⑪ 菓子製造業","","","","","","","","","","指令（食保）第52064号",2025/05/26,2025/05/26,2025/06/01,2031/05/31,"","許可","",""
"043100","fBiz00004360680000000001","熊本県","熊本市中央区","クラウンガーデネックス　ホテル日航熊本店","クラウンガーデネックス　ホテルニッコウクマモト","㉙ その他","フラワーショップ","熊本県熊本市中央区上通町2-1","ホテル日航熊本",32.803403,130.711232,"096-370-5311","株式会社Ｏｎｅ　Ｆｌｏｗｅｒ","3330001007677","熊本県熊本市南区流通団地１丁目４６番地","","","","","","","届出","",""
"043100","fBiz00004360680000000002","熊本県","熊本市中央区","クラウンガーデネックス　サクラマチクマモト店","クラウンガーデネックス　サクラマチクマモトテン","㉙ その他","フラワーショップ","熊本県熊本市中央区桜町3-10","サクラマチクマモト",32.800526,130.703635,"096-353-3295","株式会社Ｏｎｅ　Ｆｌｏｗｅｒ","3330001007677","熊本県熊本市南区流通団地１丁目４６番地","","","","","","","届出","",""
"043100","fBiz00004360680000000004","熊本県","熊本市中央区","Lab.rat","ラボラト","㉙ その他","フラワーショップ","熊本県熊本市中央区新町1丁目1番地","",32.803127,130.698902,"09075524771","株式会社Ｏｎｅ　Ｆｌｏｗｅｒ","3330001007677","熊本県熊本市南区流通団地１丁目４６番地","","","","","","","届出","",""
"043100","fBiz00004366300000000077","熊本県","熊本市中央区","ステーキ宮　熊本浜線バイパス店","ステーキミヤ　クマモトハマセンバイパステン","⑬ その他の食料・飲料販売業","","熊本県熊本市南区出仲間9丁目1-10","",32.773913,130.719379,"096-285-8306","株式会社アトム","3180001058182","神奈川県横浜市西区みなとみらい二丁目2-1","","","","","","","届出","",""
"043100","fBiz00004382940000000006","熊本県","熊本市中央区","ミツイモタイム九品寺店","ミツイモタイムクホンジテン","⑬ その他の食料・飲料販売業","無人販売店","熊本県熊本市中央区九品寺3丁目16-65","",32.795041,130.716008,"09052923448","株式会社ポポラーレグループ","9350001005392","宮崎県宮崎市東宮２丁目１５番地","","","","","","","届出","",""
"043100","fBiz00004426430000000001","熊本県","熊本市中央区","","","① 飲食店営業","カフェ","","","","","","","","","指令（食保）第51568号",2024/08/05,2024/08/05,2024/08/05,2030/08/31,"","許可","",""
"043100","fBiz00004428410000000068","熊本県","熊本市中央区","SAKURA MACHI Kumamoto（春日井よし乃）","サクラマチクマモト カスガイヨシノ","⑬ その他の食料・飲料販売業","催事販売　10/11～10/14","熊本県熊本市中央区桜町3-10","B1F　イベントスペース",32.800526,130.703635,"","インテグラル株式会社","8180001140893","愛知県春日井市味美白山町１丁目１４番地１１","","","","","","","届出","",""
"043100","fBiz00004430070000000030","熊本県","熊本市中央区","toroa","トロア","⑬ その他の食料・飲料販売業","洋菓子販売","熊本県熊本市西区春日３丁目１５−２６アミュプラザくまもと1階　期間限定SHOP","",32.789004,130.688668,"","株式会社フードクリエイティブファクトリー","3010401091015","東京都中野区中野3-37-5桃園シュタットハウス401","","","","","","","届出","",""
"043100","fBiz00004460440000000016","熊本県","熊本市中央区","","","⑬ その他の食料・飲料販売業","催事販売8/13から8/29まで","","","","","","","","","","","","","","","届出","",""
"043100","fBiz00004480790000000004","熊本県","熊本市中央区","nanasicoffee nanoroaster","ナナシコーヒーナノロースター","⑯ コーヒー製造・加工業（飲料の製造を除く。）","コーヒー製造・加工業","","","","","","宮部圭","","","","","","","","","届出","",""
"043100","fBiz00004508500000000001","熊本県","熊本市中央区","ダイレックス野中店","ダイレックスノナカテン","⑦ 野菜果物販売業","","熊本県熊本市西区野中町2丁目9番11号","",32.776766,130.675453,"0962017772","株式会社藤本物産","7330001004084","熊本県熊本市西区田崎町414-12","","","","","","","届出","",""
"043100","fBiz00004522560000000002","熊本県","熊本市中央区","恋する食彩","コイスルショクサイ","⑦ 野菜果物販売業","卸・販売","熊本県熊本市北区弓削4丁目8-55","",32.854724,130.783435,"","","","","","","","","","","届出","",""
"043100","fBiz00004522560000000002","熊本県","熊本市中央区","恋する食彩","コイスルショクサイ","⑨ 通信販売・訪問販売による販売業","卸・販売","熊本県熊本市北区弓削4丁目8-55","",32.854724,130.783435,"","","","","","","","","","","届出","",""
"043100","fBiz00004522560000000002","熊本県","熊本市中央区","恋する食彩","コイスルショクサイ","⑬ その他の食料・飲料販売業","卸・販売","熊本県熊本市北区弓削4丁目8-55","",32.854724,130.783435,"","","","","","","","","","","届出","",""
"043100","fBiz00004528840000000001","熊本県","熊本市中央区","RoRo Coffee","ロロコーヒー","⑯ コーヒー製造・加工業（飲料の製造を除く。）","オンラインストア","熊本県熊本市南区富合町清藤247-2","",32.715901,130.674017,"090-5289-3936","宮崎実智","","熊本県熊本市南区富合町清藤247-2","","","","","","","届出","",""
"043100","fBiz00004554180000000001","熊本県","熊本市中央区","","","㉑ 酒類製造業","","","","","","","","","","指令(食保)第51089号",2024/02/26,2024/02/26,2024/02/26,2030/02/28,"","許可","",""
"043100","fBiz00004572820000000001","熊本県","熊本市中央区","てんしのかわいい","テンシノカワイイ","① 飲食店営業","コンセプトカフェ","熊本県熊本市中央区下通１丁目２番１１号６階","",32.802328,130.708004,"09029235548","","","","指令（食保）第51078号",2024/02/22,2024/02/22,2024/02/22,2030/02/28,"","許可","",""
"043100","fBiz00004574820000000001","熊本県","熊本市中央区","トイメディカル株式会社","トイメディカルカブシキガイシャ","⑭ 添加物製造・加工業（法第13 条第１項の規定により規格が定められた添加物の製造を除く。）","食品工場","熊本県熊本市南区富合町志々水48-1","",32.713600,130.676206,"0963426477","トイメディカル株式会社","7330001019941","熊本県熊本市南区富合町志々水４８番地１","","","","","","","届出","",""
"043100","fBiz00004574820000000001","熊本県","熊本市中央区","トイメディカル株式会社","トイメディカルカブシキガイシャ","⑱ 調味料製造・加工業","食品工場","熊本県熊本市南区富合町志々水48-1","",32.713600,130.676206,"0963426477","トイメディカル株式会社","7330001019941","熊本県熊本市南区富合町志々水４８番地１","","","","","","","届出","",""
"043100","fBiz00004580150000000002","熊本県","熊本市中央区","モスバーガー田崎店","モスバーガータサキテン","⑬ その他の食料・飲料販売業","ファストフード・ハンバーガー店","熊本県熊本市西区上代2丁目1-7","",32.783040,130.673509,"0963591142","株式会社ウイ・テック","6330001012682","熊本県熊本市中央区水前寺4丁目47-12","","","","","","","届出","",""
"043100","fBiz00004588820000000001","熊本県","熊本市中央区","ブルーボンドコーヒー","ブルーボンドコーヒー","⑯ コーヒー製造・加工業（飲料の製造を除く。）","","熊本県熊本市西区花園7丁目56-41","",32.829732,130.689215,"0962456969","合同会社100年ボンド","7330003009395","熊本県熊本市西区花園7丁目56-41","","","","","","","届出","",""
"043100","fBiz00004599940000000001","熊本県","熊本市中央区","株式会社　ナカバヤシフードサプライ","ナカバヤシフードサプライ","⑦ 野菜果物販売業","","熊本県熊本市西区田崎町484","熊本地方卸売市場",32.781860,130.676946,"","株式会社ナカバヤシフードサプライ","7330002007598","熊本県熊本市西区田崎町４８４番地","","","","","","","届出","",""
"043100","fBiz00004704370000000255","熊本県","熊本市中央区","ダイレックス高平店","ダイレックスタカヒラテン","⑪ 百貨店、総合スーパー","ﾃﾞｨｽｶｳﾝﾄｽﾄｱ","熊本県熊本市北区高平3-14-40","",32.839152,130.717845,"096-341-6300","ダイレックス株式会社","6300001004245","佐賀県佐賀市高木瀬町大字長瀬９３０番地","","","","","","","届出","",""
"043100","fBiz00004704370000000256","熊本県","熊本市中央区","ダイレックス萩原店","ダイレックスハギワラテン","⑪ 百貨店、総合スーパー","ﾃﾞｨｽｶｳﾝﾄｽﾄｱ","熊本県熊本市中央区萩原町4番31号","",32.781627,130.710549,"096-370-5501","ダイレックス株式会社","6300001004245","佐賀県佐賀市高木瀬町大字長瀬９３０番地","","","","","","","届出","",""
"043100","fBiz00004704370000000261","熊本県","熊本市中央区","ダイレックス室園店","ダイレックスムロゾノテン","⑪ 百貨店、総合スーパー","ﾃﾞｨｽｶｳﾝﾄｽﾄｱ","熊本県熊本市北区室園町1番18号","",32.828445,130.721995,"096-345-8711","ダイレックス株式会社","6300001004245","佐賀県佐賀市高木瀬町大字長瀬９３０番地","","","","","","","届出","",""
"043100","fBiz00004704370000000262","熊本県","熊本市中央区","ダイレックス九品寺店","ダイレックスクホンジテン","⑪ 百貨店、総合スーパー","ﾃﾞｨｽｶｳﾝﾄｽﾄｱ","熊本県熊本市中央区九品寺3丁目16番50号","",32.793837,130.716415,"096-362-7760","ダイレックス株式会社","6300001004245","佐賀県佐賀市高木瀬町大字長瀬９３０番地","","","","","","","届出","",""
"043100","fBiz00004704370000000263","熊本県","熊本市中央区","ダイレックス熊本店","ダイレックスクマモトテン","⑪ 百貨店、総合スーパー","ﾃﾞｨｽｶｳﾝﾄｽﾄｱ","熊本県熊本市東区長嶺南4-1-116","",32.809582,130.771606,"096-382-3811","ダイレックス株式会社","6300001004245","佐賀県佐賀市高木瀬町大字長瀬９３０番地","","","","","","","届出","",""
"043100","fBiz00004704370000000265","熊本県","熊本市中央区","ダイレックス植木店","ダイレックスウエキテン","⑪ 百貨店、総合スーパー","ﾃﾞｨｽｶｳﾝﾄｽﾄｱ","熊本県熊本市北区植木町植木418番地","",32.904605,130.692404,"096-273-2005","ダイレックス株式会社","6300001004245","佐賀県佐賀市高木瀬町大字長瀬９３０番地","","","","","","","届出","",""
"043100","fBiz00004704370000000266","熊本県","熊本市中央区","ダイレックス八反田店","ダイレックスハッタンダテン","⑪ 百貨店、総合スーパー","ﾃﾞｨｽｶｳﾝﾄｽﾄｱ","熊本県熊本市東区八反田2丁目12番7号","",32.817316,130.760753,"096-285-3031","ダイレックス株式会社","6300001004245","佐賀県佐賀市高木瀬町大字長瀬９３０番地","","","","","","","届出","",""
"043100","fBiz00004704370000000267","熊本県","熊本市中央区","ダイレックスムサシプラザ店","ダイレックスムサシプラザテン","⑪ 百貨店、総合スーパー","ﾃﾞｨｽｶｳﾝﾄｽﾄｱ","熊本県熊本市北区武蔵ケ丘5丁目12番1号","",32.854242,130.770666,"096-321-6423","ダイレックス株式会社","6300001004245","佐賀県佐賀市高木瀬町大字長瀬９３０番地","","","","","","","届出","",""
"043100","fBiz00004704370000000404","熊本県","熊本市中央区","ダイレックス野中店","ダイレックスノナカテン","⑪ 百貨店、総合スーパー","ﾃﾞｨｽｶｳﾝﾄｽﾄｱ","熊本県熊本市西区野中二丁目9番11号","",32.776766,130.675453,"096-228-7202","ダイレックス株式会社","6300001004245","佐賀県佐賀市高木瀬町大字長瀬９３０番地","","","","","","","届出","",""
"043100","fBiz00004704940000000005","熊本県","熊本市中央区","デニッシュ専門店　メルク","デニッシュセンモンテン　メルク","① 飲食店営業","催事　イベント","熊本県熊本市西区春日3丁目15-26","アミュプラザくまもと１Ｆキタノエース前",32.788826,130.688761,"090-2820-0531","鎌田亮次","","香川県丸亀市綾歌町富熊5044-2","指令（食保）第51532",2024/07/19,2024/07/19,2024/10/01,2024/10/07,"","許可","",""
"043100","fBiz00004704940000000006","熊本県","熊本市中央区","デニッシュ専門店　メルク","デニッシュセンモンテン　メルク","① 飲食店営業","催事　イベント","熊本県熊本市西区春日3丁目15-26","アミュプラザくまもと１Ｆキタノエース前",32.788826,130.688761,"090-2820-0531","鎌田亮次","","香川県丸亀市綾歌町富熊5044-2","指令（食保）第51533",2024/07/19,2024/07/19,2024/10/08,2024/10/14,"","許可","",""
"043100","fBiz00004726530000000074","熊本県","熊本市中央区","やよい軒　下通店","ヤヨイケン　シモトオリテン","① 飲食店営業","一般食堂等","熊本県熊本市中央区下通2丁目1‐30","緒方ビル1F",32.799459,130.707966,"0962113227","株式会社プレナス","2290001034974","福岡県福岡市博多区上牟田一丁目19番21号","指令（食保）第51188号",2024/04/26,2024/04/26,2024/06/01,2030/05/31,"","許可","",""
"043100","fBiz00004756410000000001","熊本県","熊本市中央区","おいしいシェア","オイシイシェア","⑦ 野菜果物販売業","農産物の直売","熊本県熊本市南区熊本県内一円","",32.800537,130.706944,"096-357-5771","穂栄株式会社","3330001016728","熊本県熊本市南区富合町平原１６２番地１","","","","","","","届出","",""
"043100","fBiz00004779270000000006","熊本県","熊本市中央区","株式会社ＫＯＹＡ","カブシキガイシャコウヤ","② 食肉販売業（包装済みの食肉のみの販売）","卸売・小売業","熊本県熊本市中央区を含む熊本市内一円","",32.800537,130.706944,"09043441407","株式会社ＫＯＹＡ","5290801025864","福岡県田川市伊田町５番１０号","","","","","","","届出","",""
"043100","fBiz00004779270000000006","熊本県","熊本市中央区","株式会社ＫＯＹＡ","カブシキガイシャコウヤ","⑬ その他の食料・飲料販売業","卸売・小売業","熊本県熊本市中央区を含む熊本市内一円","",32.800537,130.706944,"09043441407","株式会社ＫＯＹＡ","5290801025864","福岡県田川市伊田町５番１０号","","","","","","","届出","",""
"043100","fBiz00004783560000000001","熊本県","熊本市中央区","くまモンスクエア","クマモンスクエア","① 飲食店営業","観光施設","熊本県熊本市中央区手取本町8-2","テトリアくまもとビル１階",32.801812,130.712455,"0963279066","","","","指令（食保）第51397号",2024/05/21,2024/05/21,2024/06/01,2030/05/31,"","許可","飲食店営業",""
"043100","fBiz00004895170000000001","熊本県","熊本市中央区","株式会社くまもと新星","カブシキカイシャクマモトシンセイ","① 魚介類販売業（包装済みの魚介類のみの販売）","","熊本県熊本市西区八島町728番地32","",32.780088,130.677484,"096-323-2382","株式会社くまもと新星","1330001020186","熊本県熊本市西区八島町７２８番地３２","","","","","","","届出","",""
"043100","fBiz00004970700000000001","熊本県","熊本市中央区","レイヴン","レイヴン","① 飲食店営業","","熊本県熊本市中央区下通1丁目11番8号","SOUWAビル5階Ｃ号室 ",32.800149,130.707677,"","","","","指令（食保）第51476",2024/06/25,2024/06/25,2024/06/25,2030/08/31,"","許可","",""
"043100","fBiz00005060780000000001","熊本県","熊本市中央区","","","⑪ 菓子製造業","パン店","","","","","","","","","指令（食保）第51551号",2024/08/05,2024/08/05,2024/09/01,2029/08/31,"","許可","",""
"043100","fBiz00005853360000000245","熊本県","熊本市中央区","熊本東野営業所","クマモトヒガシノエイギョウショ","㉖ 集団給食施設","集団給食施設(デイサービス)","熊本県熊本市東区東野１－１６－１６","",32.775475,130.768125,"096-365-3126","株式会社ツクイ","1020001136162","神奈川県横浜市港南区上大岡西1丁目6番1号","","","","","","","届出","",""
"043100","fBiz00005060860000000001","熊本県","熊本市中央区","レゾンデートル熊本水道町店","レゾンデートルクマモトスイドウチョウテン","⑪ 菓子製造業","","熊本県熊本市中央区水道町8-1","よはねくビル１０２号",32.802720,130.713500,"","ジーピーエム株式会社","7140001059239","兵庫県姫路市千代田町731番地の1","指令（食保）第５０４２１号",2023/02/01,2023/02/01,2023/02/01,2029/02/01,"","許可","",""
"043100","fBiz00005096340000000008","熊本県","熊本市中央区","","","⑬ その他の食料・飲料販売業","","","","","","","","","","","","","","","","届出","",""
"043100","fBiz00005123550000000001","熊本県","熊本市中央区","","","㉙ その他","","","","","","","","","","","","","","","","届出","",""
"043100","fBiz00005129410000000001","熊本県","熊本市中央区","熊本ミート販売株式会社","クマモトミートハンバイカブシキカイシャ","③ 食肉販売業","食肉加工工場","熊本県熊本市南区城南町下宮地中野町1134番地1、1135番地4","",32.702511,130.732331,"0964539834","熊本ミート販売株式会社","5330001020942","熊本県熊本市南区城南町下宮地９０６番地１","指令（食保）第51603号",2024/09/20,2024/09/20,2024/09/20,2030/11/30,"","許可","",""
"043100","fBiz00005134710000000004","熊本県","熊本市中央区","株式会社丸平青果","カブシキガイシャマルヒラセイカ","⑦ 野菜果物販売業","","熊本県熊本市西区田崎町484","大同青果B棟2F10号",32.781860,130.676946,"0968824508","株式会社丸平青果","4330001020357","熊本県玉名市天水町小天8065-2","","","","","","","届出","",""
"043100","fBiz00005151690000000001","熊本県","熊本市中央区","ごちそう3","ゴチソウサン","⑥ 弁当販売業","","熊本県熊本市東区錦ケ丘5-3","",32.789968,130.753729,"09054873430","松田啓吾","","熊本県熊本市東区錦ケ丘5-3","","","","","","","届出","",""
"043100","fBiz00005190110000000638","熊本県","熊本市中央区","","","⑫ 自動販売機による販売業（コップ式自動販売機（自動洗浄・屋内設置）及び営業許可の対象となる自動販売機を除く）","","","","","","","","","","","","","","","","届出","",""
"043100","fBiz00005190850000000001","熊本県","熊本市中央区","","","⑯ コーヒー製造・加工業（飲料の製造を除く。）","","","","","","","","","","","","","","","","届出","",""
"043100","fBiz00005219070000000001","熊本県","熊本市中央区","THE KITCHEN 168","ザ　キッチン　イロハ","① 飲食店営業","多国籍軽食飲食店","熊本県熊本市中央区安政町2-15","河野ビル1階",32.801442,130.711321,"08045855858","CYM Trading合同会社","8330003010154","熊本県熊本市中央区下通1丁目3-8下通NSビル6F","指令（食保）第51634号",2024/09/24,2024/09/24,2024/09/24,2030/11/30,"","許可","",""
"043100","fBiz00005281370000000006","熊本県","熊本市中央区","CFS 熊本地方合同庁舎B棟食堂・売店","シーエフエスクマモトゴウドウチョウシャビートウ　ショクドウ　バイテン","① 飲食店営業","","熊本県熊本市西区春日二丁目１0番１号","熊本地方合同庁舎B棟",32.786229,130.688520,"","株式会社ハートフルダイニング","6020001156569","神奈川県横浜市西区みなとみらい二丁目２番１号ランドマークタワー１２階","指令（食保）第50634号",2023/05/25,2023/05/25,2023/05/25,2030/05/31,"","許可","",""
"043100","fBiz00005281370000000014","熊本県","熊本市中央区","CFS 熊本地方合同庁舎B棟食堂・売店","シーエフエスクマモトゴウドウチョウシャビートウ　ショクドウ　バイテン","⑩ コンビニエンスストア","","熊本県熊本市西区春日二丁目１0番１号","熊本地方合同庁舎B棟",32.786229,130.688520,"","株式会社ハートフルダイニング","6020001156569","神奈川県横浜市西区みなとみらい二丁目２番１号ランドマークタワー１２階","","","","","","","届出","",""
"043100","fBiz00005311210000000048","熊本県","熊本市中央区","","","⑬ その他の食料・飲料販売業","","","","","","","","","","","","","","","","届出","",""
"043100","fBiz00005312300000000002","熊本県","熊本市中央区","コナズ珈琲熊本","コナズコーヒークマモト","① 飲食店営業","カフェ","熊本県熊本市東区健軍本町26-7","",32.788148,130.758669,"096-360-5250","株式会社ＫＯＮＡ’Ｓ","5140001115729","東京都渋谷区道玄坂１丁目２１番１号","指令（食保）第52188号",2025/08/15,2025/08/15,2025/08/15,2032/08/31,"","許可","",""
"043100","fBiz00005333260000000005","熊本県","熊本市中央区","破壊神が作るDRAGON coffee","ハカイシンガツクルドラゴンコーヒー","⑯ コーヒー製造・加工業（飲料の製造を除く。）","","熊本県熊本市中央区新大江2丁目11-16","プレアール新大江401",32.799426,130.732317,"09095807726","千原竜介","","熊本県熊本市中央区新大江2丁目11-16","","","","","","","届出","",""
"043100","fBiz00005343960000000137","熊本県","熊本市中央区","ココス熊本小峯店","ココスクマモトオミネテン","① 飲食店営業","ファミリーレストラン","熊本県熊本市東区小峯2丁目2番103号","",32.802704,130.777634,"050-3547-1078","株式会社ココスジャパン","9010401054189","東京都港区港南２丁目１８番１号","指令(食保)第50418号",2023/02/13,2023/02/13,2023/03/01,2029/02/28,"","許可","無",""
"043100","fBiz00005343960000000137","熊本県","熊本市中央区","ココス熊本小峯店","ココスクマモトオミネテン","⑬ その他の食料・飲料販売業","","熊本県熊本市東区小峯2丁目2番103号","",32.802704,130.777634,"050-3547-1078","株式会社ココスジャパン","9010401054189","東京都港区港南２丁目１８番１号","","","","","","","届出","",""
"043100","fBiz00005343960000000138","熊本県","熊本市中央区","ココス熊本上代店","ココスクマモトカミダイテン","① 飲食店営業","ファミリーレストラン","熊本県熊本市西区上代2-2-7","",32.780932,130.673424,"050-3389-1386","株式会社ココスジャパン","9010401054189","東京都港区港南２丁目１８番１号","指令（食保）第50334号",2022/11/15,2022/11/15,2022/12/01,2028/11/30,"","許可","",""
"043100","fBiz00005343960000000138","熊本県","熊本市中央区","ココス熊本上代店","ココスクマモトカミダイテン","⑬ その他の食料・飲料販売業","","熊本県熊本市西区上代2-2-7","",32.780932,130.673424,"050-3389-1386","株式会社ココスジャパン","9010401054189","東京都港区港南２丁目１８番１号","","","","","","","届出","",""
"043100","fBiz00005362000000000001","熊本県","熊本市中央区","Member's Rire","メンバーズ　リル","① 飲食店営業","スナック","熊本県熊本市中央区下通一丁目１１番２１号","LOFTY西銀座館３階-C",32.800023,130.707188,"","森山正紹","","","指令（食保）第51678号",2024/11/05,2024/11/05,2024/11/05,2030/11/30,"","許可","",""
"043100","fBiz00005370720000000001","熊本県","熊本市中央区","きなこーや","キナコーヤ","① 飲食店営業","菓子製造業・飲食店営業","熊本県熊本市中央区新屋敷２丁目27-14","",32.807452,130.723560,"096-223-5305","株式会社みはら","5330001020595","熊本県熊本市中央区新屋敷２丁目２７番１４号","指令（食保）第51730",2024/11/19,2024/11/19,2024/12/01,2030/11/30,"","許可","",""
"043100","fBiz00005370720000000001","熊本県","熊本市中央区","きなこーや","キナコーヤ","⑪ 菓子製造業","菓子製造業・飲食店営業","熊本県熊本市中央区新屋敷２丁目27-14","",32.807452,130.723560,"096-223-5305","株式会社みはら","5330001020595","熊本県熊本市中央区新屋敷２丁目２７番１４号","指令（食保）第51731",2024/11/19,2024/11/19,2024/12/01,2030/11/30,"","許可","",""
"043100","fBiz00005376990000000003","熊本県","熊本市中央区","夢屋","ユメヤ","⑯ コーヒー製造・加工業（飲料の製造を除く。）","通信販売","熊本県熊本市北区植木町上古閑78-3","",32.881311,130.662051,"0962778895","森山裕衣","","熊本県熊本市北区植木町上古閑78-3","","","","","","","届出","",""
"043100","fBiz00005381980000000006","熊本県","熊本市中央区","鉄板＆串カツ肥後ホルモン","テッパンアンドクシカツヒゴホルモン","① 飲食店営業","居酒屋","熊本県熊本市中央区桜町3番10号","サクラマチクマモト地下",32.800526,130.703635,"0963748353","株式会社三協ダイニング","6330001025602","熊本県熊本市西区田崎町４３０番地１１","指令（食保）第51905号",2025/03/12,2025/03/12,2025/03/12,2031/05/31,"","許可","",""
"043100","fBiz00005404790000000001","熊本県","熊本市中央区","馬刺・馬焼肉　らむ","バサシ・ウマヤキニク　ラム","① 飲食店営業","","熊本県熊本市中央区花畑町13-23","花畑ビル1階",32.800456,130.706330,"096-322-9500","株式会社Y・T・C企画","6330001007229","熊本県熊本市中央区新屋敷３丁目１４番５号","指令（食保）第51783号",2024/11/28,2024/11/28,2024/12/01,2030/11/30,"","許可","",""
"043100","fBiz00005409940000000001","熊本県","熊本市中央区","","","⑧ 米穀類販売業","","","","","","","","","","","","","","","","届出","",""
"043100","fBiz00005486460000000002","熊本県","熊本市中央区","","","㉔ その他の食料品製造・加工業","","","","","","","","","","","","","","","","届出","",""
"043100","fBiz00005512850000000001","熊本県","熊本市中央区","熊本市立金峰山自然の家","クマモトシリツキンボウザンシゼンノイエ","① 飲食店営業","宿泊施設レストラン","熊本県熊本市西区池上町3071-5","",32.808794,130.649417,"","株式会社R.project","7011101043649","千葉県安房郡鋸南町大六1032","指令（食保）第51825号",2025/03/14,2025/03/14,2025/03/14,2032/05/31,"","許可","",""
"043100","fBiz00005512850000000001","熊本県","熊本市中央区","熊本市立金峰山自然の家","クマモトシリツキンボウザンシゼンノイエ","⑬ その他の食料・飲料販売業","宿泊施設レストラン","熊本県熊本市西区池上町3071-5","",32.808794,130.649417,"","株式会社R.project","7011101043649","千葉県安房郡鋸南町大六1032","","","","","","","届出","",""
"043100","fBiz00005566430000000002","熊本県","熊本市中央区","飛鳥名酒販売近見店","アスカメイシュハンバイチカミテン","⑯ コーヒー製造・加工業（飲料の製造を除く。）","","熊本県熊本市南区近見9-9-85","",32.761207,130.697856,"0963700160","","","","","","","","","","届出","",""
"043100","fBiz00005566430000000004","熊本県","熊本市中央区","飛鳥名酒販売近見店","アスカメイシュハンバイチカミテン","⑯ コーヒー製造・加工業（飲料の製造を除く。）","","熊本県熊本市南区近見9-9-85","",32.761207,130.697856,"0963700160","","","","","","","","","","届出","",""
"043100","fBiz00005580240000000001","熊本県","熊本市中央区","","","① 魚介類販売業（包装済みの魚介類のみの販売）","","","","","","","","","","","","","","","","届出","",""
"043100","fBiz00005605490000000020","熊本県","熊本市中央区","","","⑬ その他の食料・飲料販売業","","","","","","","","","","","","","","","","届出","",""
"043100","fBiz00005629580000000001","熊本県","熊本市中央区","","","① 飲食店営業","めん類食堂","","","","","","","","","指令（食保）第51879号",2025/02/21,2025/02/21,2025/02/21,2031/02/28,"","許可","",""
"043100","fBiz00005729390000000001","熊本県","熊本市中央区","熊本ロジスティック株式会社","クマモトロジスティックカブシキガイシャ","① 魚介類販売業（包装済みの魚介類のみの販売）","","熊本県熊本市南区城南町舞原778-22","",32.710001,130.757013,"0964-28-5293","熊本ロジスティック株式会社","3330001012875","熊本県熊本市南区城南町舞原７７８番地２２","","","","","","","届出","",""
"043100","fBiz00005729390000000001","熊本県","熊本市中央区","熊本ロジスティック株式会社","クマモトロジスティックカブシキガイシャ","② 食肉販売業（包装済みの食肉のみの販売）","","熊本県熊本市南区城南町舞原778-22","",32.710001,130.757013,"0964-28-5293","熊本ロジスティック株式会社","3330001012875","熊本県熊本市南区城南町舞原７７８番地２２","","","","","","","届出","",""
"043100","fBiz00005729390000000001","熊本県","熊本市中央区","熊本ロジスティック株式会社","クマモトロジスティックカブシキガイシャ","⑦ 野菜果物販売業","","熊本県熊本市南区城南町舞原778-22","",32.710001,130.757013,"0964-28-5293","熊本ロジスティック株式会社","3330001012875","熊本県熊本市南区城南町舞原７７８番地２２","","","","","","","届出","",""
"043100","fBiz00005729390000000001","熊本県","熊本市中央区","熊本ロジスティック株式会社","クマモトロジスティックカブシキガイシャ","⑧ 米穀類販売業","","熊本県熊本市南区城南町舞原778-22","",32.710001,130.757013,"0964-28-5293","熊本ロジスティック株式会社","3330001012875","熊本県熊本市南区城南町舞原７７８番地２２","","","","","","","届出","",""
"043100","fBiz00005755460000000007","熊本県","熊本市中央区","ブロッサムわかば","ブロッサムワカバ","㉖ 集団給食施設","介護施設厨房","熊本県熊本市東区若葉１丁目33-16","",32.776388,130.761246,"096-237-9977","株式会社ヒューマンケアブロッサムズ","1330001006219","熊本県熊本市東区若葉１丁目３３番１６号","","","","","","","届出","",""
"043100","fBiz00005755460000000008","熊本県","熊本市中央区","ブロッサムはません","ブロッサムハマセン","㉖ 集団給食施設","介護施設厨房","熊本県熊本市南区田迎4丁目9-16","",32.776886,130.715098,"096-285-6380","株式会社ヒューマンケアブロッサムズ","1330001006219","熊本県熊本市東区若葉１丁目３３番１６号","","","","","","","届出","",""
"043100","fBiz00005763850000000001","熊本県","熊本市中央区","","","⑯ コーヒー製造・加工業（飲料の製造を除く。）","コーヒー豆製造","","","","","","","","","","","","","","","届出","",""
"043100","fBiz00005770610000000001","熊本県","熊本市中央区","PINPOIT COFFEE","ピンポイント　コーヒー","⑯ コーヒー製造・加工業（飲料の製造を除く。）","","熊本県熊本市南区城南町下宮地612","",32.704528,130.731766,"08091047889","西山幹哉","","熊本県熊本市南区城南町下宮地612","","","","","","","届出","",""
"043100","fBiz00005778770000000006","熊本県","熊本市中央区","Hakata//yamadaya熊本店","ハカタヤマダヤクマモトテン","⑬ その他の食料・飲料販売業","","熊本県熊本市中央区坪井2丁目4-26","藤崎ビル101",32.808886,130.714652,"","","","","","","","","","","届出","",""
"043100","fBiz00005820290000000001","熊本県","熊本市中央区","居酒屋千酔","イザカヤセンスイ","⑬ その他の食料・飲料販売業","居酒屋","熊本県熊本市西区春日2-13-1","",32.786004,130.686769,"0962402840","井塚玲","","熊本県熊本市西区春日2丁目13-1","","","","","","","届出","",""
"043100","fBiz00005821680000000001","熊本県","熊本市中央区","マルショク江津店","マルショクエヅテン","⑦ 野菜果物販売業","","熊本県熊本市東区江津4-4-1","",32.773357,130.735178,"","株式会社藤本物産","7330001004084","熊本県熊本市西区田崎町４１４番地の１２","","","","","","","届出","",""
"043100","fBiz00005822050000000001","熊本県","熊本市中央区","マルショク保田窪店","マルショクホタクボテン","⑦ 野菜果物販売業","","熊本県熊本市中央区保田窪1-2-51","",32.804192,130.742075,"","株式会社藤本物産","7330001004084","熊本県熊本市西区田崎町４１４番地の１２","","","","","","","届出","",""
"043100","fBiz00005822280000000001","熊本県","熊本市中央区","リブホール白藤店","リブホールシラフジテン","⑦ 野菜果物販売業","","熊本県熊本市南区白藤3-290-2","",32.749699,130.677997,"","株式会社藤本物産","7330001004084","熊本県熊本市西区田崎町４１４番地の１２","","","","","","","届出","",""
"043100","fBiz00005853360000000246","熊本県","熊本市中央区","熊本長嶺営業所","クマモトナガミネエイギョウショ","㉖ 集団給食施設","集団給食施設(デイサービス)","熊本県熊本市東区長嶺南３－１－１２０","",32.812647,130.769182,"096-386-5535","株式会社ツクイ","1020001136162","神奈川県横浜市港南区上大岡西1丁目6番1号","","","","","","","届出","",""
"043100","fBiz00005853360000000247","熊本県","熊本市中央区","熊本下南部営業所","クマモトシモナベエイギョウショ","㉖ 集団給食施設","集団給食施設(デイサービス)","熊本県熊本市東区下南部１－３－１２５","",32.820431,130.752164,"096-386-8355","株式会社ツクイ","1020001136162","神奈川県横浜市港南区上大岡西1丁目6番1号","","","","","","","届出","",""
"043100","fBiz00005853360000000331","熊本県","熊本市中央区","熊本田井島営業所","クマモトタイノシマエイギョウショ","㉖ 集団給食施設","集団給食施設(デイサービス)","熊本県熊本市南区田井島２－１－６","",32.765895,130.718863,"096-377-5775","株式会社ツクイ","1020001136162","神奈川県横浜市港南区上大岡西1丁目6番1号","","","","","","","届出","",""
"043100","fBiz00005853360000000546","熊本県","熊本市中央区","熊本坪井営業所","クマモトツボイエイギョウショ","㉖ 集団給食施設","集団給食施設(デイサービス)","熊本県熊本市中央区坪井６丁目３３－２０","",32.820838,130.719466,"096-341-5102","株式会社ツクイ","1020001136162","神奈川県横浜市港南区上大岡西1丁目6番1号","","","","","","","届出","",""
"043100","fBiz00005878880000000002","熊本県","熊本市中央区","高齢者対応賃貸住宅野中の家","コウレイシャタイオウチンタイジュウタクノナカノイエ","㉖ 集団給食施設","飲食店","熊本県熊本市西区野中1-6-22","",32.776075,130.680833,"096-223-6060","株式会社ケアライフしもかわ","2330001032692","熊本県熊本市中央区九品寺３丁目１６番６１号","","","","","","","届出","",""
"043100","fBiz00005923270000000002","熊本県","熊本市中央区","Sat Shop熊本託麻台リハビリテーション病院店","サットショップクマモトタクマダイリハビリテーションビョウインテン","⑩ コンビニエンスストア","売店","熊本県熊本市中央区帯山8-2-1","",32.805385,130.759899,"","小山メディカルサービス株式会社","9150001018324","大阪府大阪市中央区谷町９丁目１番１８号","","","","","","","届出","",""
"043100","fBiz00005923270000000003","熊本県","熊本市中央区","Sat Shop杉村病院店","サットショップスギムラビョウインテン","⑩ コンビニエンスストア","売店","熊本県熊本市中央区本荘3丁目7-18","",32.794551,130.708687,"","小山メディカルサービス株式会社","9150001018324","大阪府大阪市中央区谷町９丁目１番１８号","","","","","","","届出","",""
"043100","fBiz00005931510000000005","熊本県","熊本市中央区","ほたる薬局","ホタルヤッキョク","③ 乳類販売業","","熊本県熊本市北区鶴羽田一丁目１４番５号","",32.855191,130.725728,"","株式会社なの花九州","3290001036375","福岡県糟屋郡新宮町緑ケ浜４丁目１７番２２号","","","","","","","届出","",""
"043100","fBiz00005938020000000002","熊本県","熊本市中央区","熊本県民総合運動公園","クマモトケンミンソウゴウウンドウコウエン","⑬ その他の食料・飲料販売業","公共施設受付内での手売り販売","熊本県熊本市東区石原2丁目9番1号","",32.842547,130.784220,"096-380-0782","一般財団法人熊本県スポーツ振興事業団","3330005000174","熊本県熊本市東区平山町２７７６番地","","","","","","","届出","",""
"043100","fBiz00005996190000000003","熊本県","熊本市中央区","天然温泉　肥後の湯　御宿　野乃熊本","テンネンオンセン　ヒゴノユ　オンヤド　ノノクマモト","① 飲食店営業","","熊本県熊本市中央区下通2丁目2番20号","",32.798861,130.708513,"096-274-5489","株式会社共立メンテナンス","1010001014427","東京都千代田区外神田２丁目１８番８号","指令（食保）第52185号",2025/08/08,2025/08/08,2025/08/08,2032/08/31,"","許可","",""
"043100","fBiz00005997800000000001","熊本県","熊本市中央区","","","⑰ 農産保存食料品製造・加工業","","","","","","","","","","","","","","","","届出","",""
"043100","fBiz00005999030000000001","熊本県","熊本市中央区","","","⑬ その他の食料・飲料販売業","","","","","","","","","","","","","","","","届出","",""
"043100","fBiz00006048980000000002","熊本県","熊本市中央区","わんわんランド　アグリ","ワンワンランド　アグリ","① 飲食店営業","ペットサロン＆カフェ","熊本県熊本市南区平田1-9-3","",32.773795,130.692983,"0963553001","","","","指令（食保）第52190号",2025/08/15,2025/08/15,2025/09/01,2031/08/31,"","許可","",""
"043100","fBiz00006051390000000002","熊本県","熊本市中央区","MOSA mosa","モサモサ","⑯ コーヒー製造・加工業（飲料の製造を除く。）","","","","","","","上野美穂","","","","","","","","","届出","",""
"043100","fBiz00006060190000000001","熊本県","熊本市中央区","フィットイージー熊本保田窪","フィットージークマモトホタクボ","⑫ 自動販売機による販売業（コップ式自動販売機（自動洗浄・屋内設置）及び営業許可の対象となる自動販売機を除く）","","熊本県熊本市東区保田窪2丁目１ー２６","",32.807327,130.744928,"","プラスワンスポーツ株式会社","7350001013232","宮崎県小林市細野３３４番地","","","","","","","届出","",""
"043100","fBiz00006069260000000001","熊本県","熊本市中央区","MACHO MACHO","マチョ　マチョ","① 飲食店営業","マッスルバー","熊本県熊本市中央区下通２丁目１番２２号","TM１２ビル３階G号室",32.799323,130.708523,"","","","","指令（食保）第52187号",2025/08/12,2025/08/12,2025/08/12,2031/08/31,"","許可","",""
"043100","fBiz00006167790000000001","熊本県","熊本市中央区","快活CLUB熊本新市街店","カイカツクラブクマモトシンシガイテン","① 飲食店営業","","熊本県熊本市中央区新市街4-9","新市街プレイスビル　３F・４F",32.799171,130.706381,"096-288-0101","株式会社快活フロンティア","4020001037424","神奈川県横浜市都筑区北山田３丁目１番５０号","指令（食保）第52252号",2025/10/27,2025/10/27,2025/10/27,2031/11/30,"","許可","",""
"043100","fBiz00006201660000000001","熊本県","熊本市中央区","快活CLUB熊本銀座通り店","カイカツクラブクマモトギンザドオリテン","① 飲食店営業","","熊本県熊本市中央区下通1-7-18　2F","",32.801059,130.707999,"","株式会社快活フロンティア","4020001037424","神奈川県横浜市都筑区北山田３丁目１番５０号","指令（食保）第52279号",2025/10/14,2025/10/14,2025/12/01,2031/11/30,"","許可","",""
"043100","fBiz00006202880000000032","熊本県","熊本市中央区","𠮷野家　浜線八王寺店","ヨシノヤ　ハマセンハチオウジテン","① 飲食店営業","","熊本県熊本市中央区八王寺町31-13","",32.780658,130.714775,"096-373-2148","株式会社西日本吉野家","7011501019199","東京都中央区日本橋箱崎町３６番２号","指令（食保）第50464号",2023/02/28,2023/02/28,2023/03/01,2029/02/28,"","許可","",""
"043100","fBiz00006233130000000002","熊本県","熊本市中央区","","","⑬ その他の食料・飲料販売業","","","","","","","","","","","","","","","","届出","",""
"043100","fBiz00006233130000000003","熊本県","熊本市中央区","","","⑬ その他の食料・飲料販売業","","","","","","","","","","","","","","","","届出","",""
"043100","fBiz00006238410000000021","熊本県","熊本市中央区","","","⑬ その他の食料・飲料販売業","","","","","","","","","","","","","","","","届出","",""
"043100","fBiz00006272550000000001","熊本県","熊本市中央区","あまくも珈琲","アマクモコーヒー","⑯ コーヒー製造・加工業（飲料の製造を除く。）","","熊本県熊本市中央区本山町203-3","アーバニスト本山505",32.783061,130.702176,"","岩﨑郁","","","","","","","","","届出","",""
